0,1,2,3,4,5,6,7,8,9
24.03.21 09:16:59,3.45,3.45,0.05,0.05,50,0,1.75,0.00,0.00
24.03.21 09:26:59,1.20,1.20,1.20,1.20,25,0,1.56,1.00,0.00
24.03.21 09:32:59,4.00,4.00,4.00,4.00,25,75,2.17,1.25,0.00
24.03.21 09:58:59,4.90,4.90,4.90,4.90,25,0,2.72,4.10,4.90
24.03.21 10:03:59,4.90,4.90,4.90,4.90,100,0,3.68,4.30,0.00
24.03.21 10:16:59,6.10,6.10,6.10,6.10,75,0,4.29,5.00,0.00
24.03.21 13:26:59,14.00,14.00,14.00,14.00,100,0,6.53,8.00,14.00
24.03.21 14:01:59,12.50,12.50,12.50,12.50,25,0,6.88,8.55,12.50
24.03.21 14:06:59,8.60,8.60,8.60,8.60,25,0,6.97,8.60,12.00
24.03.21 14:18:59,11.90,11.90,11.90,11.90,75,250,7.68,11.90,12.00
24.03.21 14:19:59,11.90,11.90,11.90,11.90,25,0,7.87,10.00,12.00
24.03.21 14:30:59,12.00,12.00,12.00,12.00,25,0,8.05,10.00,14.50
24.03.21 14:39:59,10.00,10.00,10.00,10.00,100,0,8.34,10.00,14.45
24.03.21 14:49:59,14.00,14.00,14.00,14.00,25,0,8.54,10.00,14.50
24.03.21 14:51:59,14.50,14.50,14.50,14.50,100,275,9.28,14.50,15.85
24.03.21 14:53:59,14.50,14.50,14.50,14.50,100,500,9.86,14.50,15.85
24.03.21 14:54:59,14.50,14.50,14.50,14.50,25,0,9.99,12.00,14.50
24.03.21 15:03:59,14.50,14.50,14.50,14.50,25,0,10.11,14.50,22.45
24.03.21 15:04:59,22.50,22.50,22.50,22.50,75,550,10.86,15.00,22.45
24.03.21 15:09:59,15.00,15.00,15.00,15.00,25,0,10.96,14.50,18.40
24.03.21 15:12:59,14.50,14.50,14.50,14.50,25,0,11.04,14.50,18.40
24.03.21 15:14:59,14.50,14.50,14.50,14.50,100,0,11.34,13.20,18.45
24.03.21 15:18:59,15.00,15.00,15.00,15.00,50,725,11.48,13.75,15.00
24.03.21 15:20:59,15.00,29.30,15.00,15.00,1225,775,13.93,15.00,28.45
24.03.21 15:21:59,23.95,23.95,23.95,23.95,125,775,14.50,13.20,24.95
24.03.21 15:26:59,14.00,14.00,14.00,14.00,100,1675,14.59,13.20,18.80
24.03.21 15:28:59,14.00,14.00,14.00,14.00,175,1850,14.58,13.75,16.40
24.03.21 15:30:00,18.95,18.95,18.95,18.95,250,1850,14.72,13.75,16.00
25.03.21 09:16:59,16.50,16.50,16.00,16.00,100,2000,16.30,15.00,16.20
25.03.21 09:18:59,16.20,16.20,16.20,16.20,25,2100,16.28,15.00,16.00
25.03.21 09:20:59,16.00,16.00,15.00,16.00,75,2100,16.05,12.35,15.00
25.03.21 09:21:59,15.00,15.00,15.00,15.00,175,2225,15.68,12.70,15.95
25.03.21 09:23:59,15.90,15.90,15.90,15.90,75,2375,15.71,12.85,15.90
25.03.21 09:27:59,15.95,15.95,15.95,15.95,275,2450,15.80,14.05,17.00
25.03.21 09:29:59,18.95,19.95,18.95,18.95,125,2450,16.22,16.35,18.95
25.03.21 09:31:59,17.00,17.00,17.00,17.00,75,2650,16.26,15.05,16.95
25.03.21 09:33:59,15.00,15.00,15.00,15.00,150,2775,16.09,14.50,15.00
25.03.21 09:34:59,18.95,18.95,14.00,18.95,1475,2775,16.00,13.75,16.85
25.03.21 09:37:59,13.50,13.50,13.50,13.50,550,3375,15.66,12.80,15.75
25.03.21 09:38:59,13.00,13.00,9.20,13.00,1275,3375,14.49,13.00,14.60
25.03.21 09:40:59,14.60,14.60,14.60,14.60,25,4125,14.49,13.55,15.70
25.03.21 09:41:59,12.00,12.00,12.00,12.00,925,4125,14.36,12.20,13.50
25.03.21 09:43:59,12.10,12.10,12.10,12.10,100,3900,14.32,12.15,13.50
25.03.21 09:46:59,15.65,15.65,15.65,15.65,50,0,14.33,13.55,15.45
25.03.21 09:48:59,15.45,15.45,15.45,15.45,25,0,14.33,13.65,15.00
25.03.21 09:49:59,15.50,15.50,15.50,15.50,125,4700,14.35,13.55,15.45
25.03.21 09:51:59,16.90,16.90,16.90,16.90,375,4750,14.45,12.25,14.00
25.03.21 09:53:59,11.30,11.30,11.30,11.30,1000,5050,14.23,11.45,13.00
25.03.21 09:54:59,12.50,12.50,12.50,12.50,25,0,14.22,13.90,15.45
25.03.21 09:56:59,15.45,15.45,15.45,15.45,525,4900,14.28,12.65,14.00
25.03.21 09:57:59,15.45,15.45,15.45,15.45,150,4900,14.28,11.95,15.45
25.03.21 10:00:59,14.00,14.00,14.00,14.00,125,5550,14.29,14.00,15.30
25.03.21 10:01:59,12.55,12.55,12.55,12.55,75,5550,14.28,12.60,14.15
25.03.21 10:03:59,14.85,14.85,14.85,14.85,475,5600,14.25,13.05,14.85
25.03.21 10:04:59,14.85,14.85,14.85,14.85,125,5600,14.25,12.65,13.00
25.03.21 10:05:59,12.80,12.80,12.80,12.80,75,0,14.24,13.15,14.45
25.03.21 10:07:59,13.45,13.45,13.45,13.45,525,5975,14.24,13.05,14.35
25.03.21 10:09:59,12.55,12.55,12.55,12.55,225,6075,14.21,12.60,14.50
25.03.21 10:10:59,12.75,12.75,12.75,12.75,50,0,14.20,12.75,14.15
25.03.21 10:19:59,12.75,12.75,12.75,12.75,525,6425,14.13,12.05,12.80
25.03.21 10:21:59,14.35,14.35,14.35,14.35,50,0,14.13,12.70,13.95
25.03.21 10:22:59,12.25,12.25,12.25,12.25,150,6925,14.11,12.75,13.45
25.03.21 10:25:59,13.20,13.20,13.20,13.20,25,6925,14.11,12.80,13.10
25.03.21 10:27:59,13.15,13.15,13.15,13.15,25,6925,14.11,13.50,13.55
25.03.21 10:28:59,13.50,13.50,13.50,13.50,75,6925,14.10,12.80,13.55
25.03.21 10:31:59,14.05,14.05,14.05,14.05,75,7000,14.10,12.80,13.15
25.03.21 10:33:59,13.65,13.65,13.65,13.65,50,0,14.09,12.80,13.65
25.03.21 10:39:59,13.55,13.55,13.55,13.55,25,7025,14.09,12.80,13.45
25.03.21 10:45:59,13.70,13.70,13.70,13.70,25,7025,14.09,13.05,13.60
25.03.21 10:46:59,13.70,13.70,13.70,13.70,25,0,14.09,13.05,13.50
25.03.21 10:47:59,13.05,13.05,13.05,13.05,25,7025,14.09,13.05,13.80
25.03.21 10:49:59,13.60,13.60,13.60,13.60,50,7025,14.08,13.00,13.45
25.03.21 10:50:59,13.60,13.70,13.60,13.70,175,7025,14.07,13.05,13.55
25.03.21 10:51:59,13.65,13.65,13.05,13.05,100,7175,14.07,13.05,13.50
25.03.21 10:53:59,13.05,13.05,13.05,13.05,225,7175,14.05,12.75,13.00
25.03.21 10:54:59,13.00,13.00,13.00,13.00,125,7325,14.04,13.00,13.70
25.03.21 10:56:59,13.00,13.00,13.00,13.00,200,7325,14.02,11.05,13.50
25.03.21 11:01:59,13.95,13.95,13.95,13.95,25,7450,14.02,13.00,13.95
25.03.21 11:03:59,13.95,13.95,13.95,13.95,25,0,14.02,13.05,13.95
25.03.21 11:06:59,13.50,14.45,13.50,14.45,200,7500,14.02,13.90,14.80
25.03.21 11:07:59,14.80,14.80,14.80,14.80,150,7500,14.03,13.15,14.70
25.03.21 11:08:59,14.70,14.70,14.70,14.70,25,0,14.03,13.35,14.50
25.03.21 11:13:59,14.80,14.80,14.80,14.80,25,7350,14.03,13.95,14.80
25.03.21 11:14:59,14.95,14.95,14.95,14.95,50,0,14.04,13.10,14.75
25.03.21 11:16:59,14.95,14.95,14.95,14.95,25,7275,14.04,13.80,14.95
25.03.21 11:17:59,14.90,14.90,14.90,14.90,50,7275,14.04,13.80,14.85
25.03.21 11:19:59,13.00,13.00,13.00,13.00,225,7275,14.02,13.25,14.35
25.03.21 11:20:59,14.00,14.00,14.00,14.00,25,7275,14.02,12.85,14.20
25.03.21 11:22:59,13.05,13.05,13.05,13.05,150,0,14.01,12.30,13.50
25.03.21 11:23:59,12.30,13.35,12.30,13.35,100,7200,14.00,12.50,13.70
25.03.21 11:26:59,13.70,13.70,13.45,13.45,100,7325,14.00,14.00,14.75
25.03.21 11:27:59,14.65,14.65,13.95,13.95,225,7350,14.00,13.50,13.95
25.03.21 11:28:59,14.00,14.00,14.00,14.00,100,7350,14.00,13.60,14.00
25.03.21 11:30:59,13.95,13.95,13.95,13.95,25,7300,14.00,13.25,13.90
25.03.21 11:31:59,12.30,12.30,12.30,12.30,250,0,13.98,13.25,13.85
25.03.21 11:35:59,13.60,13.60,13.60,13.60,75,7300,13.98,12.70,13.50
25.03.21 11:36:59,13.00,13.00,13.00,13.00,150,7300,13.97,12.40,13.00
25.03.21 11:37:59,13.00,13.15,12.65,13.15,275,7300,13.95,12.85,13.70
25.03.21 11:38:59,13.50,13.50,13.50,13.50,75,7300,13.95,12.80,13.80
25.03.21 11:39:59,13.80,13.80,13.80,13.80,75,7300,13.94,12.95,13.90
25.03.21 11:40:59,13.95,13.95,13.95,13.95,125,6900,13.94,13.05,14.70
25.03.21 11:42:59,14.50,14.50,14.50,14.50,150,6650,13.95,14.05,14.50
25.03.21 11:43:59,14.45,14.45,14.45,14.45,50,6650,13.95,14.00,14.45
25.03.21 11:44:59,14.00,14.00,14.00,14.00,225,6650,13.95,14.00,14.40
25.03.21 11:45:59,14.45,14.45,14.45,14.45,25,6525,13.95,14.05,14.45
25.03.21 11:47:59,14.45,14.45,14.45,14.45,150,6525,13.96,13.90,14.45
25.03.21 11:48:59,14.45,14.45,14.45,14.45,25,0,13.96,13.90,14.45
25.03.21 11:50:59,15.00,15.00,15.00,15.00,475,6650,13.99,15.00,15.45
25.03.21 11:51:59,15.40,15.40,15.40,15.40,150,6650,14.00,13.55,15.50
25.03.21 11:52:59,15.50,15.50,15.50,15.50,25,6875,14.00,14.00,15.60
25.03.21 11:58:59,15.90,15.90,15.90,15.90,100,0,14.01,14.35,15.90
25.03.21 12:01:59,15.60,15.60,15.60,15.60,25,6925,14.02,14.85,16.40
25.03.21 12:03:59,16.35,16.35,16.35,16.35,50,6900,14.02,15.70,16.40
25.03.21 12:05:59,16.90,16.90,16.90,16.90,125,6900,14.05,16.95,17.90
25.03.21 12:06:59,17.00,17.00,17.00,17.00,325,6900,14.12,16.95,18.25
25.03.21 12:08:59,18.25,18.25,18.25,18.25,25,6900,14.13,16.45,17.80
25.03.21 12:09:59,18.20,18.20,18.20,18.20,75,7150,14.14,17.80,18.25
25.03.21 12:11:59,19.05,19.05,19.05,19.05,1425,7150,14.49,18.80,20.95
25.03.21 12:12:59,15.65,15.65,15.65,15.65,300,7475,14.54,15.65,15.80
25.03.21 12:14:59,16.70,17.80,16.70,17.80,425,7475,14.58,15.75,17.35
25.03.21 12:15:59,15.25,15.70,15.00,15.70,450,7425,14.59,14.75,15.50
25.03.21 12:17:59,14.60,14.60,14.60,14.60,950,7425,14.58,14.05,15.85
25.03.21 12:19:59,14.10,14.10,14.10,14.10,225,8275,14.58,14.40,15.95
25.03.21 12:21:59,15.00,15.00,15.00,15.00,400,8275,14.59,15.20,15.85
25.03.21 12:22:59,15.55,15.55,15.55,15.55,1050,8375,14.65,16.05,16.95
25.03.21 12:24:59,16.85,16.85,16.85,16.85,200,0,14.67,15.65,16.90
25.03.21 12:27:59,15.15,15.15,15.15,15.15,375,8275,14.69,15.00,16.80
25.03.21 12:29:59,15.00,15.00,15.00,15.00,100,0,14.69,15.00,15.65
25.03.21 12:32:59,16.90,16.90,16.90,16.90,425,8500,14.72,15.85,16.90
25.03.21 12:34:59,16.95,16.95,16.95,16.95,225,8375,14.74,16.95,17.45
25.03.21 12:36:59,16.95,16.95,16.95,16.95,50,0,14.75,17.00,17.45
25.03.21 12:37:59,17.05,17.05,17.05,17.05,25,8375,14.75,17.05,17.50
25.03.21 12:39:59,17.05,17.05,17.05,17.05,100,8425,14.76,17.00,18.75
25.03.21 12:40:59,17.00,17.00,17.00,17.00,200,8425,14.78,17.00,17.45
25.03.21 12:42:59,17.00,17.00,17.00,17.00,225,8950,14.80,17.00,17.45
25.03.21 12:43:59,17.45,17.45,17.45,17.45,300,8950,14.83,16.00,17.50
25.03.21 12:47:59,16.30,16.30,16.30,16.30,75,0,14.84,16.35,17.40
25.03.21 12:51:59,17.40,17.40,17.40,17.40,25,9025,14.84,17.05,17.45
25.03.21 12:52:59,17.00,17.00,17.00,17.00,1000,9025,14.93,17.00,17.45
25.03.21 12:54:59,17.00,17.00,17.00,17.00,150,9025,14.95,16.40,17.00
25.03.21 12:56:59,16.35,16.35,16.35,16.35,75,9975,14.95,16.00,16.95
25.03.21 12:58:59,17.00,17.00,17.00,17.00,125,0,14.96,15.95,16.95
25.03.21 12:59:59,17.00,17.00,17.00,17.00,25,10025,14.96,17.00,17.45
25.03.21 13:00:59,17.50,17.50,17.50,17.50,75,10050,14.97,17.05,18.80
25.03.21 13:02:59,18.00,18.00,18.00,18.00,50,10050,14.97,16.05,18.00
25.03.21 13:04:59,17.00,17.00,17.00,17.00,125,10075,14.98,17.00,17.50
25.03.21 13:06:59,17.45,17.45,17.45,17.45,175,0,15.00,17.55,18.80
25.03.21 13:07:59,18.80,18.80,18.80,18.80,25,10250,15.00,17.05,18.80
25.03.21 13:09:59,19.50,19.50,19.50,19.50,575,10250,15.10,18.65,20.00
25.03.21 13:10:59,19.15,19.15,19.15,19.15,2900,10275,15.47,17.05,19.75
25.03.21 13:12:59,19.00,19.00,19.00,19.00,25,0,15.47,17.15,18.90
25.03.21 13:14:59,16.45,16.45,16.45,16.45,875,12075,15.50,15.95,16.35
25.03.21 13:15:59,18.40,18.40,18.40,18.40,725,11850,15.52,15.45,17.20
25.03.21 13:17:59,16.10,16.10,16.10,16.10,50,11850,15.52,15.15,16.70
25.03.21 13:18:59,16.00,16.00,16.00,16.00,125,11850,15.52,15.15,16.80
25.03.21 13:20:59,15.15,15.15,15.15,15.15,50,0,15.52,15.15,16.25
25.03.21 13:21:59,15.05,15.05,15.05,15.05,50,11925,15.52,15.05,15.95
25.03.21 13:23:59,15.05,15.05,15.05,15.05,25,0,15.52,15.05,16.05
25.03.21 13:26:59,15.10,15.10,15.10,15.10,275,12050,15.52,15.15,16.85
25.03.21 13:28:59,16.10,16.10,16.10,16.10,275,11650,15.53,15.95,17.30
25.03.21 13:29:59,15.50,15.50,15.50,15.50,900,11650,15.52,15.50,16.95
25.03.21 13:31:59,13.10,13.10,13.10,13.10,350,0,15.50,13.65,15.35
25.03.21 13:33:59,13.10,13.10,13.10,13.10,175,11475,15.49,13.10,15.25
25.03.21 13:35:59,13.00,13.00,13.00,13.00,100,0,15.48,13.00,14.95
25.03.21 13:37:59,14.85,14.85,14.85,14.85,50,11350,15.48,13.25,14.75
25.03.21 13:39:59,13.00,13.00,13.00,13.00,650,0,15.43,12.05,13.95
25.03.21 13:41:59,12.00,12.00,12.00,12.00,375,11325,15.39,12.00,13.00
25.03.21 13:43:59,12.05,12.05,12.05,12.05,250,11075,15.37,12.05,14.05
25.03.21 13:45:59,11.00,11.00,11.00,11.00,875,11075,15.28,10.90,12.00
25.03.21 13:47:59,10.90,10.90,10.90,10.90,100,10950,15.27,10.80,10.90
25.03.21 13:49:59,11.95,11.95,11.95,11.95,175,11475,15.25,10.85,11.95
25.03.21 13:51:59,11.95,11.95,11.95,11.95,150,11475,15.24,11.95,13.05
25.03.21 13:53:59,16.00,16.00,16.00,16.00,125,12000,15.23,12.70,15.25
25.03.21 13:55:59,15.90,15.90,15.90,15.90,200,11850,15.24,12.85,15.00
25.03.21 13:57:59,14.20,14.20,14.20,14.20,75,11850,15.23,11.75,14.10
25.03.21 14:01:59,14.70,14.70,14.70,14.70,400,11800,15.22,12.70,14.65
25.03.21 14:05:59,11.35,11.35,11.35,11.35,50,11850,15.21,11.95,13.95
25.03.21 14:07:59,12.60,12.60,12.60,12.60,50,0,15.21,12.65,13.95
25.03.21 14:09:59,13.10,13.10,13.10,13.10,75,11875,15.21,13.05,13.95
25.03.21 14:11:59,14.00,14.00,14.00,14.00,350,11900,15.19,14.00,14.60
25.03.21 14:12:59,14.00,14.00,14.00,14.00,975,11900,15.16,14.00,14.40
25.03.21 14:14:59,14.00,14.00,14.00,14.00,275,11750,15.16,14.00,14.40
25.03.21 14:16:59,14.00,14.00,14.00,14.00,50,11525,15.15,13.00,14.00
25.03.21 14:17:59,14.20,14.20,14.20,14.20,175,11525,15.15,13.15,14.20
25.03.21 14:19:59,13.95,13.95,13.95,13.95,50,0,15.15,13.15,13.95
25.03.21 14:21:59,14.00,14.00,14.00,14.00,75,11575,15.15,13.15,14.00
25.03.21 14:23:59,14.25,14.25,14.25,14.25,850,11575,15.12,13.10,14.25
25.03.21 14:24:59,15.45,15.45,15.45,15.45,225,11925,15.12,13.95,15.25
25.03.21 14:26:59,14.30,14.30,14.30,14.30,300,11925,15.12,14.30,14.95
25.03.21 14:28:59,14.25,14.25,14.25,14.25,425,12100,15.11,14.25,15.20
25.03.21 14:29:59,13.00,13.00,13.00,13.00,250,0,15.10,13.05,14.25
25.03.21 14:31:59,14.25,14.25,14.25,14.25,25,12375,15.10,14.00,15.15
25.03.21 14:33:59,13.00,13.00,13.00,13.00,125,12375,15.10,13.00,14.75
25.03.21 14:36:59,14.00,14.00,14.00,14.00,175,0,15.09,13.05,14.00
25.03.21 14:38:59,13.15,13.15,13.15,13.15,225,12550,15.09,13.05,15.05
25.03.21 14:39:59,13.00,13.00,13.00,13.00,150,12550,15.08,13.00,14.85
25.03.21 14:41:59,14.25,14.25,14.25,14.25,425,12875,15.06,13.05,14.20
25.03.21 14:43:59,15.00,15.00,15.00,15.00,6725,13050,15.02,15.00,15.70
25.03.21 14:45:59,12.00,12.00,12.00,12.00,5100,13500,15.00,11.20,12.80
25.03.21 14:47:59,11.00,11.00,11.00,11.00,700,13500,14.96,11.10,12.70
25.03.21 14:49:59,11.10,11.10,11.10,11.10,550,13500,14.93,11.00,12.55
25.03.21 14:51:59,12.65,12.65,12.65,12.65,350,13500,14.91,11.55,12.70
25.03.21 14:53:59,11.95,11.95,11.95,11.95,450,13650,14.88,11.20,12.00
25.03.21 14:55:59,11.15,11.15,11.15,11.15,500,13675,14.86,11.15,14.25
25.03.21 14:57:59,11.15,11.15,11.15,11.15,1300,13675,14.78,11.25,11.95
25.03.21 14:58:59,11.25,11.25,11.25,11.25,1275,13950,14.73,11.25,11.30
25.03.21 15:00:59,13.25,13.25,13.25,13.25,1075,13950,14.71,11.30,12.75
25.03.21 15:03:59,13.00,13.00,13.00,13.00,4675,24150,14.68,12.20,14.95
25.03.21 15:05:59,14.15,14.15,14.15,14.15,850,0,14.65,12.30,14.15
25.03.21 15:07:59,15.00,15.00,15.00,15.00,7700,23925,14.68,15.00,15.85
25.03.21 15:09:59,14.75,14.75,14.75,14.75,3325,23925,14.69,13.15,15.85
25.03.21 15:11:59,15.25,15.25,15.25,15.25,2875,24275,14.69,15.05,15.25
25.03.21 15:13:59,14.75,14.75,14.75,14.75,1750,25225,14.69,13.30,14.45
25.03.21 15:15:59,12.50,12.50,12.50,12.50,3125,25225,14.63,12.45,13.45
25.03.21 15:17:59,12.00,12.00,12.00,12.00,2975,26050,14.55,12.00,12.85
25.03.21 15:19:59,12.20,22.00,12.20,12.20,9975,30000,14.50,12.20,13.95
25.03.21 15:21:59,12.50,12.50,12.50,12.50,2700,30000,14.45,12.50,13.10
25.03.21 15:23:59,12.65,12.65,12.65,12.65,2750,39400,14.40,12.25,12.65
25.03.21 15:25:59,15.95,25.00,15.95,15.95,26350,40925,14.48,13.20,16.00
25.03.21 15:27:59,14.45,14.45,14.45,14.45,4025,40925,14.48,13.50,14.50
26.03.21 09:15:59,12.20,12.20,9.10,11.00,3875,74750,10.90,10.20,11.10
26.03.21 09:16:59,11.10,11.10,8.50,10.40,6650,74750,10.42,10.00,10.45
26.03.21 09:17:59,10.40,10.50,9.60,9.80,7550,73025,10.32,9.80,10.35
26.03.21 09:18:59,10.35,10.35,9.20,9.90,3675,73025,10.23,9.35,9.85
26.03.21 09:19:59,9.55,10.00,9.40,9.90,2650,73025,10.18,9.55,9.90
26.03.21 09:20:59,9.90,9.90,9.45,9.80,4825,76300,10.10,9.85,9.95
26.03.21 09:21:59,9.80,10.35,9.65,10.25,6375,76300,10.09,10.00,10.20
26.03.21 09:22:59,10.20,10.20,10.00,10.10,725,76300,10.09,10.05,10.10
26.03.21 09:23:59,10.15,10.20,9.75,10.20,4150,77800,10.09,10.00,10.20
26.03.21 09:24:59,10.15,12.25,10.15,12.25,4975,77800,10.19,12.00,12.65
26.03.21 09:25:59,12.65,13.80,12.65,13.45,9325,77800,10.74,12.70,13.50
26.03.21 09:26:59,13.45,13.55,12.75,13.10,7075,77450,11.03,13.05,13.35
26.03.21 09:27:59,13.05,17.55,12.50,17.55,15400,77450,11.72,16.50,17.55
26.03.21 09:28:59,17.90,17.95,15.00,15.45,5250,77450,12.02,14.30,15.45
26.03.21 09:29:59,15.45,15.65,14.20,14.20,4575,91025,12.16,13.65,14.20
26.03.21 09:30:59,13.60,14.20,12.40,12.40,4275,91025,12.22,12.40,13.00
26.03.21 09:31:59,12.40,13.40,12.40,13.35,2675,91025,12.24,12.80,13.40
26.03.21 09:32:59,13.40,13.60,13.10,13.60,3100,90575,12.28,13.15,13.60
26.03.21 09:33:59,13.60,15.00,13.50,15.00,2025,90575,12.31,14.50,14.95
26.03.21 09:34:59,14.70,15.80,14.35,15.80,8350,90575,12.50,14.85,15.95
26.03.21 09:35:59,15.45,15.80,14.75,15.65,5750,96475,12.64,15.30,15.75
26.03.21 09:36:59,15.75,16.10,14.80,14.80,3475,96475,12.73,14.40,14.80
26.03.21 09:37:59,14.75,15.00,14.05,15.00,8675,96475,12.88,15.00,15.30
26.03.21 09:38:59,15.30,15.95,14.55,15.05,10350,104650,13.04,15.05,15.20
26.03.21 09:39:59,15.05,15.20,14.20,14.90,11275,104650,13.20,14.35,14.90
26.03.21 09:40:59,14.90,15.00,14.70,14.75,4400,104650,13.24,14.35,14.70
26.03.21 09:41:59,14.35,14.65,14.10,14.15,3500,118675,13.26,14.15,14.25
26.03.21 09:42:59,14.00,14.20,13.70,14.20,6150,118675,13.29,14.05,14.45
26.03.21 09:43:59,14.25,14.50,14.00,14.35,2025,118675,13.30,14.15,14.35
26.03.21 09:44:59,14.35,14.45,13.80,13.85,1575,118525,13.31,13.85,14.10
26.03.21 09:45:59,13.85,14.35,13.80,14.00,3975,118525,13.33,13.80,14.40
26.03.21 09:46:59,14.05,14.25,13.00,13.00,5825,118525,13.34,13.00,13.20
26.03.21 09:47:59,13.00,13.10,12.60,12.85,6600,121975,13.33,12.70,12.95
26.03.21 09:48:59,12.70,12.85,12.45,12.50,1200,121975,13.32,12.40,12.70
26.03.21 09:49:59,12.70,12.70,12.40,12.40,675,121975,13.32,12.40,12.45
26.03.21 09:50:59,12.45,12.70,12.35,12.40,2550,121875,13.31,12.40,12.75
26.03.21 09:51:59,12.60,12.80,12.40,12.60,3950,121875,13.29,12.60,12.90
26.03.21 09:52:59,12.65,12.80,12.45,12.80,1000,121875,13.29,12.50,12.80
26.03.21 09:53:59,12.80,13.55,12.55,13.40,1375,120100,13.29,13.20,13.50
26.03.21 09:54:59,13.15,13.20,11.55,11.55,15250,120100,13.22,11.60,12.00
26.03.21 09:55:59,11.60,12.80,11.60,12.60,5750,120100,13.20,12.15,12.70
26.03.21 09:56:59,12.05,12.40,12.05,12.35,150,118050,13.20,12.05,12.40
26.03.21 09:57:59,12.25,12.40,12.15,12.30,2450,118050,13.19,12.30,12.40
26.03.21 09:58:59,12.40,12.40,12.20,12.35,1375,118050,13.18,12.20,12.30
26.03.21 09:59:59,12.20,12.35,12.00,12.00,5000,115900,13.16,12.00,12.15
26.03.21 10:00:59,12.00,12.00,11.85,11.90,1850,115900,13.15,11.80,11.90
26.03.21 10:01:59,11.90,12.40,11.90,11.95,2425,115900,13.14,11.90,11.95
26.03.21 10:02:59,11.95,11.95,11.75,11.95,1425,116525,13.13,11.80,11.95
26.03.21 10:03:59,11.95,12.00,11.80,11.80,850,116525,13.12,11.80,11.90
26.03.21 10:04:59,11.80,11.95,11.80,11.95,3375,116525,13.11,12.00,12.15
26.03.21 10:05:59,12.00,12.20,11.95,11.95,2400,118100,13.09,11.90,11.95
26.03.21 10:06:59,11.95,12.20,11.80,12.00,2050,118100,13.08,12.00,12.20
26.03.21 10:07:59,12.00,12.70,11.90,12.65,1425,118100,13.08,12.10,12.50
26.03.21 10:08:59,12.40,12.50,12.40,12.50,1175,118675,13.08,12.20,12.50
26.03.21 10:09:59,12.30,12.50,12.15,12.15,550,118675,13.07,12.05,12.40
26.03.21 10:10:59,12.30,12.35,11.95,11.95,1525,118675,13.07,11.85,11.95
26.03.21 10:11:59,11.95,11.95,11.70,11.90,775,118425,13.06,11.80,11.90
26.03.21 10:12:59,12.00,12.00,11.90,11.90,2750,118425,13.05,11.65,11.90
26.03.21 10:13:59,11.65,11.70,11.60,11.60,750,118425,13.05,11.55,11.70
26.03.21 10:14:59,11.70,11.70,11.60,11.60,250,118425,13.05,11.55,11.65
26.03.21 10:15:59,11.70,11.90,11.50,11.50,2175,118650,13.03,11.50,11.65
26.03.21 10:16:59,11.50,11.50,11.00,11.00,3450,118650,13.01,11.00,11.20
26.03.21 10:17:59,11.20,11.30,10.95,10.95,2525,120725,12.99,10.70,11.20
26.03.21 10:18:59,10.85,11.20,10.65,10.65,4375,120725,12.95,10.55,10.65
26.03.21 10:19:59,10.65,10.65,10.50,10.65,3950,120725,12.92,10.60,10.65
26.03.21 10:20:59,10.65,11.10,10.25,10.70,2075,122700,12.90,10.60,10.70
26.03.21 10:21:59,10.70,10.80,10.65,10.65,725,122700,12.89,10.50,10.80
26.03.21 10:22:59,10.50,10.60,9.50,9.50,5850,122700,12.83,9.15,9.50
26.03.21 10:23:59,9.50,9.90,9.50,9.65,1475,120525,12.81,9.55,9.75
26.03.21 10:24:59,9.55,9.80,9.55,9.80,2050,120525,12.79,9.65,9.80
26.03.21 10:25:59,9.65,10.35,9.65,10.10,1175,120525,12.77,10.10,10.35
26.03.21 10:26:59,10.10,10.25,9.70,9.70,850,120525,12.77,9.90,10.15
26.03.21 10:27:59,10.10,10.30,9.80,9.90,2300,120475,12.74,10.00,10.30
26.03.21 10:28:59,10.30,10.30,9.85,9.85,1075,120475,12.73,9.85,10.20
26.03.21 10:29:59,10.25,10.30,9.90,10.25,1300,121000,12.72,10.10,10.25
26.03.21 10:30:59,10.10,10.30,10.10,10.10,1250,121000,12.71,10.10,10.25
26.03.21 10:31:59,10.25,10.40,10.10,10.20,1075,121000,12.70,10.20,10.40
26.03.21 10:32:59,10.25,10.55,10.25,10.45,3675,119650,12.67,10.30,10.45
26.03.21 10:33:59,10.30,10.30,10.00,10.10,1475,119650,12.66,10.10,10.20
26.03.21 10:34:59,10.20,10.20,10.10,10.20,325,119650,12.65,10.10,10.20
26.03.21 10:35:59,10.15,10.25,10.10,10.15,1600,119750,12.64,10.05,10.15
26.03.21 10:36:59,10.05,10.20,9.75,10.00,3575,119750,12.61,9.80,10.00
26.03.21 10:37:59,10.00,10.20,9.85,10.20,2450,119750,12.59,10.20,10.35
26.03.21 10:38:59,10.20,10.45,10.20,10.20,600,119800,12.58,10.05,10.20
26.03.21 10:39:59,10.20,10.40,10.05,10.25,1350,119800,12.57,10.25,10.30
26.03.21 10:40:59,10.40,10.45,10.15,10.20,4225,119800,12.54,10.20,10.40
26.03.21 10:41:59,10.40,10.40,10.35,10.40,150,121775,12.54,10.20,10.30
26.03.21 10:42:59,10.30,10.40,10.00,10.00,1075,121775,12.53,10.00,10.30
26.03.21 10:43:59,10.00,10.35,10.00,10.25,775,121775,12.52,10.25,10.35
26.03.21 10:44:59,10.25,10.40,10.25,10.25,500,121925,12.52,10.25,10.40
26.03.21 10:45:59,10.25,10.25,10.00,10.00,450,121925,12.52,9.90,9.95
26.03.21 10:46:59,9.95,10.05,9.85,10.00,2875,121925,12.49,10.00,10.05
26.03.21 10:47:59,10.05,10.10,10.00,10.10,875,123725,12.48,10.10,10.20
26.03.21 10:48:59,10.20,10.40,10.20,10.40,675,123725,12.48,10.35,10.40
26.03.21 10:49:59,10.35,10.40,10.25,10.40,850,123725,12.47,10.25,10.40
26.03.21 10:50:59,10.25,10.25,10.25,10.25,225,123350,12.47,10.25,10.40
26.03.21 10:51:59,10.30,10.30,10.25,10.25,100,123350,12.47,10.25,10.35
26.03.21 10:52:59,10.25,10.25,10.00,10.00,2200,123350,12.46,10.00,10.10
26.03.21 10:53:59,10.10,10.35,10.10,10.35,1175,123050,12.45,10.30,10.35
26.03.21 10:54:59,10.30,10.35,10.00,10.10,1100,123050,12.44,10.10,10.25
26.03.21 10:55:59,10.15,10.15,9.95,9.95,2050,123050,12.42,9.95,10.00
26.03.21 10:56:59,10.00,10.20,10.00,10.00,1375,124700,12.41,10.00,10.25
26.03.21 10:57:59,10.25,10.30,10.25,10.30,300,124700,12.41,10.10,10.30
26.03.21 10:58:59,10.30,10.30,10.10,10.10,200,124700,12.41,10.00,10.10
26.03.21 10:59:59,10.10,10.10,10.00,10.00,1550,125050,12.40,10.05,10.20
26.03.21 11:00:59,10.20,10.20,10.10,10.10,175,125050,12.40,10.05,10.20
26.03.21 11:01:59,10.20,10.30,9.95,9.95,1200,125050,12.39,10.05,10.15
26.03.21 11:02:59,10.05,10.20,10.05,10.15,375,125250,12.39,10.10,10.20
26.03.21 11:03:59,10.15,10.25,10.05,10.05,225,125250,12.38,10.10,10.25
26.03.21 11:04:59,10.10,10.25,10.10,10.10,675,125250,12.38,10.15,10.25
26.03.21 11:05:59,10.25,10.25,10.00,10.05,4575,127475,12.35,10.05,10.15
26.03.21 11:06:59,10.05,10.05,10.00,10.00,2725,127475,12.33,9.90,10.00
26.03.21 11:07:59,9.85,10.00,9.85,10.00,1000,127475,12.32,9.90,10.00
26.03.21 11:08:59,10.00,10.00,9.85,9.85,50,128925,12.32,9.80,9.85
26.03.21 11:09:59,9.75,9.95,9.75,9.95,575,128925,12.32,9.75,9.95
26.03.21 11:10:59,9.95,9.95,9.60,9.60,850,128925,12.31,9.50,9.65
26.03.21 11:11:59,9.50,9.85,9.50,9.55,400,128525,12.31,9.55,9.70
26.03.21 11:12:59,9.75,9.75,9.75,9.75,125,128525,12.31,9.65,9.75
26.03.21 11:13:59,9.65,9.70,9.50,9.50,1125,128525,12.30,9.50,9.70
26.03.21 11:14:59,9.50,9.50,9.30,9.30,1025,128375,12.29,9.30,9.45
26.03.21 11:15:59,9.35,9.40,9.25,9.25,2250,128375,12.27,9.25,9.40
26.03.21 11:16:59,9.40,9.40,9.25,9.25,250,128375,12.26,9.15,9.40
26.03.21 11:17:59,9.40,9.45,9.30,9.30,650,126725,12.26,9.25,9.35
26.03.21 11:18:59,9.25,9.25,9.00,9.00,1400,126725,12.25,9.00,9.15
26.03.21 11:19:59,9.00,9.05,9.00,9.05,475,126725,12.24,9.05,9.10
26.03.21 11:20:59,9.00,9.00,8.95,8.95,700,125100,12.24,8.95,9.00
26.03.21 11:21:59,8.95,9.05,7.90,7.90,8000,125100,12.15,7.90,8.15
26.03.21 11:22:59,7.90,8.25,7.90,8.10,2150,125100,12.12,8.10,8.20
26.03.21 11:23:59,8.00,8.15,7.90,8.15,1350,124025,12.11,8.00,8.15
26.03.21 11:24:59,8.15,8.40,7.70,8.30,3575,124025,12.07,8.25,8.40
26.03.21 11:25:59,8.40,8.40,8.20,8.40,1550,124025,12.05,8.25,8.50
26.03.21 11:26:59,8.25,8.25,8.20,8.20,700,124025,12.04,8.10,8.30
26.03.21 11:27:59,8.25,8.25,8.15,8.25,500,121325,12.04,8.15,8.25
26.03.21 11:28:59,8.15,8.20,8.00,8.00,1125,121325,12.03,7.95,8.00
26.03.21 11:29:59,7.95,8.15,7.75,7.75,2225,120275,12.00,7.75,7.90
26.03.21 11:30:59,7.70,7.75,7.35,7.60,3450,120275,11.96,7.40,7.50
26.03.21 11:31:59,7.55,7.55,7.05,7.05,8750,120275,11.85,7.05,7.10
26.03.21 11:32:59,7.05,7.10,7.00,7.00,4600,118950,11.79,7.00,7.10
26.03.21 11:33:59,7.10,7.15,7.10,7.15,575,118950,11.78,7.15,7.20
26.03.21 11:34:59,7.20,7.20,7.20,7.20,200,118950,11.78,7.15,7.20
26.03.21 11:35:59,7.20,7.50,7.15,7.50,1850,118350,11.76,7.35,7.50
26.03.21 11:36:59,7.35,7.60,7.35,7.45,1575,118350,11.74,7.30,7.45
26.03.21 11:37:59,7.85,9.40,7.50,8.10,6925,118350,11.68,8.10,8.40
26.03.21 11:38:59,8.45,8.45,8.40,8.40,75,118550,11.68,8.15,8.45
26.03.21 11:39:59,8.35,8.60,8.15,8.25,625,118550,11.67,8.10,8.15
26.03.21 11:40:59,8.10,8.15,8.00,8.00,950,118550,11.66,7.80,8.00
26.03.21 11:41:59,7.75,7.95,7.50,7.50,1625,118700,11.65,7.50,7.55
26.03.21 11:42:59,7.50,7.55,7.50,7.55,125,118700,11.64,7.80,7.90
26.03.21 11:43:59,7.90,7.90,7.35,7.35,525,118700,11.64,7.30,7.60
26.03.21 11:44:59,7.60,7.65,7.40,7.65,425,118500,11.63,7.40,7.65
26.03.21 11:45:59,7.65,7.70,7.40,7.70,800,118500,11.63,7.55,7.70
26.03.21 11:46:59,7.65,7.70,7.65,7.70,650,118500,11.62,7.70,7.75
26.03.21 11:47:59,7.70,7.70,7.70,7.70,600,118500,11.61,7.70,7.75
26.03.21 11:48:59,7.70,7.75,7.70,7.75,1100,118150,11.60,7.70,7.80
26.03.21 11:49:59,7.80,7.90,7.80,7.90,500,118150,11.60,7.75,7.90
26.03.21 11:50:59,7.75,7.75,7.75,7.75,125,118150,11.60,7.75,7.90
26.03.21 11:51:59,7.90,7.90,7.75,7.80,400,118075,11.59,7.80,7.90
26.03.21 11:52:59,7.90,8.00,7.90,8.00,1225,118075,11.58,7.90,8.00
26.03.21 11:53:59,8.00,8.20,7.80,7.80,225,118075,11.58,7.85,8.20
26.03.21 11:54:59,8.30,9.05,8.00,8.70,2425,118700,11.56,8.50,8.85
26.03.21 11:55:59,8.85,8.90,8.10,8.20,2650,118700,11.54,8.25,8.55
26.03.21 11:56:59,8.25,8.45,8.10,8.25,500,118700,11.54,8.20,8.45
26.03.21 11:57:59,8.10,8.25,8.10,8.10,750,120100,11.53,8.10,8.25
26.03.21 11:58:59,8.25,8.45,8.25,8.30,525,120100,11.53,8.25,8.45
26.03.21 11:59:59,8.30,8.30,8.30,8.30,75,120575,11.53,8.30,8.45
26.03.21 12:00:59,8.30,8.50,8.30,8.50,300,120575,11.52,8.30,8.50
26.03.21 12:01:59,8.50,8.50,8.50,8.50,500,120575,11.52,8.50,8.65
26.03.21 12:02:59,8.65,8.70,8.65,8.70,200,120575,11.52,8.55,8.65
26.03.21 12:03:59,8.65,8.65,8.50,8.50,850,120525,11.51,8.30,8.60
26.03.21 12:04:59,8.30,8.30,8.30,8.30,150,120525,11.51,8.30,8.55
26.03.21 12:05:59,8.30,8.55,8.30,8.50,525,119825,11.51,8.30,8.45
26.03.21 12:06:59,8.25,8.50,8.25,8.50,1425,119825,11.50,8.40,8.50
26.03.21 12:07:59,8.50,8.65,8.50,8.50,625,119825,11.49,8.55,8.60
26.03.21 12:08:59,8.55,8.75,8.55,8.60,1150,119825,11.48,8.65,8.80
26.03.21 12:09:59,8.60,8.75,8.60,8.65,975,121350,11.48,8.65,8.80
26.03.21 12:10:59,8.65,8.65,8.65,8.65,600,121350,11.47,8.65,8.75
26.03.21 12:11:59,8.65,8.85,8.65,8.85,750,122275,11.47,8.65,8.80
26.03.21 12:12:59,8.75,8.75,8.45,8.45,3725,122275,11.44,8.40,8.60
26.03.21 12:13:59,8.55,8.55,8.40,8.40,125,122275,11.44,8.40,8.50
26.03.21 12:14:59,8.40,8.40,8.40,8.40,150,122275,11.44,8.35,8.55
26.03.21 12:15:59,8.35,8.35,8.35,8.35,50,122900,11.44,8.25,8.50
26.03.21 12:16:59,8.50,8.50,8.50,8.50,50,122900,11.44,8.35,8.70
26.03.21 12:17:59,8.45,8.45,8.40,8.40,50,122900,11.44,8.30,8.50
26.03.21 12:18:59,8.50,8.50,8.50,8.50,50,122900,11.44,8.35,8.50
26.03.21 12:20:59,8.40,8.40,8.30,8.35,400,122900,11.44,8.30,8.50
26.03.21 12:21:59,8.45,8.45,8.45,8.45,25,122600,11.44,8.30,8.45
26.03.21 12:22:59,8.45,8.45,8.30,8.30,125,122600,11.44,8.30,8.40
26.03.21 12:23:59,8.55,8.55,8.50,8.50,550,122600,11.43,8.55,8.75
26.03.21 12:24:59,8.85,8.85,8.50,8.50,1050,122700,11.42,8.45,8.50
26.03.21 12:25:59,8.45,8.45,8.45,8.45,125,122700,11.42,8.40,8.50
26.03.21 12:26:59,8.25,8.30,8.25,8.30,1150,122700,11.42,8.35,8.45
26.03.21 12:27:59,8.35,8.40,8.30,8.40,325,121725,11.41,8.35,8.50
26.03.21 12:28:59,8.50,8.50,8.45,8.45,175,121725,11.41,8.45,8.50
26.03.21 12:29:59,8.45,8.50,8.45,8.45,450,121725,11.41,8.45,8.50
26.03.21 12:30:59,8.50,8.50,8.50,8.50,150,122225,11.41,8.45,8.50
26.03.21 12:32:59,8.50,8.50,8.50,8.50,600,122225,11.40,8.35,8.45
26.03.21 12:33:59,8.40,8.45,8.30,8.30,675,122850,11.40,8.25,8.35
26.03.21 12:34:59,8.35,8.35,8.35,8.35,325,122850,11.40,8.25,8.35
26.03.21 12:35:59,8.35,8.35,8.35,8.35,400,122850,11.39,8.25,8.30
26.03.21 12:37:59,8.35,8.35,8.35,8.35,50,123025,11.39,8.25,8.35
26.03.21 12:38:59,8.35,8.35,8.35,8.35,100,123025,11.39,8.30,8.35
26.03.21 12:39:59,8.35,8.35,8.25,8.25,750,123125,11.39,8.25,8.35
26.03.21 12:40:59,8.25,8.35,8.25,8.35,575,123125,11.38,8.25,8.35
26.03.21 12:41:59,8.35,8.35,8.35,8.35,1000,123125,11.38,8.35,8.45
26.03.21 12:44:59,8.40,8.40,8.40,8.40,450,122500,11.37,8.40,8.45
26.03.21 12:45:59,8.35,8.40,8.35,8.40,800,122950,11.37,8.35,8.40
26.03.21 12:46:59,8.35,8.40,7.90,7.90,925,122950,11.36,7.80,8.10
26.03.21 12:47:59,7.70,8.05,7.60,7.60,1925,122950,11.34,7.55,7.60
26.03.21 12:48:59,7.60,7.60,7.30,7.30,2400,123650,11.32,7.30,7.40
26.03.21 12:49:59,7.40,8.00,7.35,8.00,4825,123650,11.28,7.85,8.05
26.03.21 12:50:59,7.85,7.85,7.55,7.75,950,123650,11.27,7.65,7.75
26.03.21 12:51:59,7.75,7.80,7.70,7.75,200,120650,11.27,7.70,7.80
26.03.21 12:52:59,7.70,7.80,7.70,7.80,775,120650,11.27,7.65,7.85
26.03.21 12:53:59,7.90,7.90,7.90,7.90,75,120650,11.27,7.75,7.95
26.03.21 12:55:59,7.85,7.90,7.85,7.85,225,120800,11.26,7.80,7.90
26.03.21 12:56:59,7.80,7.80,7.50,7.50,2175,120800,11.25,7.50,7.55
26.03.21 12:57:59,7.50,7.60,7.35,7.35,2300,120475,11.23,7.35,7.40
26.03.21 12:58:59,7.35,7.40,7.35,7.40,225,120475,11.22,7.40,7.50
26.03.21 12:59:59,7.40,7.50,7.40,7.50,100,120475,11.22,7.40,7.45
26.03.21 13:00:59,7.45,7.45,7.30,7.30,650,119925,11.22,7.25,7.35
26.03.21 13:01:59,7.35,7.35,7.30,7.30,100,119925,11.22,7.25,7.30
26.03.21 13:02:59,7.30,7.30,7.20,7.20,275,119925,11.21,7.20,7.30
26.03.21 13:03:59,7.20,7.25,7.20,7.25,125,120300,11.21,7.15,7.25
26.03.21 13:04:59,7.25,7.25,7.25,7.25,325,120300,11.21,7.25,7.30
26.03.21 13:05:59,7.30,7.50,7.30,7.50,1625,120300,11.20,7.50,7.55
26.03.21 13:06:59,7.50,7.50,7.45,7.45,325,119975,11.19,7.45,7.50
26.03.21 13:07:59,7.45,7.45,7.35,7.45,750,119975,11.19,7.35,7.45
26.03.21 13:08:59,7.45,7.45,7.45,7.45,25,119975,11.19,7.35,7.45
26.03.21 13:09:59,7.30,7.40,7.30,7.40,500,120400,11.18,7.25,7.40
26.03.21 13:10:59,7.40,7.40,7.25,7.30,175,120400,11.18,7.30,7.40
26.03.21 13:11:59,7.30,7.30,7.15,7.15,1150,120400,11.17,7.15,7.25
26.03.21 13:12:59,7.10,7.15,7.00,7.00,1350,120600,11.16,7.00,7.15
26.03.21 13:13:59,7.00,7.05,6.95,7.05,200,120600,11.16,6.95,7.05
26.03.21 13:14:59,6.95,6.95,6.75,6.75,425,120600,11.15,6.80,6.85
26.03.21 13:15:59,6.80,6.80,6.75,6.75,975,120625,11.14,6.70,6.75
26.03.21 13:16:59,6.75,6.85,6.60,6.80,1400,120625,11.13,6.65,6.85
26.03.21 13:17:59,6.85,6.85,6.40,6.45,4325,120625,11.09,6.45,6.65
26.03.21 13:18:59,6.45,6.70,6.35,6.40,4750,122750,11.04,6.40,6.70
26.03.21 13:19:59,6.40,6.50,6.40,6.40,700,122750,11.03,6.45,6.65
26.03.21 13:20:59,6.40,6.50,6.35,6.50,1100,122750,11.02,6.35,6.50
26.03.21 13:21:59,6.50,6.50,6.40,6.40,175,123050,11.02,6.40,6.50
26.03.21 13:22:59,6.40,6.50,6.40,6.50,1600,123050,11.01,6.45,6.60
26.03.21 13:23:59,6.45,6.60,6.40,6.40,475,123050,11.00,6.40,6.55
26.03.21 13:24:59,6.40,6.50,6.40,6.50,325,123025,11.00,6.35,6.50
26.03.21 13:25:59,6.35,6.50,6.30,6.50,500,123025,10.99,6.30,6.50
26.03.21 13:26:59,6.25,6.50,6.25,6.50,975,123025,10.98,6.30,6.50
26.03.21 13:27:59,6.35,6.35,6.30,6.30,200,122150,10.98,6.30,6.40
26.03.21 13:28:59,6.30,6.50,6.30,6.50,400,122150,10.98,6.40,6.50
26.03.21 13:29:59,6.40,6.50,6.40,6.50,1075,122150,10.97,6.40,6.50
26.03.21 13:30:59,6.40,6.40,6.25,6.30,1350,122350,10.95,6.25,6.30
26.03.21 13:31:59,6.30,6.35,6.20,6.20,2525,122350,10.93,6.20,6.30
26.03.21 13:32:59,6.40,6.40,6.40,6.40,200,122350,10.93,6.25,6.40
26.03.21 13:33:59,6.40,6.40,6.40,6.40,275,122000,10.93,6.25,6.40
26.03.21 13:34:59,6.35,6.40,6.30,6.30,400,122000,10.92,6.35,6.45
26.03.21 13:35:59,6.35,6.40,6.25,6.40,525,122000,10.92,6.30,6.45
26.03.21 13:36:59,6.35,6.50,6.35,6.45,625,121850,10.91,6.40,6.45
26.03.21 13:37:59,6.40,6.50,6.25,6.50,1725,121850,10.89,6.25,6.45
26.03.21 13:38:59,6.45,6.45,6.45,6.45,75,121850,10.89,6.45,6.50
26.03.21 13:39:59,6.45,6.45,6.45,6.45,400,120925,10.89,6.45,6.50
26.03.21 13:40:59,6.50,6.50,6.50,6.50,175,120925,10.89,6.35,6.50
26.03.21 13:41:59,6.50,6.50,6.50,6.50,425,120925,10.88,6.35,6.50
26.03.21 13:42:59,6.50,6.50,6.30,6.30,550,120250,10.88,6.30,6.50
26.03.21 13:43:59,6.20,6.45,6.20,6.45,425,120250,10.88,6.25,6.45
26.03.21 13:44:59,6.45,6.70,6.40,6.70,5650,120250,10.83,6.60,6.70
26.03.21 13:45:59,6.65,6.70,6.65,6.70,125,123875,10.83,6.70,6.80
26.03.21 13:46:59,6.70,6.70,6.70,6.70,150,123875,10.82,6.65,6.75
26.03.21 13:47:59,6.75,6.80,6.75,6.75,300,123875,10.82,6.75,6.80
26.03.21 13:48:59,6.75,6.75,6.75,6.75,1025,123875,10.81,6.60,6.75
26.03.21 13:49:59,6.70,6.70,6.70,6.70,150,124200,10.81,6.70,6.75
26.03.21 13:50:59,6.75,6.75,6.75,6.75,100,124200,10.81,6.45,6.75
26.03.21 13:52:59,6.75,6.75,6.55,6.55,400,124100,10.81,6.50,6.75
26.03.21 13:53:59,6.65,6.75,6.60,6.75,375,124100,10.81,6.50,6.75
26.03.21 13:54:59,6.50,6.70,6.50,6.55,275,123350,10.80,6.55,6.70
26.03.21 13:56:59,6.55,6.70,6.55,6.70,100,123350,10.80,6.55,6.65
26.03.21 13:57:59,6.55,6.55,6.55,6.55,75,123350,10.80,6.55,6.65
26.03.21 13:58:59,6.45,6.45,6.45,6.45,225,123375,10.80,6.35,6.45
26.03.21 13:59:59,6.45,6.70,6.45,6.55,1775,123375,10.78,6.55,6.75
26.03.21 14:00:59,6.55,6.80,6.50,6.50,2325,122775,10.76,6.50,6.70
26.03.21 14:01:59,6.50,6.70,6.50,6.70,325,122775,10.76,6.55,6.70
26.03.21 14:02:59,6.65,6.65,6.60,6.60,225,122775,10.76,6.60,6.70
26.03.21 14:03:59,6.60,6.60,6.50,6.50,125,123550,10.76,6.50,6.70
26.03.21 14:04:59,6.55,6.55,6.55,6.55,75,123550,10.76,6.55,6.70
26.03.21 14:06:59,6.70,7.15,6.70,7.10,3825,123225,10.73,7.10,7.25
26.03.21 14:07:59,7.10,7.15,6.95,6.95,1450,123225,10.72,6.95,7.00
26.03.21 14:08:59,6.95,6.95,6.80,6.85,1100,123225,10.71,6.90,6.95
26.03.21 14:09:59,6.95,6.95,6.95,6.95,400,123950,10.71,6.95,7.00
26.03.21 14:10:59,7.00,7.00,6.95,7.00,150,123950,10.71,6.95,7.00
26.03.21 14:11:59,6.95,6.95,6.95,6.95,550,123950,10.70,6.95,7.00
26.03.21 14:12:59,6.95,6.95,6.65,6.75,2100,123950,10.69,6.70,6.85
26.03.21 14:13:59,6.75,6.75,6.75,6.75,25,123950,10.69,6.75,6.95
26.03.21 14:15:59,6.90,6.90,6.30,6.50,9200,122225,10.61,6.40,6.50
26.03.21 14:16:59,6.50,6.80,6.50,6.75,3650,122225,10.58,6.60,6.80
26.03.21 14:17:59,6.80,6.85,6.80,6.85,825,122225,10.58,6.65,6.90
26.03.21 14:18:59,6.40,6.85,5.80,6.00,39475,113825,10.27,5.80,6.00
26.03.21 14:19:59,6.00,6.15,5.90,5.90,4200,113825,10.24,5.90,6.00
26.03.21 14:20:59,6.00,6.00,5.40,5.50,8750,113825,10.17,5.40,5.50
26.03.21 14:21:59,5.50,5.95,5.50,5.95,1150,97025,10.16,5.70,5.95
26.03.21 14:22:59,5.95,6.20,5.80,6.00,2975,97025,10.14,5.80,6.00
26.03.21 14:23:59,6.00,6.20,6.00,6.00,1325,97025,10.13,6.00,6.25
26.03.21 14:24:59,6.00,6.20,6.00,6.00,1075,96875,10.12,6.05,6.15
26.03.21 14:25:59,6.00,6.90,6.00,6.25,5875,96875,10.08,6.20,6.40
26.03.21 14:26:59,6.40,6.45,6.05,6.35,1050,96875,10.08,6.05,6.35
26.03.21 14:27:59,6.15,6.55,6.10,6.20,1200,96825,10.07,6.20,6.50
26.03.21 14:28:59,6.25,6.30,6.20,6.30,275,96825,10.07,6.15,6.35
26.03.21 14:29:59,6.35,6.40,6.15,6.35,350,96825,10.06,6.10,6.35
26.03.21 14:30:59,6.05,6.40,6.05,6.40,375,96825,10.06,6.25,6.45
26.03.21 14:31:59,6.40,6.50,6.25,6.35,250,96300,10.06,6.40,6.50
26.03.21 14:32:59,6.35,6.40,6.30,6.30,175,96300,10.06,6.30,6.45
26.03.21 14:33:59,6.45,6.55,6.30,6.30,550,96200,10.06,6.30,6.50
26.03.21 14:34:59,6.35,6.55,6.35,6.55,100,96200,10.05,6.35,6.55
26.03.21 14:36:59,6.45,6.45,6.25,6.35,1250,95000,10.05,6.15,6.30
26.03.21 14:37:59,6.35,6.50,6.30,6.35,475,95000,10.04,6.15,6.35
26.03.21 14:38:59,6.35,6.45,6.35,6.45,200,95000,10.04,6.35,6.45
26.03.21 14:40:59,6.30,6.30,6.15,6.15,475,94850,10.04,6.15,6.35
26.03.21 14:41:59,6.20,6.30,6.10,6.30,975,94850,10.03,6.05,6.35
26.03.21 14:42:59,6.45,6.45,5.80,5.85,4600,94750,10.00,5.85,5.95
26.03.21 14:43:59,5.85,6.05,5.70,6.05,1775,94750,9.99,6.00,6.15
26.03.21 14:44:59,6.10,6.10,6.00,6.00,500,94750,9.99,6.10,6.20
26.03.21 14:45:59,6.10,6.20,6.00,6.00,1475,95075,9.98,6.00,6.10
26.03.21 14:46:59,6.05,6.05,6.00,6.00,1450,95075,9.97,6.00,6.05
26.03.21 14:47:59,6.05,6.15,6.00,6.15,500,95075,9.96,6.00,6.10
26.03.21 14:48:59,6.15,6.15,6.00,6.15,75,95300,9.96,6.00,6.15
26.03.21 14:49:59,6.00,6.15,6.00,6.15,175,95300,9.96,6.10,6.15
26.03.21 14:50:59,6.15,6.15,6.15,6.15,75,95300,9.96,6.10,6.15
26.03.21 14:51:59,6.10,6.10,6.10,6.10,150,95300,9.96,6.10,6.15
26.03.21 14:52:59,6.20,6.25,6.20,6.25,650,95300,9.96,6.10,6.25
26.03.21 14:53:59,6.15,6.15,6.05,6.05,100,95300,9.96,6.05,6.20
26.03.21 14:54:59,6.05,6.25,6.00,6.05,2300,95575,9.94,6.05,6.10
26.03.21 14:55:59,6.05,6.10,6.05,6.05,1350,95575,9.93,6.05,6.10
26.03.21 14:56:59,6.05,6.10,6.05,6.10,175,95575,9.93,6.15,6.20
26.03.21 14:57:59,6.25,6.25,6.10,6.10,300,95075,9.93,6.15,6.20
26.03.21 14:58:59,6.20,6.25,6.10,6.10,1350,95075,9.92,6.10,6.20
26.03.21 14:59:59,6.10,6.25,6.05,6.25,1250,95075,9.91,6.10,6.25
26.03.21 15:00:59,6.05,6.20,6.05,6.20,2625,95500,9.90,6.20,6.25
26.03.21 15:01:59,6.20,6.40,6.20,6.25,875,95500,9.89,6.25,6.30
26.03.21 15:02:59,6.30,6.30,6.25,6.30,1775,95500,9.88,6.30,6.45
26.03.21 15:03:59,6.30,6.45,6.05,6.10,1250,96225,9.87,6.10,6.20
26.03.21 15:04:59,6.10,6.30,6.10,6.30,2550,96225,9.86,6.15,6.30
26.03.21 15:05:59,6.10,6.10,5.80,5.80,1825,96225,9.85,5.80,5.90
26.03.21 15:06:59,5.80,5.90,5.70,5.80,925,96825,9.84,5.80,5.90
26.03.21 15:07:59,5.95,6.00,5.85,5.90,2200,96825,9.83,5.90,5.95
26.03.21 15:08:59,5.95,6.10,5.90,6.10,3925,96825,9.80,5.95,6.00
26.03.21 15:09:59,5.95,6.10,5.95,6.00,1525,96975,9.80,5.95,6.00
26.03.21 15:10:59,6.00,6.00,5.30,5.35,6150,96975,9.75,5.30,5.35
26.03.21 15:11:59,5.30,5.60,5.25,5.60,3075,96975,9.73,5.50,5.65
26.03.21 15:12:59,5.50,5.50,5.30,5.50,1175,98625,9.73,5.35,5.50
26.03.21 15:13:59,5.35,5.50,5.30,5.40,950,98625,9.72,5.40,5.45
26.03.21 15:14:59,5.40,5.70,5.40,5.70,2275,98625,9.70,5.55,5.70
26.03.21 15:15:59,5.70,5.70,5.20,5.25,4125,98200,9.68,5.25,5.45
26.03.21 15:16:59,5.25,5.35,5.15,5.15,1800,98200,9.67,5.10,5.20
26.03.21 15:17:59,5.10,5.15,5.00,5.15,2925,98200,9.64,5.00,5.10
26.03.21 15:18:59,5.15,5.30,5.05,5.25,3550,97975,9.62,5.20,5.30
26.03.21 15:19:59,5.30,5.40,5.20,5.25,2825,97975,9.60,5.25,5.40
26.03.21 15:20:59,5.25,5.30,5.10,5.10,1850,97975,9.59,5.10,5.30
26.03.21 15:21:59,5.30,5.30,4.85,4.90,3075,100500,9.57,4.85,4.95
26.03.21 15:22:59,4.95,5.20,4.80,5.05,2275,100500,9.55,5.05,5.15
26.03.21 15:23:59,5.10,5.50,4.90,4.90,2050,100500,9.54,4.80,5.35
26.03.21 15:24:59,5.20,5.20,4.90,5.10,4100,98500,9.51,5.10,5.50
26.03.21 15:25:59,5.10,5.30,4.60,5.00,3850,98500,9.49,4.65,5.00
26.03.21 15:26:59,5.00,5.25,4.90,5.20,975,98500,9.48,5.00,5.20
26.03.21 15:27:59,5.00,5.20,4.45,5.15,4025,98650,9.45,5.15,5.20
26.03.21 15:28:59,5.15,5.85,5.05,5.45,3325,98650,9.44,5.15,5.25
26.03.21 15:30:00,5.25,5.85,5.05,5.05,4725,98650,9.41,5.05,5.35
30.03.21 09:15:59,5.00,6.15,3.15,4.85,4550,99350,5.29,4.55,5.95
30.03.21 09:16:59,4.75,4.95,4.30,4.50,2625,99350,5.02,4.45,4.50
30.03.21 09:17:59,5.15,5.40,4.50,4.75,3550,104025,4.96,4.75,5.35
30.03.21 09:18:59,4.75,5.20,4.60,4.85,1650,104025,4.95,4.80,5.05
30.03.21 09:19:59,5.05,5.05,4.70,4.70,2075,104025,4.95,4.70,5.00
30.03.21 09:20:59,4.70,4.85,4.70,4.85,825,104175,4.94,4.75,4.90
30.03.21 09:21:59,4.75,5.00,4.70,4.90,2225,104175,4.93,4.75,4.90
30.03.21 09:22:59,4.90,4.95,4.80,4.95,4000,104175,4.90,4.60,4.95
30.03.21 09:23:59,5.00,5.15,4.75,4.90,2350,103000,4.91,4.70,4.90
30.03.21 09:24:59,4.90,5.35,4.70,4.85,2975,103000,4.93,4.80,5.05
30.03.21 09:25:59,4.65,5.05,4.65,5.00,1800,103000,4.93,4.80,5.00
30.03.21 09:26:59,5.00,5.00,4.80,4.95,175,102675,4.93,4.80,4.95
30.03.21 09:27:59,5.00,5.20,4.65,4.85,4375,102675,4.93,4.85,4.95
30.03.21 09:28:59,4.85,5.25,4.65,5.20,7950,102675,4.95,4.75,5.15
30.03.21 09:29:59,4.85,4.95,4.75,4.75,2250,105975,4.95,4.85,5.00
30.03.21 09:30:59,4.95,5.05,4.75,4.95,2950,105975,4.95,4.80,4.95
30.03.21 09:31:59,4.95,4.95,4.75,4.95,425,105975,4.95,4.85,4.95
30.03.21 09:32:59,4.75,4.75,4.65,4.70,550,104500,4.94,4.65,4.85
30.03.21 09:33:59,4.70,4.70,4.40,4.55,4325,104500,4.91,4.45,4.55
30.03.21 09:34:59,4.45,4.45,4.35,4.35,1100,104500,4.90,4.35,4.40
30.03.21 09:35:59,4.40,4.45,4.30,4.30,2000,102525,4.88,4.25,4.40
30.03.21 09:36:59,4.25,4.35,4.20,4.20,5075,102525,4.82,4.25,4.30
30.03.21 09:37:59,4.30,4.30,4.25,4.30,125,102525,4.82,4.25,4.30
30.03.21 09:38:59,4.25,4.60,4.25,4.45,800,102250,4.82,4.45,4.50
30.03.21 09:39:59,4.45,4.50,4.30,4.30,350,102250,4.81,4.30,4.55
30.03.21 09:40:59,4.30,4.35,4.30,4.30,925,102250,4.81,4.30,4.35
30.03.21 09:41:59,4.45,4.45,4.30,4.35,875,102125,4.80,4.30,4.35
30.03.21 09:42:59,4.30,4.40,4.30,4.35,2100,102125,4.79,4.35,4.40
30.03.21 09:43:59,4.35,4.40,4.15,4.20,2875,102125,4.76,4.20,4.35
30.03.21 09:44:59,4.20,4.30,4.15,4.20,525,101100,4.76,4.20,4.30
30.03.21 09:45:59,4.30,4.40,4.30,4.40,1600,101100,4.75,4.40,4.45
30.03.21 09:46:59,4.40,4.40,4.15,4.25,8100,101100,4.69,4.25,4.30
30.03.21 09:47:59,4.25,4.45,4.25,4.40,1350,93350,4.69,4.30,4.40
30.03.21 09:48:59,4.30,4.45,4.25,4.25,875,93350,4.68,4.25,4.30
30.03.21 09:49:59,4.25,4.35,4.25,4.35,1225,93350,4.67,4.20,4.30
30.03.21 09:50:59,4.25,4.25,4.20,4.20,75,91825,4.67,4.20,4.25
30.03.21 09:51:59,4.30,4.30,4.10,4.10,350,91825,4.67,4.05,4.20
30.03.21 09:52:59,4.15,4.25,4.10,4.10,675,91825,4.67,4.10,4.20
30.03.21 09:53:59,4.25,4.30,4.05,4.20,550,91525,4.66,4.10,4.20
30.03.21 09:54:59,4.20,4.20,4.15,4.15,200,91525,4.66,4.15,4.25
30.03.21 09:55:59,4.15,4.35,4.15,4.35,1975,91525,4.65,4.30,4.35
30.03.21 09:56:59,4.35,4.35,4.25,4.35,2600,92525,4.64,4.25,4.30
30.03.21 09:57:59,4.30,4.35,4.30,4.35,550,92525,4.64,4.30,4.35
30.03.21 09:58:59,4.30,4.35,4.20,4.35,6925,92525,4.62,4.25,4.35
30.03.21 09:59:59,4.35,4.45,4.30,4.40,2875,86200,4.61,4.35,4.45
30.03.21 10:00:59,4.40,4.80,4.40,4.55,6050,86200,4.61,4.45,4.55
30.03.21 10:01:59,4.50,4.50,4.45,4.50,1650,86200,4.61,4.50,4.55
30.03.21 10:02:59,4.55,4.60,4.55,4.55,125,83350,4.61,4.45,4.55
30.03.21 10:03:59,4.45,4.55,4.35,4.35,200,83350,4.61,4.35,4.50
30.03.21 10:04:59,4.40,4.40,4.30,4.35,200,83350,4.61,4.30,4.40
30.03.21 10:06:59,4.30,4.30,4.30,4.30,450,83375,4.61,4.35,4.40
30.03.21 10:08:59,4.40,4.45,4.40,4.45,75,83375,4.61,4.45,4.50
30.03.21 10:09:59,4.50,4.60,4.50,4.60,125,83575,4.61,4.50,4.55
30.03.21 10:10:59,4.50,4.50,4.40,4.40,100,83575,4.61,4.40,4.50
30.03.21 10:11:59,4.50,4.50,4.40,4.45,150,83575,4.61,4.45,4.60
30.03.21 10:13:59,4.40,4.60,4.40,4.60,600,83575,4.61,4.50,4.60
30.03.21 10:14:59,4.50,4.90,4.45,4.65,750,83600,4.61,4.55,4.70
30.03.21 10:16:59,4.60,5.00,4.55,4.95,1375,83600,4.61,4.60,4.85
30.03.21 10:17:59,4.90,5.05,4.90,4.90,525,84500,4.61,4.80,4.95
30.03.21 10:18:59,4.95,5.00,4.80,5.00,1300,84500,4.61,4.85,5.00
30.03.21 10:19:59,5.00,5.80,4.90,4.90,2825,84500,4.63,4.90,4.95
30.03.21 10:20:59,5.00,5.05,4.75,5.05,2025,85900,4.64,4.90,5.05
30.03.21 10:21:59,5.05,5.35,5.05,5.10,425,85900,4.64,5.05,5.25
30.03.21 10:22:59,5.25,5.40,5.00,5.05,1525,85900,4.65,5.00,5.20
30.03.21 10:23:59,5.05,5.05,5.05,5.05,325,87150,4.65,5.05,5.10
30.03.21 10:24:59,5.05,5.20,5.00,5.00,375,87150,4.65,4.90,5.20
30.03.21 10:25:59,5.00,5.00,4.90,5.00,1375,87150,4.65,4.90,5.00
30.03.21 10:26:59,5.00,5.00,4.95,5.00,175,87250,4.65,4.90,5.00
30.03.21 10:27:59,4.90,4.90,4.55,4.60,1625,87250,4.65,4.60,4.75
30.03.21 10:28:59,4.60,4.70,4.60,4.70,275,87250,4.65,4.60,4.70
30.03.21 10:29:59,4.70,4.70,4.60,4.60,100,87250,4.65,4.60,4.70
30.03.21 10:30:59,4.65,4.70,4.65,4.65,150,87300,4.65,4.65,4.70
30.03.21 10:31:59,4.70,4.70,4.65,4.70,300,87300,4.65,4.65,4.75
30.03.21 10:32:59,4.65,4.65,4.50,4.50,650,87300,4.65,4.50,4.65
30.03.21 10:33:59,4.50,4.50,4.45,4.45,600,87300,4.65,4.40,4.50
30.03.21 10:34:59,4.40,4.50,4.35,4.35,675,87300,4.65,4.35,4.45
30.03.21 10:35:59,4.45,4.45,4.35,4.35,200,87000,4.65,4.35,4.45
30.03.21 10:36:59,4.45,4.50,4.40,4.40,350,87000,4.65,4.40,4.50
30.03.21 10:37:59,4.40,4.50,4.40,4.50,75,87000,4.65,4.40,4.50
30.03.21 10:39:59,4.45,4.50,4.45,4.45,250,86675,4.65,4.40,4.50
30.03.21 10:40:59,4.40,4.40,4.40,4.40,50,86675,4.65,4.40,4.50
30.03.21 10:41:59,4.40,4.45,4.40,4.40,1775,86550,4.64,4.40,4.50
30.03.21 10:42:59,4.40,4.40,4.30,4.35,575,86550,4.64,4.35,4.45
30.03.21 10:44:59,4.35,4.35,4.30,4.30,425,86375,4.64,4.30,4.35
30.03.21 10:45:59,4.30,4.35,4.25,4.35,750,86375,4.64,4.25,4.35
30.03.21 10:46:59,4.25,4.25,4.25,4.25,175,86375,4.64,4.25,4.35
30.03.21 10:47:59,4.30,4.30,4.30,4.30,50,86375,4.64,4.25,4.35
30.03.21 10:48:59,4.35,4.35,4.30,4.30,100,85875,4.64,4.25,4.30
30.03.21 10:49:59,4.30,4.35,4.25,4.25,275,85875,4.64,4.25,4.30
30.03.21 10:50:59,4.30,4.30,4.30,4.30,275,85775,4.64,4.30,4.35
30.03.21 10:52:59,4.35,4.35,4.35,4.35,700,85775,4.64,4.25,4.35
30.03.21 10:56:59,4.25,4.25,4.25,4.25,150,84875,4.64,4.25,4.35
30.03.21 10:57:59,4.30,4.30,4.30,4.30,125,84875,4.63,4.25,4.35
30.03.21 10:58:59,4.35,4.35,4.35,4.35,200,84875,4.63,4.25,4.35
30.03.21 11:01:59,4.25,4.25,4.25,4.25,25,84575,4.63,4.25,4.35
30.03.21 11:02:59,4.35,4.35,4.35,4.35,25,84575,4.63,4.25,4.30
30.03.21 11:03:59,4.30,4.30,4.30,4.30,50,84575,4.63,4.25,4.35
30.03.21 11:04:59,4.25,4.25,4.25,4.25,1525,84575,4.63,4.25,4.35
30.03.21 11:05:59,4.25,4.25,4.25,4.25,425,84575,4.63,4.25,4.35
30.03.21 11:06:59,4.25,4.25,4.25,4.25,650,84550,4.63,4.20,4.25
30.03.21 11:07:59,4.30,4.30,4.30,4.30,50,84550,4.63,4.30,4.35
30.03.21 11:08:59,4.45,4.45,4.45,4.45,75,84550,4.63,4.35,4.45
30.03.21 11:11:59,4.45,4.45,4.25,4.35,800,84175,4.63,4.30,4.45
30.03.21 11:12:59,4.35,4.35,4.35,4.35,25,84175,4.63,4.30,4.40
30.03.21 11:13:59,4.30,4.30,4.30,4.30,50,84175,4.62,4.25,4.40
30.03.21 11:14:59,4.30,4.30,4.30,4.30,800,84175,4.62,4.25,4.30
30.03.21 11:15:59,4.40,4.55,4.40,4.55,2600,83625,4.62,4.55,4.60
30.03.21 11:16:59,4.55,4.65,4.50,4.50,475,83625,4.62,4.50,4.60
30.03.21 11:17:59,4.50,4.50,4.50,4.50,100,83625,4.62,4.50,4.60
30.03.21 11:18:59,4.60,4.60,4.60,4.60,100,83550,4.62,4.50,4.60
30.03.21 11:19:59,4.60,4.60,4.60,4.60,25,83550,4.62,4.50,4.60
30.03.21 11:20:59,4.60,4.60,4.55,4.55,975,83550,4.62,4.50,4.60
30.03.21 11:21:59,4.50,4.50,4.50,4.50,50,83550,4.62,4.50,4.60
30.03.21 11:22:59,4.50,4.50,4.50,4.50,75,83550,4.62,4.50,4.60
30.03.21 11:23:59,4.55,4.55,4.55,4.55,25,83550,4.62,4.50,4.65
30.03.21 11:24:59,4.75,4.75,4.55,4.55,225,83550,4.62,4.55,4.70
30.03.21 11:25:59,4.55,4.55,4.55,4.55,25,83550,4.62,4.50,4.65
30.03.21 11:26:59,4.50,4.50,4.50,4.50,600,83550,4.62,4.50,4.60
30.03.21 11:28:59,4.50,4.90,4.50,4.70,2650,83650,4.62,4.55,4.70
30.03.21 11:29:59,4.65,4.90,4.60,4.60,950,83650,4.62,4.60,4.75
30.03.21 11:30:59,4.55,4.65,4.55,4.65,1025,86250,4.62,4.65,4.80
30.03.21 11:31:59,4.55,4.55,4.55,4.55,400,86250,4.62,4.55,4.75
30.03.21 11:32:59,4.55,4.55,4.55,4.55,250,86250,4.62,4.55,4.70
30.03.21 11:34:59,4.55,4.55,4.50,4.50,475,84975,4.62,4.50,4.65
30.03.21 11:35:59,4.65,4.70,4.50,4.70,1200,84975,4.62,4.50,4.65
30.03.21 11:37:59,4.50,4.70,4.50,4.55,200,84600,4.62,4.50,4.65
30.03.21 11:38:59,4.50,4.50,4.50,4.50,25,84600,4.62,4.50,4.65
30.03.21 11:39:59,4.50,4.50,4.50,4.50,25,84600,4.62,4.50,4.55
30.03.21 11:40:59,4.50,4.50,4.50,4.50,100,84600,4.62,4.50,4.65
30.03.21 11:42:59,4.70,4.70,4.70,4.70,250,84600,4.62,4.50,4.70
30.03.21 11:45:59,4.55,4.55,4.55,4.55,100,84800,4.62,4.55,4.70
30.03.21 11:49:59,4.70,4.70,4.70,4.70,900,84700,4.62,4.55,4.70
30.03.21 11:50:59,4.70,4.70,4.55,4.55,150,84700,4.62,4.55,4.65
30.03.21 11:53:59,4.60,4.60,4.60,4.60,25,84775,4.62,4.60,4.65
30.03.21 11:54:59,4.60,4.80,4.60,4.75,550,84800,4.62,4.60,4.80
30.03.21 11:55:59,4.85,4.85,4.85,4.85,300,84800,4.62,4.70,4.85
30.03.21 11:56:59,4.90,4.90,4.90,4.90,100,84800,4.62,4.70,4.90
30.03.21 11:57:59,4.85,4.85,4.80,4.80,50,85225,4.62,4.70,4.80
30.03.21 12:02:59,4.80,4.80,4.70,4.70,225,85225,4.62,4.70,4.80
30.03.21 12:03:59,4.80,4.85,4.80,4.85,250,85450,4.62,4.65,4.85
30.03.21 12:04:59,4.85,4.85,4.65,4.65,450,85450,4.62,4.75,4.80
30.03.21 12:05:59,4.75,4.80,4.75,4.80,75,85450,4.62,4.65,4.80
30.03.21 12:06:59,4.65,4.65,4.50,4.50,925,85450,4.62,4.55,4.75
30.03.21 12:07:59,4.50,4.55,4.50,4.55,50,85450,4.62,4.55,4.70
30.03.21 12:08:59,4.50,4.70,4.20,4.20,3575,85450,4.62,4.30,4.45
30.03.21 12:09:59,4.45,4.55,4.30,4.40,800,83200,4.62,4.40,4.55
30.03.21 12:10:59,4.55,4.55,4.30,4.30,975,83200,4.62,4.30,4.45
30.03.21 12:11:59,4.30,4.35,4.25,4.35,675,83200,4.61,4.30,4.45
30.03.21 12:12:59,4.45,4.50,4.30,4.50,450,81800,4.61,4.35,4.50
30.03.21 12:13:59,4.35,4.45,4.35,4.45,75,81800,4.61,4.35,4.45
30.03.21 12:14:59,4.45,4.60,4.30,4.35,1375,81800,4.61,4.35,4.60
30.03.21 12:15:59,4.60,4.60,4.55,4.60,475,81125,4.61,4.50,4.60
30.03.21 12:16:59,4.60,4.60,4.50,4.50,75,81125,4.61,4.45,4.60
30.03.21 12:17:59,4.50,4.50,4.40,4.40,225,81125,4.61,4.40,4.65
30.03.21 12:18:59,4.65,4.65,4.45,4.45,100,81250,4.61,4.45,4.60
30.03.21 12:19:59,4.30,4.30,4.30,4.30,100,81250,4.61,4.40,4.45
30.03.21 12:20:59,4.40,4.40,4.20,4.35,775,81250,4.61,4.30,4.45
30.03.21 12:22:59,4.30,4.30,4.30,4.30,50,81250,4.61,4.30,4.35
30.03.21 12:23:59,4.30,4.30,4.30,4.30,50,81250,4.61,4.30,4.35
30.03.21 12:24:59,4.30,4.30,4.30,4.30,175,81250,4.61,4.30,4.40
30.03.21 12:26:59,4.30,4.30,4.20,4.25,525,81250,4.61,4.20,4.25
30.03.21 12:27:59,4.25,4.30,4.10,4.10,3050,80775,4.60,4.15,4.20
30.03.21 12:28:59,4.10,4.10,4.10,4.10,800,80775,4.60,4.15,4.25
30.03.21 12:29:59,4.25,4.35,4.10,4.10,200,80775,4.60,4.05,4.10
30.03.21 12:30:59,4.10,4.10,4.10,4.10,925,79875,4.59,4.10,4.15
30.03.21 12:31:59,4.10,4.15,4.10,4.10,200,79875,4.59,4.10,4.20
30.03.21 12:32:59,4.20,4.20,4.10,4.10,375,79875,4.59,4.10,4.20
30.03.21 12:33:59,4.10,4.10,4.10,4.10,50,79875,4.59,4.10,4.20
30.03.21 12:34:59,4.20,4.25,4.20,4.25,600,79725,4.59,4.15,4.25
30.03.21 12:37:59,4.15,4.15,4.15,4.15,50,79525,4.59,4.15,4.25
30.03.21 12:38:59,4.25,4.25,4.25,4.25,200,79525,4.59,4.15,4.25
30.03.21 12:40:59,4.20,4.20,4.20,4.20,75,79550,4.59,4.15,4.25
30.03.21 12:41:59,4.25,4.25,4.25,4.25,50,79550,4.59,4.20,4.25
30.03.21 12:42:59,4.20,4.20,4.20,4.20,150,79625,4.59,4.15,4.20
30.03.21 12:43:59,4.15,4.15,4.15,4.15,100,79625,4.59,4.15,4.20
30.03.21 12:44:59,4.15,4.15,4.10,4.10,100,79625,4.59,4.10,4.15
30.03.21 12:46:59,4.10,4.10,4.05,4.05,200,79700,4.59,4.05,4.10
30.03.21 12:47:59,4.10,4.15,4.10,4.15,175,79700,4.59,4.05,4.15
30.03.21 12:50:59,4.15,4.15,4.15,4.15,100,79725,4.59,4.05,4.15
30.03.21 12:52:59,4.15,4.25,4.10,4.25,425,79725,4.59,4.25,4.35
30.03.21 12:53:59,4.30,4.30,4.30,4.30,150,79725,4.59,4.30,4.35
30.03.21 12:54:59,4.30,4.35,4.30,4.35,675,79475,4.59,4.30,4.35
30.03.21 12:56:59,4.30,4.30,4.30,4.30,25,79475,4.59,4.25,4.30
30.03.21 12:57:59,4.25,4.25,4.20,4.25,225,79775,4.59,4.25,4.30
30.03.21 12:58:59,4.25,4.25,4.25,4.25,675,79775,4.58,4.20,4.30
30.03.21 12:59:59,4.15,4.15,4.15,4.15,100,79775,4.58,4.20,4.25
30.03.21 13:00:59,4.15,4.15,4.15,4.15,100,79750,4.58,4.10,4.25
30.03.21 13:01:59,4.10,4.10,4.10,4.10,50,79750,4.58,4.10,4.15
30.03.21 13:03:59,4.25,4.25,4.25,4.25,150,79750,4.58,4.15,4.25
30.03.21 13:06:59,4.20,4.30,4.20,4.30,400,79750,4.58,4.15,4.30
30.03.21 13:07:59,4.15,4.15,4.10,4.10,350,79750,4.58,4.05,4.10
30.03.21 13:08:59,4.35,4.35,4.25,4.25,525,79750,4.58,4.10,4.15
30.03.21 13:10:59,4.10,4.15,4.05,4.05,525,79750,4.58,4.05,4.10
30.03.21 13:11:59,4.05,4.10,4.05,4.10,100,79750,4.58,4.05,4.10
30.03.21 13:12:59,4.05,4.05,4.00,4.00,150,79750,4.58,4.00,4.05
30.03.21 13:13:59,4.00,4.00,4.00,4.00,300,79750,4.58,4.00,4.05
30.03.21 13:14:59,4.05,4.05,4.00,4.00,2450,79750,4.57,4.00,4.10
30.03.21 13:15:59,4.00,4.00,4.00,4.00,1000,78425,4.57,4.00,4.05
30.03.21 13:16:59,4.00,4.00,3.95,3.95,100,78425,4.57,3.95,4.00
30.03.21 13:17:59,3.95,3.95,3.95,3.95,200,78425,4.57,3.90,4.00
30.03.21 13:19:59,3.85,3.85,3.85,3.85,500,78650,4.56,3.80,3.95
30.03.21 13:21:59,3.95,3.95,3.85,3.85,75,78650,4.56,3.85,3.90
30.03.21 13:22:59,3.90,3.95,3.85,3.85,1000,78650,4.56,3.80,3.95
30.03.21 13:23:59,3.95,4.00,3.95,4.00,1025,78650,4.56,3.85,4.00
30.03.21 13:24:59,4.00,4.00,4.00,4.00,25,78800,4.56,3.85,4.00
30.03.21 13:25:59,4.00,4.05,4.00,4.05,325,78800,4.56,3.85,4.00
30.03.21 13:26:59,4.05,4.05,4.05,4.05,2500,78800,4.55,3.95,4.05
30.03.21 13:27:59,4.25,4.30,3.85,3.95,5525,79125,4.53,3.85,3.95
30.03.21 13:28:59,4.00,4.00,3.75,3.75,1000,79125,4.53,3.75,3.95
30.03.21 13:29:59,3.85,3.85,3.85,3.85,25,79125,4.53,3.80,3.95
30.03.21 13:30:59,3.85,3.85,3.80,3.80,1025,77900,4.53,3.80,3.85
30.03.21 13:31:59,3.85,3.85,3.80,3.80,125,77900,4.53,3.80,3.85
30.03.21 13:32:59,3.85,3.85,3.80,3.85,1650,77900,4.52,3.85,3.90
30.03.21 13:33:59,3.90,4.00,3.90,4.00,2575,75700,4.51,3.95,4.00
30.03.21 13:34:59,4.00,4.05,3.95,4.05,850,75700,4.51,3.90,4.15
30.03.21 13:35:59,4.15,4.15,4.15,4.15,75,75700,4.51,4.10,4.25
30.03.21 13:36:59,4.25,4.25,4.10,4.25,175,75150,4.51,4.15,4.25
30.03.21 13:37:59,4.15,4.15,4.15,4.15,150,75150,4.51,4.15,4.25
30.03.21 13:38:59,4.15,4.15,4.15,4.15,50,75150,4.51,4.15,4.25
30.03.21 13:39:59,4.15,4.15,4.15,4.15,75,75050,4.51,4.15,4.30
30.03.21 13:42:59,4.20,4.40,4.15,4.35,1125,74625,4.51,4.35,4.40
30.03.21 13:44:59,4.35,4.35,4.35,4.35,875,74625,4.51,4.35,4.45
30.03.21 13:45:59,4.35,4.40,4.35,4.40,300,74500,4.51,4.40,4.45
30.03.21 13:47:59,4.40,4.40,4.40,4.40,450,74500,4.51,4.35,4.40
30.03.21 13:48:59,4.40,4.50,4.35,4.35,375,74500,4.51,4.35,4.45
30.03.21 13:49:59,4.35,4.60,4.35,4.60,150,74100,4.51,4.45,4.65
30.03.21 13:50:59,4.65,4.65,4.50,4.50,9875,74100,4.51,0.00,0.00
30.03.21 13:51:59,4.50,4.60,4.50,4.60,5325,76775,4.51,4.60,4.85
30.03.21 13:52:59,4.60,4.70,4.60,4.60,3025,76775,4.51,4.60,4.65
30.03.21 13:53:59,4.55,4.85,4.55,4.65,6150,76775,4.51,4.60,4.70
30.03.21 13:54:59,4.55,4.95,4.55,4.65,3175,79875,4.52,4.50,4.85
30.03.21 13:55:59,4.80,4.80,4.55,4.65,5525,79875,4.52,4.50,4.65
30.03.21 13:56:59,4.60,4.65,4.15,4.60,8325,79875,4.52,4.40,4.60
30.03.21 13:57:59,4.60,4.60,4.50,4.55,3325,74650,4.52,4.40,4.60
30.03.21 13:58:59,4.45,4.45,4.45,4.45,500,74650,4.52,4.45,4.55
30.03.21 13:59:59,4.35,4.55,4.30,4.45,1850,74650,4.52,4.35,4.45
30.03.21 14:00:59,4.30,4.45,4.30,4.45,575,74650,4.52,4.35,4.50
30.03.21 14:01:59,4.30,4.55,4.30,4.55,1525,73725,4.52,4.35,4.55
30.03.21 14:02:59,4.60,4.60,4.60,4.60,200,73725,4.52,4.40,4.50
30.03.21 14:03:59,4.40,4.40,4.40,4.40,50,73725,4.52,4.35,4.40
30.03.21 14:04:59,4.35,4.45,4.30,4.45,1100,73300,4.52,4.35,4.45
30.03.21 14:06:59,4.40,4.45,4.35,4.45,150,74225,4.52,4.35,4.45
30.03.21 14:07:59,4.35,4.35,4.30,4.30,100,74225,4.52,4.35,4.45
30.03.21 14:10:59,4.40,4.40,4.30,4.35,175,74300,4.52,4.30,4.40
30.03.21 14:13:59,4.40,4.40,4.40,4.40,200,74225,4.52,4.40,4.45
30.03.21 14:14:59,4.40,4.40,4.40,4.40,175,74225,4.52,4.35,4.45
30.03.21 14:15:59,4.35,4.35,4.35,4.35,250,74050,4.52,4.35,4.45
30.03.21 14:16:59,4.35,4.35,4.35,4.35,775,74050,4.52,4.35,4.45
30.03.21 14:17:59,4.35,4.40,4.30,4.30,750,74050,4.52,4.35,4.45
30.03.21 14:18:59,4.35,4.45,4.30,4.35,950,74275,4.52,4.30,4.40
30.03.21 14:19:59,4.35,4.35,4.35,4.35,50,74275,4.52,4.35,4.45
30.03.21 14:20:59,4.35,4.45,4.35,4.40,450,74275,4.52,4.40,4.45
30.03.21 14:21:59,4.40,4.40,4.30,4.30,475,74025,4.52,4.15,4.35
30.03.21 14:23:59,4.20,4.20,4.20,4.20,50,74025,4.52,4.20,4.30
30.03.21 14:24:59,4.25,4.30,4.05,4.05,3500,73850,4.51,4.10,4.30
30.03.21 14:25:59,4.20,4.20,4.20,4.20,50,73850,4.51,4.15,4.25
30.03.21 14:26:59,4.20,4.20,4.05,4.05,75,73850,4.51,4.05,4.20
30.03.21 14:27:59,4.30,4.50,4.25,4.25,1225,71650,4.51,4.25,4.45
30.03.21 14:29:59,4.30,4.30,4.30,4.30,50,71650,4.51,4.30,4.40
30.03.21 14:30:59,4.25,4.25,4.15,4.15,650,71650,4.51,4.30,4.45
30.03.21 14:31:59,4.30,4.45,4.30,4.30,500,71475,4.51,4.30,4.40
30.03.21 14:33:59,4.30,4.30,4.30,4.30,100,71475,4.51,4.25,4.35
30.03.21 14:37:59,4.35,4.40,4.35,4.40,350,71425,4.51,4.30,4.40
30.03.21 14:38:59,4.40,4.40,4.40,4.40,25,71425,4.51,4.30,4.40
30.03.21 14:39:59,4.30,4.30,4.30,4.30,75,71475,4.51,4.30,4.40
30.03.21 14:40:59,4.30,4.30,4.30,4.30,150,71475,4.51,4.30,4.40
30.03.21 14:41:59,4.30,4.35,4.30,4.35,75,71475,4.51,4.25,4.35
30.03.21 14:43:59,4.25,4.25,4.15,4.15,200,71325,4.51,4.30,4.40
30.03.21 14:44:59,4.30,4.50,4.30,4.50,550,71325,4.51,4.40,4.55
30.03.21 14:45:59,4.40,4.40,4.35,4.35,125,70625,4.51,4.35,4.50
30.03.21 14:46:59,4.40,4.45,4.35,4.45,425,70625,4.51,4.40,4.50
30.03.21 14:48:59,4.45,4.50,4.45,4.50,500,70450,4.51,4.45,4.55
30.03.21 14:49:59,4.50,4.50,3.95,4.05,3300,70450,4.50,3.95,4.15
30.03.21 14:50:59,4.10,4.10,4.05,4.05,450,70450,4.50,3.95,4.00
30.03.21 14:51:59,3.95,4.00,3.95,4.00,125,70450,4.50,3.95,4.00
30.03.21 14:52:59,4.00,4.00,4.00,4.00,100,70525,4.50,4.00,4.10
30.03.21 14:53:59,4.10,4.15,4.00,4.15,125,70525,4.50,4.00,4.15
30.03.21 14:54:59,4.00,4.15,4.00,4.15,225,70525,4.50,4.00,4.15
30.03.21 14:55:59,4.15,4.15,4.10,4.15,100,70525,4.50,4.00,4.15
30.03.21 14:56:59,4.00,4.00,4.00,4.00,75,70525,4.50,4.00,4.15
30.03.21 14:57:59,4.00,4.00,4.00,4.00,75,70525,4.50,4.00,4.15
30.03.21 14:58:59,4.15,4.15,4.15,4.15,25,70525,4.50,4.00,4.20
30.03.21 14:59:59,4.20,4.20,4.00,4.00,200,70525,4.50,3.95,4.20
30.03.21 15:00:59,4.10,4.15,3.90,3.95,625,70800,4.50,3.90,4.10
30.03.21 15:01:59,4.10,4.15,3.95,4.15,675,70800,4.50,4.15,4.20
30.03.21 15:02:59,4.20,4.20,4.10,4.10,775,70800,4.50,4.10,4.15
30.03.21 15:03:59,4.10,4.10,3.95,4.10,975,70800,4.50,3.90,4.10
30.03.21 15:04:59,4.10,4.10,3.90,4.05,250,71000,4.50,3.90,4.10
30.03.21 15:05:59,4.10,4.10,4.05,4.05,150,71000,4.50,0.00,0.00
30.03.21 15:06:59,4.10,4.10,3.85,3.95,675,71000,4.49,3.90,4.10
30.03.21 15:07:59,4.05,4.10,3.85,4.05,625,70825,4.49,3.85,4.00
30.03.21 15:08:59,4.05,4.05,3.80,3.80,1125,70825,4.49,3.80,3.90
30.03.21 15:09:59,3.80,3.90,3.80,3.80,1350,70825,4.49,3.80,3.90
30.03.21 15:10:59,3.90,3.90,3.55,3.55,500,68950,4.49,3.60,3.75
30.03.21 15:11:59,3.70,3.70,3.70,3.70,825,68950,4.48,3.60,3.70
30.03.21 15:12:59,3.60,4.10,3.60,3.60,2700,68950,4.48,3.80,3.95
30.03.21 15:13:59,3.80,3.95,3.80,3.80,1325,68700,4.48,3.75,3.95
30.03.21 15:14:59,3.95,4.00,3.75,3.85,1225,68700,4.47,3.85,4.00
30.03.21 15:15:59,4.00,4.00,3.85,3.95,675,68700,4.47,3.85,3.95
30.03.21 15:16:59,3.80,3.95,3.80,3.95,1725,68550,4.47,3.85,4.00
30.03.21 15:17:59,4.00,4.10,3.85,4.10,750,68550,4.47,4.00,4.10
30.03.21 15:18:59,4.00,4.50,4.00,4.50,775,68550,4.47,4.05,4.40
30.03.21 15:19:59,4.05,4.10,4.00,4.10,525,68475,4.47,4.10,4.45
30.03.21 15:20:59,4.45,4.45,4.00,4.05,700,68475,4.46,4.00,4.05
30.03.21 15:21:59,4.00,4.40,4.00,4.15,1850,68475,4.46,4.15,4.35
30.03.21 15:22:59,4.15,4.15,3.60,3.60,1800,68425,4.46,3.60,3.95
30.03.21 15:23:59,3.60,4.00,3.50,4.00,4650,68425,4.45,3.55,3.75
30.03.21 15:24:59,3.75,3.75,3.50,3.50,4550,68425,4.43,3.40,3.50
30.03.21 15:25:59,3.40,3.60,3.30,3.30,5650,68750,4.42,3.40,3.60
30.03.21 15:26:59,3.50,3.55,3.30,3.50,4425,68750,4.40,3.35,3.50
30.03.21 15:27:59,3.50,3.50,3.45,3.50,800,68750,4.40,3.40,3.50
30.03.21 15:28:59,3.50,3.50,3.05,3.50,2825,71650,4.39,3.15,3.60
30.03.21 15:30:00,3.50,3.65,2.60,3.00,4775,71650,4.37,2.65,3.00
31.03.21 09:15:59,3.50,4.00,3.00,3.00,275,73300,3.71,3.00,3.50
31.03.21 09:16:59,3.25,3.25,3.25,3.25,50,73300,3.64,3.25,3.35
31.03.21 09:17:59,3.25,3.35,2.90,3.15,1225,73725,3.36,2.90,3.10
31.03.21 09:18:59,3.15,3.15,2.85,2.85,1675,73725,3.12,2.85,3.10
31.03.21 09:19:59,3.10,3.10,2.85,2.85,175,73725,3.12,2.85,2.95
31.03.21 09:20:59,2.95,2.95,2.85,2.85,625,72675,3.08,2.80,2.85
31.03.21 09:21:59,2.80,3.05,2.80,3.00,1150,72675,3.03,2.80,2.85
31.03.21 09:22:59,2.70,2.75,2.65,2.75,2600,72675,2.92,2.80,2.90
31.03.21 09:23:59,2.90,2.95,2.90,2.95,100,74550,2.92,2.95,3.00
31.03.21 09:24:59,2.95,2.95,2.90,2.90,2700,74550,2.92,2.90,3.00
31.03.21 09:25:59,3.00,3.10,3.00,3.00,725,74550,2.92,3.00,3.10
31.03.21 09:26:59,3.00,3.45,2.20,2.50,2575,76200,2.93,2.90,3.20
31.03.21 09:27:59,2.90,3.25,2.50,2.50,900,76200,2.91,2.75,3.10
31.03.21 09:29:59,2.95,3.15,2.90,3.15,500,75550,2.92,3.15,3.20
31.03.21 09:30:59,3.20,3.20,2.90,2.90,475,75550,2.92,2.90,2.95
31.03.21 09:31:59,2.90,2.95,2.90,2.90,175,75550,2.92,2.75,2.95
31.03.21 09:32:59,2.80,2.80,2.80,2.80,75,75550,2.92,2.80,2.95
31.03.21 09:33:59,2.80,2.80,2.80,2.80,50,76400,2.92,2.80,2.95
31.03.21 09:34:59,3.10,3.10,3.00,3.10,850,76400,2.93,3.10,3.15
31.03.21 09:35:59,3.10,3.10,2.80,2.80,500,77200,2.93,2.80,2.95
31.03.21 09:36:59,2.80,2.95,2.80,2.80,275,77200,2.93,2.75,2.95
31.03.21 09:37:59,2.75,2.95,2.70,2.70,400,77200,2.93,2.70,2.75
31.03.21 09:38:59,2.70,2.90,2.70,2.90,75,77525,2.93,2.75,2.95
31.03.21 09:39:59,2.95,2.95,2.70,2.70,100,77525,2.93,2.75,2.95
31.03.21 09:40:59,3.00,3.00,2.75,2.85,425,77525,2.92,2.75,2.85
31.03.21 09:41:59,2.75,2.75,2.75,2.75,150,77525,2.92,2.75,2.85
31.03.21 09:42:59,2.75,2.75,2.65,2.65,50,77625,2.92,2.65,2.85
31.03.21 09:44:59,2.80,2.85,2.50,2.50,625,77450,2.91,2.50,2.65
31.03.21 09:45:59,2.70,2.75,2.65,2.75,525,77450,2.91,2.65,2.75
31.03.21 09:46:59,2.75,2.85,2.60,2.85,900,77450,2.90,2.70,2.85
31.03.21 09:47:59,2.85,2.85,2.80,2.80,975,77175,2.90,2.80,2.85
31.03.21 09:48:59,2.80,2.80,2.75,2.80,875,77175,2.89,2.80,2.85
31.03.21 09:49:59,3.10,3.10,3.10,3.10,100,77175,2.89,2.85,3.00
31.03.21 09:50:59,2.85,3.10,2.80,2.90,1025,76875,2.90,2.90,2.95
31.03.21 09:51:59,2.90,2.90,2.85,2.85,250,76875,2.90,2.80,2.95
31.03.21 09:52:59,2.80,2.95,2.65,2.90,3825,76875,2.89,2.90,2.95
31.03.21 09:53:59,2.90,2.95,2.90,2.90,1525,75525,2.89,2.85,2.95
31.03.21 09:54:59,2.90,2.95,2.85,2.85,600,75525,2.89,2.80,2.90
31.03.21 09:55:59,2.90,2.90,2.80,2.80,250,75525,2.89,2.80,2.95
31.03.21 09:56:59,2.95,2.95,2.90,2.90,1900,75750,2.90,2.90,2.95
31.03.21 09:57:59,2.95,2.95,2.85,2.95,3075,75750,2.90,2.95,3.00
31.03.21 09:58:59,2.95,3.00,2.90,2.95,2625,75750,2.90,2.90,3.00
31.03.21 09:59:59,2.90,2.95,2.90,2.95,325,75750,2.90,2.85,2.90
31.03.21 10:01:59,2.90,2.95,2.90,2.95,175,74750,2.90,2.95,3.00
31.03.21 10:02:59,2.95,3.00,2.95,2.95,175,74625,2.90,2.90,3.05
31.03.21 10:03:59,2.95,2.95,2.90,2.90,900,74625,2.90,2.90,3.00
31.03.21 10:04:59,2.90,2.90,2.90,2.90,100,74625,2.90,2.90,2.95
31.03.21 10:05:59,2.90,2.95,2.90,2.95,225,73600,2.90,2.90,3.00
31.03.21 10:06:59,2.90,2.95,2.90,2.95,175,73600,2.90,2.90,2.95
31.03.21 10:08:59,2.90,2.90,2.90,2.90,25,73575,2.90,2.85,2.95
31.03.21 10:10:59,2.85,3.00,2.85,3.00,125,73575,2.90,2.90,2.95
31.03.21 10:12:59,2.90,2.90,2.90,2.90,25,73550,2.90,2.90,2.95
31.03.21 10:13:59,2.90,2.90,2.90,2.90,25,73550,2.90,2.80,2.90
31.03.21 10:15:59,2.85,2.85,2.85,2.85,25,73575,2.90,2.85,2.90
31.03.21 10:16:59,2.85,2.95,2.85,2.95,250,73575,2.90,2.90,2.95
31.03.21 10:17:59,2.95,2.95,2.85,2.90,425,73450,2.90,2.85,2.95
31.03.21 10:18:59,2.95,2.95,2.90,2.90,75,73450,2.90,2.85,2.95
31.03.21 10:19:59,2.85,2.85,2.85,2.85,250,73450,2.90,2.85,2.90
31.03.21 10:20:59,2.85,2.85,2.80,2.85,325,73625,2.90,2.75,2.90
31.03.21 10:21:59,2.75,2.90,2.75,2.90,300,73625,2.90,2.75,2.90
31.03.21 10:22:59,2.85,2.85,2.80,2.80,125,73625,2.90,2.80,2.85
31.03.21 10:23:59,2.95,2.95,2.65,2.65,675,73825,2.90,2.60,2.80
31.03.21 10:24:59,2.75,2.75,2.75,2.75,200,73825,2.90,2.60,2.75
31.03.21 10:25:59,2.75,2.75,2.60,2.60,775,73825,2.89,2.50,2.65
31.03.21 10:26:59,2.65,2.65,2.65,2.65,125,73825,2.89,2.65,2.70
31.03.21 10:27:59,2.70,2.75,2.70,2.75,200,73200,2.89,2.70,2.75
31.03.21 10:28:59,2.70,2.70,2.70,2.70,100,73200,2.89,2.65,2.70
31.03.21 10:29:59,2.70,2.70,2.70,2.70,500,73550,2.89,2.70,2.75
31.03.21 10:30:59,2.70,2.75,2.70,2.70,1625,73550,2.88,2.65,2.70
31.03.21 10:32:59,2.70,2.80,2.70,2.80,400,74775,2.88,2.70,2.75
31.03.21 10:33:59,2.70,2.70,2.70,2.70,75,74775,2.88,2.65,2.80
31.03.21 10:34:59,2.75,2.75,2.70,2.70,800,74775,2.88,2.65,2.70
31.03.21 10:35:59,2.70,2.70,2.65,2.70,400,74775,2.88,2.65,2.70
31.03.21 10:36:59,2.65,2.65,2.65,2.65,925,74550,2.87,2.70,2.80
31.03.21 10:37:59,2.80,2.90,2.75,2.90,500,74550,2.87,2.70,2.85
31.03.21 10:39:59,2.80,2.80,2.75,2.75,100,74800,2.87,2.70,2.75
31.03.21 10:40:59,2.70,2.80,2.70,2.80,1075,74800,2.87,2.80,2.85
31.03.21 10:41:59,2.80,3.00,2.80,3.00,1000,74800,2.87,2.75,2.85
31.03.21 10:42:59,2.85,2.85,2.85,2.85,25,76525,2.87,2.75,2.85
31.03.21 10:43:59,2.70,2.75,2.70,2.75,125,76525,2.87,2.70,2.80
31.03.21 10:44:59,2.80,2.80,2.75,2.75,125,76550,2.87,2.75,2.80
31.03.21 10:45:59,2.80,2.80,2.75,2.80,375,76550,2.87,2.85,2.90
31.03.21 10:46:59,2.95,2.95,2.75,2.75,950,76550,2.87,2.80,2.85
31.03.21 10:47:59,2.85,2.90,2.75,2.75,1250,76550,2.87,2.75,2.85
31.03.21 10:49:59,2.75,2.75,2.75,2.75,200,78375,2.87,2.75,2.85
31.03.21 10:50:59,2.70,2.70,2.70,2.70,25,78325,2.87,2.70,2.75
31.03.21 10:51:59,2.70,2.70,2.65,2.65,750,78325,2.87,2.70,2.75
31.03.21 10:52:59,2.70,2.70,2.65,2.65,1300,78325,2.86,2.60,2.70
31.03.21 10:53:59,2.60,2.65,2.35,2.35,700,79225,2.86,2.40,2.55
31.03.21 10:54:59,2.50,2.50,2.50,2.50,50,79225,2.86,2.50,2.60
31.03.21 10:55:59,2.50,2.60,2.50,2.60,125,79225,2.86,2.55,2.65
31.03.21 10:57:59,2.55,2.55,2.55,2.55,25,79125,2.86,2.50,2.55
31.03.21 10:58:59,2.50,2.50,2.40,2.40,750,79125,2.85,2.40,2.45
31.03.21 10:59:59,2.35,2.35,2.35,2.35,1175,79125,2.84,2.25,2.30
31.03.21 11:00:59,2.25,2.25,2.15,2.15,300,80425,2.84,2.05,2.10
31.03.21 11:01:59,2.10,2.25,2.10,2.25,2400,80425,2.81,2.20,2.25
31.03.21 11:02:59,2.25,2.25,2.25,2.25,475,78725,2.81,2.20,2.25
31.03.21 11:03:59,2.25,2.40,2.25,2.40,1075,78725,2.80,2.30,2.40
31.03.21 11:05:59,2.30,2.30,2.30,2.30,25,79175,2.80,2.25,2.30
31.03.21 11:06:59,2.25,2.30,2.25,2.25,150,79175,2.80,2.25,2.30
31.03.21 11:07:59,2.25,2.25,2.20,2.20,1650,79175,2.79,2.20,2.35
31.03.21 11:09:59,2.30,2.30,2.25,2.25,300,79250,2.78,2.20,2.25
31.03.21 11:10:59,2.25,2.25,2.25,2.25,25,79250,2.78,2.20,2.30
31.03.21 11:11:59,2.20,2.20,2.20,2.20,725,79250,2.78,2.15,2.25
31.03.21 11:12:59,2.20,2.20,2.05,2.05,1975,79500,2.76,2.15,2.20
31.03.21 11:13:59,2.15,2.15,2.15,2.15,75,79500,2.76,2.15,2.20
31.03.21 11:14:59,2.20,2.25,2.20,2.25,50,78600,2.76,2.20,2.40
31.03.21 11:16:59,2.20,2.20,2.20,2.20,25,78600,2.76,2.15,2.30
31.03.21 11:18:59,2.15,2.15,2.15,2.15,50,78600,2.76,2.20,2.30
31.03.21 11:19:59,2.15,2.15,2.15,2.15,50,78600,2.76,2.10,2.30
31.03.21 11:21:59,2.15,2.15,2.10,2.10,1075,78525,2.75,2.10,2.30
31.03.21 11:22:59,2.10,2.30,2.10,2.15,1350,78525,2.74,2.05,2.15
31.03.21 11:23:59,2.10,2.10,2.05,2.05,400,78525,2.74,2.05,2.15
31.03.21 11:24:59,2.05,2.05,2.00,2.00,300,79675,2.73,2.05,2.15
31.03.21 11:25:59,2.05,2.05,2.05,2.05,250,79675,2.73,2.05,2.15
31.03.21 11:26:59,2.05,2.05,2.05,2.05,75,79675,2.73,2.05,2.15
31.03.21 11:27:59,2.05,2.10,2.05,2.10,175,79600,2.73,2.00,2.15
31.03.21 11:28:59,2.05,2.10,2.00,2.05,200,79600,2.73,2.10,2.15
31.03.21 11:29:59,2.10,2.15,2.10,2.15,50,79675,2.73,2.15,2.20
31.03.21 11:31:59,2.20,2.20,2.10,2.10,550,79675,2.72,2.10,2.20
31.03.21 11:32:59,2.20,2.30,2.20,2.30,275,79675,2.72,2.10,2.25
31.03.21 11:33:59,2.10,2.10,2.10,2.10,150,78850,2.72,2.10,2.20
31.03.21 11:34:59,2.10,2.10,2.10,2.10,25,78850,2.72,2.10,2.20
31.03.21 11:35:59,2.10,2.20,2.10,2.20,100,78850,2.72,2.10,2.25
31.03.21 11:36:59,2.10,2.10,2.10,2.10,175,78600,2.72,2.10,2.30
31.03.21 11:37:59,2.30,2.30,2.25,2.30,475,78600,2.71,2.25,2.35
31.03.21 11:38:59,2.30,2.35,2.25,2.25,525,78600,2.71,2.15,2.35
31.03.21 11:39:59,2.15,2.20,2.10,2.10,625,78675,2.71,2.15,2.35
31.03.21 11:40:59,2.15,2.15,2.15,2.15,50,78675,2.71,2.15,2.30
31.03.21 11:43:59,2.15,2.50,2.15,2.45,1100,78975,2.70,2.35,2.45
31.03.21 11:44:59,2.45,2.45,2.10,2.40,550,78975,2.70,2.20,2.30
31.03.21 11:45:59,2.30,2.30,2.20,2.20,100,78400,2.70,2.20,2.30
31.03.21 11:46:59,2.20,2.30,2.20,2.20,100,78400,2.70,2.20,2.30
31.03.21 11:48:59,2.30,2.30,2.30,2.30,100,77950,2.70,2.20,2.30
31.03.21 11:52:59,2.30,2.30,2.30,2.30,25,77875,2.70,2.25,2.30
31.03.21 11:53:59,2.30,2.30,2.30,2.30,100,77875,2.70,2.25,2.35
31.03.21 11:59:59,2.35,2.80,2.35,2.60,2325,77750,2.69,2.50,2.60
31.03.21 12:00:59,2.60,2.60,2.60,2.60,100,77925,2.69,2.55,2.65
31.03.21 12:01:59,2.55,2.55,2.55,2.55,50,77925,2.69,2.45,2.65
31.03.21 12:02:59,2.65,2.95,2.65,2.95,1625,77925,2.69,2.75,2.95
31.03.21 12:03:59,2.85,2.85,2.80,2.80,200,79025,2.69,2.65,2.80
31.03.21 12:04:59,2.75,2.75,2.25,2.55,1350,79025,2.69,2.45,2.60
31.03.21 12:06:59,2.50,2.55,2.50,2.55,125,78300,2.69,2.55,2.60
31.03.21 12:07:59,2.25,2.50,2.25,2.45,1175,78300,2.68,2.50,2.55
31.03.21 12:08:59,2.55,2.65,2.55,2.65,275,78300,2.68,2.55,2.65
31.03.21 12:09:59,2.55,2.80,2.55,2.80,100,77650,2.68,2.50,2.65
31.03.21 12:10:59,2.60,2.75,2.60,2.75,375,77650,2.68,2.50,2.70
31.03.21 12:12:59,2.85,3.20,2.85,2.95,1200,77850,2.69,2.85,2.90
31.03.21 12:13:59,2.95,3.40,2.95,3.10,1900,77850,2.70,3.00,3.10
31.03.21 12:14:59,3.00,3.00,3.00,3.00,25,77850,2.70,2.85,3.00
31.03.21 12:15:59,3.00,3.00,3.00,3.00,100,78500,2.70,2.85,3.00
31.03.21 12:16:59,2.65,2.95,2.65,2.95,200,78500,2.70,2.80,3.00
31.03.21 12:17:59,2.85,3.10,2.85,3.10,700,78500,2.70,2.95,3.20
31.03.21 12:18:59,2.95,3.10,2.95,2.95,1400,79175,2.71,2.95,3.15
31.03.21 12:20:59,2.95,3.25,2.95,3.25,1225,79175,2.71,2.95,3.20
31.03.21 12:21:59,3.15,3.15,2.95,2.95,1575,78600,2.72,2.95,3.00
31.03.21 12:22:59,2.95,2.95,2.75,2.75,125,78600,2.72,2.65,2.80
31.03.21 12:23:59,2.80,2.80,2.75,2.75,250,78600,2.72,2.75,2.85
31.03.21 12:24:59,2.75,2.75,2.75,2.75,150,78600,2.72,2.80,2.95
31.03.21 12:25:59,2.85,2.85,2.85,2.85,25,78850,2.72,2.80,2.85
31.03.21 12:26:59,2.85,2.85,2.80,2.80,600,78850,2.72,2.70,2.85
31.03.21 12:27:59,2.85,2.85,2.70,2.70,75,79025,2.72,2.70,2.90
31.03.21 12:28:59,2.90,2.90,2.70,2.75,800,79025,2.72,2.70,2.90
31.03.21 12:30:59,2.85,2.90,2.85,2.90,175,78325,2.72,2.80,2.90
31.03.21 12:33:59,2.80,2.80,2.80,2.80,125,78225,2.72,2.75,2.85
31.03.21 12:34:59,2.70,2.70,2.70,2.70,125,78225,2.72,2.70,2.75
31.03.21 12:35:59,2.75,2.75,2.75,2.75,300,78225,2.72,2.75,2.85
31.03.21 12:36:59,2.75,2.75,2.75,2.75,50,78100,2.72,2.75,2.90
31.03.21 12:38:59,2.80,2.80,2.80,2.80,125,78100,2.72,2.70,2.90
31.03.21 12:39:59,2.80,2.85,2.80,2.85,300,78175,2.72,2.70,2.85
31.03.21 12:41:59,2.70,2.70,2.70,2.70,350,78175,2.72,2.60,2.70
31.03.21 12:42:59,2.60,2.75,2.60,2.75,400,77725,2.72,2.70,2.75
31.03.21 12:43:59,2.65,2.65,2.65,2.65,50,77725,2.72,2.60,2.70
31.03.21 12:44:59,2.60,2.70,2.60,2.60,850,77725,2.72,2.60,2.70
31.03.21 12:45:59,2.70,2.70,2.70,2.70,125,77375,2.72,2.60,2.70
31.03.21 12:46:59,2.60,2.60,2.55,2.55,1100,77375,2.71,2.45,2.60
31.03.21 12:49:59,2.60,2.60,2.60,2.60,225,76725,2.71,2.55,2.65
31.03.21 12:52:59,2.70,2.70,2.70,2.70,25,76700,2.71,2.65,2.80
31.03.21 12:53:59,2.75,2.80,2.75,2.80,575,76700,2.71,2.65,2.80
31.03.21 12:54:59,2.80,2.80,2.80,2.80,100,76700,2.71,2.65,2.80
31.03.21 12:55:59,1.85,2.45,1.85,2.45,3825,76425,2.69,2.30,2.45
31.03.21 12:56:59,2.40,2.45,2.40,2.45,700,76425,2.69,2.40,2.55
31.03.21 12:57:59,2.55,2.65,2.55,2.65,275,75025,2.69,2.45,2.60
31.03.21 12:58:59,2.45,2.45,2.45,2.45,75,75025,2.69,2.45,2.55
31.03.21 13:00:59,2.45,2.45,2.30,2.30,450,75250,2.69,2.35,2.50
31.03.21 13:01:59,2.50,2.55,2.50,2.55,500,75250,2.69,2.50,2.60
31.03.21 13:03:59,3.00,3.00,3.00,3.00,2500,75275,2.69,2.70,2.95
31.03.21 13:04:59,1.85,2.40,1.85,2.35,3050,75275,2.68,2.25,2.35
31.03.21 13:05:59,2.35,2.35,2.35,2.35,450,75275,2.68,2.30,2.35
31.03.21 13:06:59,2.30,2.35,2.30,2.35,950,75050,2.68,2.35,2.55
31.03.21 13:07:59,2.55,2.55,2.55,2.55,25,75050,2.68,2.35,2.55
31.03.21 13:08:59,2.45,2.45,2.35,2.35,475,75050,2.67,2.35,2.50
31.03.21 13:09:59,2.65,2.65,2.65,2.65,75,75050,2.67,2.40,2.50
31.03.21 13:10:59,2.40,2.40,2.40,2.40,25,74575,2.67,2.35,2.50
31.03.21 13:12:59,2.35,2.35,2.35,2.35,125,74575,2.67,2.35,2.50
31.03.21 13:14:59,2.40,2.40,2.25,2.25,800,74425,2.67,2.25,2.40
31.03.21 13:16:59,2.50,2.50,2.50,2.50,125,74450,2.67,2.25,2.50
31.03.21 13:18:59,2.40,2.40,1.90,1.90,2750,74450,2.66,2.00,2.25
31.03.21 13:20:59,2.20,2.20,2.20,2.20,50,74450,2.66,2.05,2.20
31.03.21 13:22:59,2.20,2.20,2.10,2.20,550,73525,2.66,2.05,2.20
31.03.21 13:24:59,2.15,2.15,2.15,2.15,225,73025,2.66,2.15,2.25
31.03.21 13:25:59,2.15,2.15,2.15,2.15,75,73025,2.66,2.15,2.25
31.03.21 13:27:59,2.10,2.10,2.10,2.10,525,73025,2.65,2.10,2.25
31.03.21 13:28:59,2.25,2.25,2.25,2.25,75,72500,2.65,2.10,2.30
31.03.21 13:29:59,2.00,2.00,2.00,2.00,100,72500,2.65,2.10,2.25
31.03.21 13:30:59,1.95,1.95,1.95,1.95,500,72475,2.65,2.10,2.25
31.03.21 13:31:59,2.10,2.10,1.95,1.95,1675,72475,2.65,1.95,2.15
31.03.21 13:32:59,2.00,2.00,1.95,2.00,125,72475,2.65,2.00,2.20
31.03.21 13:33:59,2.25,2.25,2.10,2.10,225,72475,2.64,2.05,2.25
31.03.21 13:34:59,1.95,2.10,1.95,2.10,100,72625,2.64,2.10,2.20
31.03.21 13:35:59,2.20,2.20,2.20,2.20,250,72625,2.64,2.05,2.25
31.03.21 13:36:59,2.25,2.25,2.25,2.25,100,72625,2.64,2.10,2.25
31.03.21 13:37:59,2.20,2.50,2.00,2.50,375,72575,2.64,2.20,2.40
31.03.21 13:39:59,2.30,2.30,2.30,2.30,50,72575,2.64,2.20,2.30
31.03.21 13:40:59,2.20,2.20,2.20,2.20,125,72575,2.64,2.20,2.30
31.03.21 13:43:59,2.20,2.20,2.10,2.10,200,72450,2.64,2.15,2.35
31.03.21 13:44:59,2.05,2.05,2.05,2.05,50,72450,2.64,2.00,2.10
31.03.21 13:45:59,2.05,2.20,1.95,2.20,125,72300,2.64,2.15,2.30
31.03.21 13:48:59,2.10,2.10,2.10,2.10,25,72300,2.64,2.10,2.30
31.03.21 13:51:59,2.05,2.05,2.05,2.05,75,72325,2.64,2.05,2.15
31.03.21 13:53:59,2.05,2.40,2.05,2.40,325,72250,2.64,2.20,2.40
31.03.21 13:57:59,2.25,2.25,2.20,2.20,125,72475,2.64,2.20,2.35
31.03.21 13:59:59,2.20,2.20,2.20,2.20,25,72400,2.64,2.15,2.35
31.03.21 14:00:59,2.20,2.20,2.15,2.15,50,72400,2.64,2.15,2.20
31.03.21 14:04:59,2.20,2.20,2.20,2.20,350,72350,2.64,2.15,2.35
31.03.21 14:05:59,2.40,2.40,2.20,2.20,75,72350,2.64,2.20,2.35
31.03.21 14:06:59,2.20,2.20,2.10,2.10,325,71875,2.63,2.10,2.15
31.03.21 14:07:59,2.10,2.10,2.10,2.10,50,71875,2.63,2.10,2.15
31.03.21 14:08:59,2.10,2.10,2.10,2.10,25,71875,2.63,2.10,2.15
31.03.21 14:09:59,2.10,2.10,2.10,2.10,175,71875,2.63,2.10,2.15
31.03.21 14:10:59,2.10,2.10,2.05,2.05,375,71675,2.63,2.05,2.10
31.03.21 14:12:59,2.00,2.00,2.00,2.00,50,71675,2.63,1.95,2.00
31.03.21 14:13:59,2.00,2.05,1.90,1.90,850,71575,2.63,1.90,2.00
31.03.21 14:15:59,1.90,1.90,1.90,1.90,25,71575,2.63,1.90,2.00
31.03.21 14:16:59,1.90,2.20,1.90,2.20,275,71675,2.63,1.90,2.25
31.03.21 14:17:59,2.00,2.00,2.00,2.00,25,71675,2.63,2.05,2.25
31.03.21 14:18:59,2.00,2.00,2.00,2.00,925,71525,2.62,2.00,2.20
31.03.21 14:19:59,2.00,2.15,2.00,2.15,350,71525,2.62,2.00,2.15
31.03.21 14:20:59,2.00,2.20,2.00,2.05,250,71525,2.62,2.05,2.10
31.03.21 14:21:59,2.05,2.05,2.05,2.05,200,71525,2.62,2.00,2.20
31.03.21 14:22:59,2.05,2.15,2.05,2.15,150,71325,2.62,2.00,2.15
31.03.21 14:24:59,2.00,2.00,2.00,2.00,50,71225,2.62,2.00,2.15
31.03.21 14:26:59,2.00,2.00,2.00,2.00,100,71225,2.62,2.00,2.15
31.03.21 14:27:59,2.05,2.20,2.05,2.05,175,71225,2.61,2.00,2.15
31.03.21 14:28:59,2.20,2.20,2.20,2.20,300,71150,2.61,2.00,2.20
31.03.21 14:29:59,2.00,2.00,2.00,2.00,275,71150,2.61,2.00,2.15
31.03.21 14:30:59,1.95,2.15,1.75,1.75,2650,69100,2.60,1.75,1.95
31.03.21 14:31:59,1.75,1.75,1.75,1.75,25,69100,2.60,1.85,2.00
31.03.21 14:32:59,2.05,2.15,1.95,2.15,350,69100,2.60,1.80,2.05
31.03.21 14:33:59,1.80,1.85,1.80,1.85,125,69100,2.60,1.85,1.90
31.03.21 14:34:59,1.85,1.85,1.80,1.80,50,68925,2.60,1.85,1.90
31.03.21 14:35:59,1.80,2.00,1.70,1.95,1675,68925,2.59,1.80,2.00
31.03.21 14:37:59,1.85,1.85,1.80,1.80,50,68475,2.59,1.80,1.90
31.03.21 14:38:59,1.80,1.80,1.60,1.60,600,68475,2.58,1.60,1.75
31.03.21 14:39:59,1.60,1.80,1.60,1.80,250,68475,2.58,1.65,1.90
31.03.21 14:41:59,1.90,1.90,1.90,1.90,100,67850,2.58,1.70,1.90
31.03.21 14:42:59,1.55,1.70,1.45,1.70,4375,67850,2.55,1.70,1.90
31.03.21 14:44:59,1.75,1.90,1.75,1.90,100,66450,2.55,1.70,1.90
31.03.21 14:45:59,1.90,1.90,1.90,1.90,100,66450,2.55,1.75,2.00
31.03.21 14:46:59,2.00,2.00,1.70,1.75,1125,66625,2.54,1.70,1.95
31.03.21 14:47:59,1.75,1.75,1.70,1.70,50,66625,2.54,1.65,1.85
31.03.21 14:48:59,1.85,1.85,1.85,1.85,25,66625,2.54,1.65,1.80
31.03.21 14:49:59,1.65,1.65,1.65,1.65,75,66100,2.54,1.70,1.85
31.03.21 14:50:59,1.65,1.65,1.65,1.65,100,66100,2.54,1.65,1.75
31.03.21 14:51:59,1.65,1.65,1.65,1.65,25,66100,2.54,1.65,1.80
31.03.21 14:52:59,1.65,1.65,1.65,1.65,25,65925,2.54,1.65,1.80
31.03.21 14:53:59,1.65,1.80,1.65,1.80,200,65925,2.54,1.80,1.85
31.03.21 14:54:59,1.80,1.80,1.80,1.80,400,65925,2.54,1.65,1.75
31.03.21 14:55:59,1.75,1.75,1.75,1.75,50,65850,2.54,1.70,1.85
31.03.21 14:56:59,1.70,1.70,1.70,1.70,25,65850,2.54,1.60,1.75
31.03.21 14:57:59,1.60,1.65,1.40,1.65,175,65850,2.53,1.45,1.60
31.03.21 14:58:59,1.65,1.70,1.65,1.70,700,65800,2.53,1.65,1.75
31.03.21 14:59:59,1.70,1.75,1.70,1.70,525,65800,2.53,1.65,1.75
31.03.21 15:00:59,1.70,1.70,1.70,1.70,25,65800,2.53,1.65,1.75
31.03.21 15:01:59,1.75,1.80,1.50,1.50,325,64775,2.53,1.50,1.65
31.03.21 15:02:59,1.65,1.65,1.50,1.50,75,64775,2.52,1.50,1.65
31.03.21 15:03:59,1.80,1.80,1.80,1.80,300,64775,2.52,1.55,1.75
31.03.21 15:04:59,1.75,1.75,1.45,1.45,550,64700,2.52,1.40,1.55
31.03.21 15:05:59,1.55,1.60,1.40,1.50,175,64700,2.52,1.45,1.55
31.03.21 15:06:59,1.55,1.60,1.40,1.45,950,64700,2.51,1.45,1.60
31.03.21 15:07:59,1.40,1.40,1.40,1.40,425,64600,2.51,1.40,1.55
31.03.21 15:08:59,1.40,1.40,1.25,1.25,1425,64600,2.50,1.25,1.45
31.03.21 15:09:59,1.25,1.30,1.20,1.20,1025,64600,2.49,1.20,1.25
31.03.21 15:10:59,1.15,1.15,1.05,1.05,1600,63900,2.47,1.05,1.20
31.03.21 15:11:59,1.00,1.00,0.85,0.85,3775,63900,2.43,0.85,0.95
31.03.21 15:12:59,0.85,0.95,0.80,0.85,1650,63900,2.42,0.80,0.95
31.03.21 15:13:59,0.85,0.85,0.80,0.80,4550,62150,2.37,0.80,0.90
31.03.21 15:14:59,0.85,0.85,0.85,0.85,225,62150,2.37,0.80,0.85
31.03.21 15:15:59,0.85,0.90,0.85,0.85,1925,62150,2.35,0.80,0.85
31.03.21 15:16:59,0.80,0.85,0.80,0.80,750,62100,2.34,0.80,0.85
31.03.21 15:17:59,0.85,0.85,0.85,0.85,250,62100,2.34,0.80,0.85
31.03.21 15:18:59,0.80,0.85,0.75,0.75,1675,62100,2.33,0.80,0.90
31.03.21 15:19:59,0.95,0.95,0.95,0.95,100,62200,2.33,0.80,0.95
31.03.21 15:20:59,0.95,0.95,0.90,0.95,1475,62200,2.31,0.90,0.95
31.03.21 15:21:59,0.95,0.95,0.90,0.90,250,62200,2.31,0.80,0.85
31.03.21 15:22:59,0.80,0.90,0.75,0.85,2125,61400,2.29,0.80,0.85
31.03.21 15:23:59,0.90,0.90,0.80,0.80,2625,61400,2.27,0.80,0.95
31.03.21 15:24:59,0.95,0.95,0.95,0.95,1075,61400,2.26,0.90,0.95
31.03.21 15:25:59,0.95,1.20,0.95,1.10,3050,58650,2.24,1.05,1.10
31.03.21 15:26:59,1.10,1.10,1.05,1.05,250,58650,2.24,1.05,1.10
31.03.21 15:27:59,1.10,1.20,1.10,1.20,775,58650,2.23,1.10,1.20
31.03.21 15:28:59,1.20,1.25,1.00,1.00,3525,58725,2.21,0.95,1.00
31.03.21 15:30:00,1.00,1.00,0.90,0.90,1325,58725,2.20,0.90,1.00
01.04.21 09:15:59,0.15,1.90,0.15,1.30,850,59650,1.28,0.80,1.15
01.04.21 09:16:59,0.80,1.10,0.80,1.05,950,59650,1.11,1.05,1.10
01.04.21 09:17:59,1.10,1.10,0.90,1.00,1375,59550,1.08,0.90,1.00
01.04.21 09:18:59,1.00,1.10,0.90,1.05,2175,59550,1.07,0.90,1.05
01.04.21 09:19:59,0.85,1.05,0.85,1.05,1850,59550,1.05,0.80,1.05
01.04.21 09:20:59,0.85,1.05,0.85,1.00,2025,60975,1.04,1.00,1.05
01.04.21 09:21:59,1.00,1.05,0.95,1.05,3625,60975,1.04,0.95,1.05
01.04.21 09:22:59,1.00,1.20,1.00,1.20,2300,60975,1.04,1.15,1.20
01.04.21 09:23:59,1.20,1.25,1.10,1.15,1450,64700,1.06,1.10,1.20
01.04.21 09:24:59,1.15,1.20,1.10,1.10,1175,64700,1.07,1.10,1.25
01.04.21 09:25:59,1.30,1.30,1.10,1.10,425,64700,1.07,1.15,1.25
01.04.21 09:26:59,1.10,1.25,1.05,1.05,2075,65700,1.07,1.10,1.15
01.04.21 09:27:59,1.05,1.25,0.95,1.10,2575,65700,1.08,1.00,1.15
01.04.21 09:28:59,1.15,1.30,0.90,1.00,3500,65700,1.08,0.90,1.25
01.04.21 09:29:59,1.25,1.25,0.95,0.95,125,67950,1.08,1.00,1.15
01.04.21 09:30:59,1.00,1.25,0.95,1.05,2625,67950,1.08,1.05,1.15
01.04.21 09:31:59,1.05,1.15,1.05,1.10,2225,67950,1.08,1.05,1.10
01.04.21 09:32:59,1.05,1.10,1.05,1.05,3150,68025,1.08,1.05,1.10
01.04.21 09:33:59,1.05,1.05,1.05,1.05,275,68025,1.08,1.05,1.10
01.04.21 09:34:59,1.05,1.05,1.05,1.05,25,68025,1.08,1.05,1.10
01.04.21 09:35:59,1.05,1.10,1.05,1.05,4950,68250,1.07,1.00,1.10
01.04.21 09:36:59,1.05,1.10,1.05,1.05,1300,68250,1.07,1.00,1.10
01.04.21 09:37:59,1.00,1.10,1.00,1.05,2100,68250,1.07,1.00,1.05
01.04.21 09:38:59,1.05,1.10,1.05,1.05,1150,70800,1.07,1.05,1.10
01.04.21 09:39:59,1.05,1.10,0.95,0.95,3700,70800,1.06,0.90,0.95
01.04.21 09:40:59,0.90,1.05,0.90,1.05,3300,70800,1.06,0.95,1.00
01.04.21 09:41:59,0.95,1.00,0.95,1.00,1850,77050,1.05,0.90,1.00
01.04.21 09:42:59,1.00,1.00,1.00,1.00,800,77050,1.05,0.95,1.00
01.04.21 09:43:59,0.90,0.90,0.90,0.90,8800,77050,1.03,0.85,0.90
01.04.21 09:44:59,0.90,0.90,0.90,0.90,1200,86325,1.03,0.85,0.95
01.04.21 09:45:59,0.95,1.00,0.85,0.90,3725,86325,1.02,0.85,0.95
01.04.21 09:46:59,0.85,1.00,0.85,0.90,3550,86325,1.01,0.85,0.90
01.04.21 09:47:59,0.90,0.90,0.90,0.90,25,84750,1.01,0.85,0.90
01.04.21 09:48:59,0.85,0.85,0.85,0.85,25,84750,1.01,0.85,0.95
01.04.21 09:49:59,0.85,0.95,0.85,0.95,450,84750,1.01,0.85,0.95
01.04.21 09:50:59,0.95,0.95,0.95,0.95,1400,84750,1.01,0.90,0.95
01.04.21 09:51:59,0.95,0.95,0.95,0.95,550,84750,1.01,0.90,0.95
01.04.21 09:52:59,0.95,0.95,0.95,0.95,2600,84750,1.01,0.95,1.00
01.04.21 09:53:59,0.95,0.95,0.95,0.95,500,82350,1.01,0.95,1.00
01.04.21 09:54:59,0.95,0.95,0.90,0.90,2550,82350,1.01,0.90,0.95
01.04.21 09:55:59,0.95,0.95,0.95,0.95,550,82350,1.01,0.90,0.95
01.04.21 09:56:59,0.95,0.95,0.90,0.90,3150,80925,1.00,0.85,0.90
01.04.21 09:57:59,0.90,0.90,0.90,0.90,2150,80925,1.00,0.85,0.90
01.04.21 09:58:59,0.90,0.90,0.90,0.90,600,80925,1.00,0.90,0.95
01.04.21 09:59:59,0.90,0.90,0.90,0.90,500,80925,1.00,0.90,0.95
01.04.21 10:00:59,0.90,0.95,0.90,0.95,1300,82625,1.00,0.90,0.95
01.04.21 10:01:59,0.85,1.00,0.85,1.00,2275,82625,1.00,0.95,1.00
01.04.21 10:02:59,1.00,1.05,1.00,1.00,3050,81475,1.00,1.00,1.05
01.04.21 10:03:59,1.00,1.00,1.00,1.00,5000,81475,1.00,1.00,1.05
01.04.21 10:04:59,0.95,0.95,0.95,0.95,200,81475,1.00,0.95,1.00
01.04.21 10:06:59,0.95,0.95,0.95,0.95,1350,86300,1.00,0.90,0.95
01.04.21 10:07:59,0.90,0.95,0.90,0.95,750,86300,1.00,0.90,0.95
01.04.21 10:09:59,0.90,0.90,0.90,0.90,500,86300,1.00,0.90,0.95
01.04.21 10:10:59,0.90,0.90,0.90,0.90,525,86300,0.99,0.90,0.95
01.04.21 10:11:59,0.95,0.95,0.90,0.90,2300,86850,0.99,0.90,0.95
01.04.21 10:12:59,0.95,0.95,0.95,0.95,1950,86850,0.99,0.90,0.95
01.04.21 10:13:59,0.95,0.95,0.95,0.95,1225,86850,0.99,0.90,0.95
01.04.21 10:14:59,0.95,0.95,0.95,0.95,450,84075,0.99,0.90,0.95
01.04.21 10:15:59,0.95,0.95,0.95,0.95,100,84075,0.99,0.90,0.95
01.04.21 10:16:59,0.90,0.95,0.90,0.95,150,84075,0.99,0.90,0.95
01.04.21 10:17:59,0.90,0.90,0.90,0.90,1025,84025,0.99,0.90,0.95
01.04.21 10:18:59,0.95,0.95,0.95,0.95,1950,84025,0.99,0.95,1.00
01.04.21 10:19:59,1.00,1.00,0.95,1.00,2525,84025,0.99,0.95,1.00
01.04.21 10:20:59,1.00,1.05,1.00,1.05,2600,84100,0.99,1.00,1.05
01.04.21 10:21:59,1.05,1.05,1.00,1.00,125,84100,0.99,1.00,1.05
01.04.21 10:22:59,1.05,1.05,1.00,1.00,1025,84100,0.99,1.00,1.05
01.04.21 10:23:59,1.00,1.00,1.00,1.00,200,84100,0.99,1.00,1.05
01.04.21 10:24:59,1.00,1.00,1.00,1.00,275,82125,0.99,1.00,1.05
01.04.21 10:25:59,1.05,1.10,1.00,1.00,2675,82125,0.99,1.00,1.10
01.04.21 10:26:59,1.00,1.10,1.00,1.10,500,79750,0.99,1.00,1.10
01.04.21 10:27:59,1.00,1.15,1.00,1.00,2525,79750,0.99,1.00,1.05
01.04.21 10:29:59,1.05,1.05,1.00,1.00,175,78200,0.99,1.00,1.10
01.04.21 10:30:59,1.10,1.10,1.10,1.10,200,78200,0.99,1.00,1.10
01.04.21 10:31:59,1.00,1.00,1.00,1.00,500,78200,0.99,1.00,1.10
01.04.21 10:33:59,1.00,1.00,1.00,1.00,125,78200,0.99,1.00,1.10
01.04.21 10:35:59,1.05,1.05,1.05,1.05,400,78200,0.99,1.00,1.05
01.04.21 10:36:59,1.10,1.10,1.10,1.10,1675,78200,1.00,1.10,1.15
01.04.21 10:37:59,1.10,1.10,1.10,1.10,400,78200,1.00,1.10,1.15
01.04.21 10:40:59,1.10,1.10,1.05,1.05,525,76225,1.00,1.05,1.15
01.04.21 10:41:59,1.05,1.15,1.05,1.15,1125,75725,1.00,1.15,1.20
01.04.21 10:42:59,1.15,1.20,1.15,1.15,1100,75725,1.00,1.15,1.20
01.04.21 10:43:59,1.15,1.20,1.15,1.20,2150,75725,1.00,1.15,1.25
01.04.21 10:45:59,1.25,1.25,1.25,1.25,100,73925,1.00,1.15,1.25
01.04.21 10:48:59,1.25,1.25,1.25,1.25,25,73925,1.00,1.15,1.25
01.04.21 10:49:59,1.15,1.15,1.15,1.15,200,73925,1.00,1.15,1.25
01.04.21 10:50:59,1.20,1.20,1.15,1.15,250,73725,1.00,1.15,1.25
01.04.21 10:51:59,1.10,1.10,1.10,1.10,100,73725,1.00,1.10,1.20
01.04.21 10:52:59,1.10,1.10,1.10,1.10,75,73725,1.00,1.10,1.20
01.04.21 10:53:59,1.10,1.10,1.10,1.10,150,73500,1.00,1.10,1.15
01.04.21 10:54:59,1.10,1.10,1.10,1.10,250,73500,1.00,1.10,1.15
01.04.21 10:55:59,1.10,1.10,1.10,1.10,50,73500,1.00,1.05,1.15
01.04.21 10:56:59,1.10,1.10,1.10,1.10,25,73500,1.00,1.10,1.15
01.04.21 10:57:59,1.10,1.10,1.10,1.10,50,73500,1.00,1.10,1.15
01.04.21 10:58:59,1.15,1.20,1.15,1.20,825,73500,1.00,1.10,1.15
01.04.21 11:00:59,1.10,1.10,1.10,1.10,225,73100,1.00,1.10,1.15
01.04.21 11:01:59,1.10,1.20,1.10,1.20,975,73100,1.00,1.20,1.25
01.04.21 11:02:59,1.20,1.25,1.05,1.05,4000,71600,1.01,1.10,1.25
01.04.21 11:05:59,1.10,1.10,1.05,1.05,1550,73600,1.01,1.05,1.15
01.04.21 11:06:59,1.10,1.10,1.00,1.00,2000,73600,1.01,0.95,1.05
01.04.21 11:07:59,0.95,0.95,0.95,0.95,2025,73600,1.01,0.95,1.05
01.04.21 11:08:59,1.05,1.05,0.95,0.95,75,73600,1.01,0.95,1.05
01.04.21 11:10:59,1.00,1.00,1.00,1.00,25,76100,1.01,0.95,1.00
01.04.21 11:13:59,0.95,0.95,0.95,0.95,125,76100,1.01,0.95,1.00
01.04.21 11:14:59,0.95,0.95,0.95,0.95,25,76100,1.01,0.95,1.00
01.04.21 11:19:59,0.95,0.95,0.95,0.95,25,76100,1.01,0.95,1.00
01.04.21 11:20:59,0.95,0.95,0.95,0.95,100,76100,1.01,0.95,1.00
01.04.21 11:22:59,0.95,0.95,0.90,0.90,1800,76100,1.01,0.85,0.90
01.04.21 11:23:59,0.90,0.90,0.90,0.90,25,76100,1.01,0.85,0.90
01.04.21 11:24:59,0.95,1.00,0.95,1.00,2625,76075,1.01,0.95,1.00
01.04.21 11:25:59,1.00,1.00,1.00,1.00,150,76075,1.01,0.95,1.00
01.04.21 11:26:59,0.95,0.95,0.95,0.95,25,76075,1.01,0.95,1.00
01.04.21 11:27:59,0.95,0.95,0.95,0.95,25,73750,1.01,0.90,1.00
01.04.21 11:32:59,0.95,0.95,0.95,0.95,250,73750,1.01,0.90,1.00
01.04.21 11:35:59,0.95,0.95,0.95,0.95,100,73750,1.01,0.95,1.00
01.04.21 11:42:59,1.00,1.00,1.00,1.00,400,73750,1.01,1.00,1.20
01.04.21 11:45:59,1.00,1.15,1.00,1.15,150,73725,1.01,1.00,1.05
01.04.21 11:46:59,1.00,1.00,1.00,1.00,75,73725,1.01,1.00,1.05
01.04.21 11:47:59,1.00,1.00,1.00,1.00,200,73725,1.01,1.00,1.05
01.04.21 11:48:59,1.00,1.00,1.00,1.00,825,73600,1.01,1.00,1.05
01.04.21 11:49:59,1.00,1.00,1.00,1.00,50,73600,1.01,1.00,1.05
01.04.21 11:51:59,1.00,1.00,1.00,1.00,125,73525,1.01,1.00,1.05
01.04.21 11:52:59,1.00,1.05,1.00,1.00,525,73525,1.01,1.00,1.05
01.04.21 11:53:59,1.05,1.05,0.90,0.90,900,73525,1.01,0.90,1.00
01.04.21 11:54:59,0.95,0.95,0.90,0.90,750,72925,1.01,0.90,1.05
01.04.21 11:55:59,0.90,0.90,0.90,0.90,400,72925,1.01,0.90,1.00
01.04.21 11:57:59,0.95,0.95,0.95,0.95,200,72975,1.01,0.85,1.00
01.04.21 11:58:59,0.85,0.85,0.85,0.85,2000,72975,1.00,0.85,1.00
01.04.21 12:00:59,0.90,0.90,0.90,0.90,1550,72950,1.00,0.85,0.90
01.04.21 12:01:59,0.90,0.90,0.90,0.90,150,72950,1.00,0.85,0.90
01.04.21 12:03:59,0.95,0.95,0.90,0.90,250,73600,1.00,0.85,0.95
01.04.21 12:04:59,0.85,0.85,0.85,0.85,175,73600,1.00,0.85,0.95
01.04.21 12:06:59,0.90,0.90,0.80,0.80,800,73675,1.00,0.80,0.90
01.04.21 12:08:59,0.90,0.90,0.90,0.90,125,73675,1.00,0.80,0.90
01.04.21 12:09:59,0.90,0.90,0.90,0.90,25,73675,1.00,0.80,0.90
01.04.21 12:10:59,0.80,0.80,0.80,0.80,75,73675,1.00,0.80,0.90
01.04.21 12:11:59,0.80,0.80,0.80,0.80,725,73675,1.00,0.80,0.85
01.04.21 12:13:59,0.80,0.80,0.80,0.80,400,73725,1.00,0.80,0.85
01.04.21 12:15:59,0.90,0.90,0.90,0.90,1300,73725,1.00,0.80,1.00
01.04.21 12:16:59,0.90,0.90,0.90,0.90,50,73725,1.00,0.80,1.00
01.04.21 12:19:59,0.90,0.90,0.90,0.90,450,73725,1.00,0.90,1.00
01.04.21 12:20:59,0.90,0.90,0.90,0.90,150,73725,1.00,0.85,0.95
01.04.21 12:21:59,0.90,0.90,0.90,0.90,100,73750,1.00,0.85,0.95
01.04.21 12:22:59,0.90,0.95,0.85,0.85,400,73750,1.00,0.85,0.95
01.04.21 12:23:59,0.85,0.85,0.85,0.85,500,73750,1.00,0.85,0.90
01.04.21 12:24:59,0.85,0.85,0.85,0.85,50,73775,1.00,0.85,0.90
01.04.21 12:25:59,0.90,0.90,0.85,0.90,2250,73775,1.00,0.85,0.90
01.04.21 12:26:59,0.90,0.90,0.90,0.90,200,73775,1.00,0.80,0.90
01.04.21 12:27:59,0.80,0.90,0.80,0.90,2300,73775,0.99,0.80,0.90
01.04.21 12:29:59,0.85,0.85,0.80,0.80,350,73775,0.99,0.80,0.90
01.04.21 12:30:59,0.80,0.80,0.80,0.80,100,73825,0.99,0.80,0.85
01.04.21 12:31:59,0.80,0.85,0.80,0.85,125,73825,0.99,0.80,0.85
01.04.21 12:32:59,0.85,0.85,0.80,0.80,1550,73825,0.99,0.80,0.85
01.04.21 12:34:59,0.85,0.85,0.85,0.85,50,73900,0.99,0.80,0.85
01.04.21 12:35:59,0.80,0.85,0.80,0.85,1825,73900,0.99,0.80,0.85
01.04.21 12:36:59,0.85,0.85,0.80,0.80,125,73850,0.99,0.80,0.85
01.04.21 12:37:59,0.80,0.80,0.80,0.80,125,73850,0.99,0.80,0.85
01.04.21 12:38:59,0.80,0.80,0.80,0.80,25,73850,0.99,0.80,0.85
01.04.21 12:39:59,0.80,0.80,0.80,0.80,300,73925,0.99,0.80,0.85
01.04.21 12:43:59,0.80,0.80,0.80,0.80,25,73925,0.99,0.80,0.85
01.04.21 12:44:59,0.85,0.85,0.85,0.85,250,73925,0.99,0.80,0.85
01.04.21 12:45:59,0.85,0.85,0.85,0.85,50,73925,0.99,0.80,0.85
01.04.21 12:47:59,0.85,0.85,0.85,0.85,3075,73925,0.99,0.80,0.85
01.04.21 12:48:59,0.85,0.85,0.85,0.85,1550,73850,0.98,0.80,0.85
01.04.21 12:49:59,0.85,0.85,0.85,0.85,125,73850,0.98,0.80,0.85
01.04.21 12:50:59,0.80,0.80,0.75,0.75,1300,73850,0.98,0.75,0.80
01.04.21 12:51:59,0.80,0.80,0.75,0.75,275,73750,0.98,0.70,0.80
01.04.21 12:52:59,0.80,0.80,0.80,0.80,500,73750,0.98,0.70,0.80
01.04.21 12:53:59,0.80,0.80,0.80,0.80,3800,73750,0.98,0.75,0.80
01.04.21 12:54:59,0.75,0.80,0.75,0.80,2875,73775,0.97,0.75,0.80
01.04.21 12:56:59,0.75,0.75,0.75,0.75,1300,73775,0.97,0.75,0.80
01.04.21 12:58:59,0.75,0.75,0.75,0.75,300,73775,0.97,0.75,0.80
01.04.21 12:59:59,0.75,0.75,0.75,0.75,50,73775,0.97,0.75,0.80
01.04.21 13:00:59,0.80,0.80,0.80,0.80,50,73750,0.97,0.75,0.80
01.04.21 13:01:59,0.80,0.80,0.80,0.80,1125,73750,0.97,0.80,0.90
01.04.21 13:04:59,0.90,0.90,0.90,0.90,100,73750,0.97,0.75,0.90
01.04.21 13:05:59,0.90,0.90,0.75,0.85,1350,73750,0.97,0.75,0.85
01.04.21 13:06:59,0.85,0.85,0.75,0.80,1300,73675,0.97,0.75,0.85
01.04.21 13:07:59,0.85,0.85,0.85,0.85,375,73675,0.97,0.75,0.85
01.04.21 13:08:59,0.75,0.90,0.75,0.90,875,73675,0.97,0.80,1.00
01.04.21 13:12:59,1.15,1.15,1.15,1.15,100,73675,0.97,0.95,1.15
01.04.21 13:13:59,1.20,1.20,1.00,1.00,350,73675,0.97,0.95,1.15
01.04.21 13:14:59,1.00,1.00,0.95,0.95,275,73675,0.97,0.95,1.15
01.04.21 13:15:59,0.95,1.15,0.95,0.95,875,73925,0.97,0.85,1.10
01.04.21 13:16:59,0.80,0.80,0.80,0.80,100,73925,0.97,0.80,1.10
01.04.21 13:17:59,0.80,0.80,0.80,0.80,250,73925,0.97,0.80,1.10
01.04.21 13:18:59,1.00,1.00,1.00,1.00,1400,73750,0.97,1.00,1.10
01.04.21 13:19:59,1.00,1.00,0.80,0.80,1250,73750,0.97,0.75,1.10
01.04.21 13:23:59,0.75,0.75,0.75,0.75,25,71100,0.97,0.80,0.90
01.04.21 13:24:59,0.90,1.10,0.90,1.10,2225,71675,0.97,0.85,1.10
01.04.21 13:25:59,0.85,0.85,0.85,0.85,200,71675,0.97,0.80,1.05
01.04.21 13:26:59,1.05,1.05,0.80,1.05,725,71675,0.97,1.05,1.10
01.04.21 13:27:59,1.05,1.10,1.05,1.10,2350,71875,0.97,0.90,1.10
01.04.21 13:28:59,0.90,0.90,0.90,0.90,25,71875,0.97,0.95,1.10
01.04.21 13:29:59,0.95,0.95,0.95,0.95,150,71875,0.97,0.95,1.05
01.04.21 13:30:59,1.10,1.15,0.90,1.15,2225,71625,0.97,0.90,1.10
01.04.21 13:32:59,0.90,0.90,0.90,0.90,500,71625,0.97,0.90,1.05
01.04.21 13:33:59,0.85,0.85,0.85,0.85,75,71350,0.97,0.75,1.00
01.04.21 13:34:59,0.80,0.80,0.80,0.80,25,71350,0.97,0.80,1.00
01.04.21 13:37:59,0.80,0.80,0.65,0.80,2475,71250,0.97,0.70,0.80
01.04.21 13:38:59,0.80,0.80,0.65,0.75,2300,71250,0.97,0.65,0.75
01.04.21 13:40:59,0.65,0.70,0.65,0.70,225,70475,0.96,0.65,0.70
01.04.21 13:41:59,0.65,0.70,0.65,0.70,1225,70475,0.96,0.60,0.70
01.04.21 13:42:59,0.60,0.65,0.60,0.65,325,70475,0.96,0.65,0.70
01.04.21 13:43:59,0.70,0.70,0.70,0.70,150,70475,0.96,0.70,0.95
01.04.21 13:44:59,1.05,1.05,1.05,1.05,100,70475,0.96,0.75,1.05
01.04.21 13:45:59,0.75,0.75,0.70,0.70,125,70475,0.96,0.70,0.95
01.04.21 13:48:59,0.70,0.70,0.70,0.70,25,70475,0.96,0.70,0.90
01.04.21 13:49:59,0.60,0.70,0.60,0.70,475,70475,0.96,0.60,0.70
01.04.21 13:50:59,0.60,0.60,0.60,0.60,175,70475,0.96,0.60,0.85
01.04.21 13:53:59,0.60,0.60,0.60,0.60,900,70475,0.96,0.60,0.85
01.04.21 13:54:59,0.60,0.60,0.60,0.60,50,70475,0.96,0.60,0.85
01.04.21 13:55:59,0.60,0.60,0.60,0.60,225,70475,0.96,0.60,0.85
01.04.21 13:56:59,0.60,0.60,0.60,0.60,75,70475,0.96,0.60,0.85
01.04.21 13:59:59,0.75,0.75,0.60,0.60,50,70475,0.96,0.55,0.75
01.04.21 14:00:59,0.55,0.55,0.55,0.55,750,70475,0.96,0.45,0.75
01.04.21 14:02:59,0.50,0.50,0.50,0.50,500,70475,0.96,0.45,0.50
01.04.21 14:03:59,0.50,0.50,0.50,0.50,25,70475,0.96,0.45,0.60
01.04.21 14:04:59,0.60,0.60,0.45,0.45,125,70450,0.96,0.45,0.60
01.04.21 14:05:59,0.45,0.55,0.45,0.55,175,70450,0.96,0.45,0.55
01.04.21 14:06:59,0.55,0.55,0.55,0.55,50,70450,0.96,0.50,0.60
01.04.21 14:07:59,0.50,0.60,0.45,0.45,550,70450,0.95,0.45,0.60
01.04.21 14:08:59,0.50,0.50,0.50,0.50,500,70450,0.95,0.40,0.55
01.04.21 14:10:59,0.40,0.40,0.40,0.40,25,70450,0.95,0.35,0.50
01.04.21 14:12:59,0.35,0.35,0.35,0.35,50,70425,0.95,0.35,0.50
01.04.21 14:13:59,0.50,0.60,0.50,0.55,2275,70425,0.95,0.35,0.55
01.04.21 14:14:59,0.55,0.60,0.45,0.45,675,70425,0.95,0.45,0.75
01.04.21 14:15:59,0.45,0.45,0.45,0.45,50,70425,0.95,0.50,0.75
01.04.21 14:17:59,0.50,0.50,0.45,0.45,725,70900,0.95,0.45,0.75
01.04.21 14:18:59,0.45,0.45,0.45,0.45,125,70425,0.95,0.45,0.75
01.04.21 14:19:59,0.40,0.65,0.40,0.65,1000,70425,0.94,0.65,0.75
01.04.21 14:20:59,0.65,0.70,0.65,0.70,200,70425,0.94,0.45,0.75
01.04.21 14:22:59,0.75,0.75,0.75,0.75,100,70550,0.94,0.55,0.80
01.04.21 14:24:59,0.60,0.60,0.60,0.60,25,70550,0.94,0.65,0.95
01.04.21 14:25:59,0.65,0.65,0.65,0.65,400,70575,0.94,0.65,0.95
01.04.21 14:26:59,0.65,0.65,0.50,0.50,1300,70575,0.94,0.50,0.80
01.04.21 14:28:59,0.55,0.55,0.50,0.50,425,70450,0.94,0.50,0.80
01.04.21 14:29:59,0.50,0.50,0.50,0.50,25,70450,0.94,0.50,0.80
01.04.21 14:31:59,0.50,0.50,0.50,0.50,25,70500,0.94,0.50,0.80
01.04.21 14:35:59,0.50,0.50,0.50,0.50,350,70525,0.94,0.50,0.70
01.04.21 14:38:59,0.50,0.50,0.45,0.45,375,70525,0.94,0.45,0.60
01.04.21 14:40:59,0.40,0.40,0.40,0.40,675,70225,0.94,0.40,0.60
01.04.21 14:41:59,0.40,0.40,0.40,0.40,125,70225,0.94,0.35,0.50
01.04.21 14:42:59,0.50,0.65,0.50,0.65,200,70200,0.94,0.40,0.65
01.04.21 14:45:59,0.65,0.65,0.40,0.40,600,70225,0.94,0.40,0.60
01.04.21 14:46:59,0.50,0.50,0.50,0.50,650,70225,0.93,0.50,0.60
01.04.21 14:48:59,0.40,0.60,0.40,0.55,1100,70225,0.93,0.40,0.50
01.04.21 14:49:59,0.50,0.50,0.40,0.40,125,70225,0.93,0.40,0.55
01.04.21 14:53:59,0.45,0.45,0.45,0.45,350,70125,0.93,0.40,0.50
01.04.21 14:55:59,0.40,0.40,0.40,0.40,25,70125,0.93,0.40,0.50
01.04.21 14:56:59,0.40,0.50,0.40,0.50,125,70125,0.93,0.40,0.50
01.04.21 14:57:59,0.40,0.50,0.40,0.50,675,70100,0.93,0.40,0.50
01.04.21 14:58:59,0.50,0.50,0.50,0.50,150,70100,0.93,0.40,0.55
01.04.21 14:59:59,0.40,0.40,0.40,0.40,200,70100,0.93,0.35,0.55
01.04.21 15:00:59,0.35,0.35,0.35,0.35,25,70100,0.93,0.35,0.55
01.04.21 15:01:59,0.35,0.35,0.30,0.30,200,69575,0.93,0.30,0.35
01.04.21 15:02:59,0.30,0.30,0.30,0.30,900,69575,0.93,0.30,0.35
01.04.21 15:03:59,0.25,0.35,0.25,0.35,1875,68450,0.92,0.35,0.55
01.04.21 15:04:59,0.35,0.35,0.25,0.25,1725,68450,0.92,0.25,0.30
01.04.21 15:05:59,0.30,0.30,0.30,0.30,150,68450,0.92,0.25,0.30
01.04.21 15:06:59,0.25,0.30,0.25,0.25,1850,66475,0.91,0.25,0.30
01.04.21 15:08:59,0.25,0.25,0.25,0.25,1000,66475,0.91,0.25,0.30
01.04.21 15:09:59,0.25,0.25,0.25,0.25,625,66475,0.91,0.15,0.25
01.04.21 15:10:59,0.20,0.20,0.15,0.15,425,66450,0.90,0.15,0.20
01.04.21 15:11:59,0.20,0.25,0.20,0.25,700,66450,0.90,0.15,0.25
01.04.21 15:12:59,0.20,0.20,0.20,0.20,25,66450,0.90,0.20,0.25
01.04.21 15:13:59,0.25,0.25,0.15,0.15,1125,66025,0.90,0.15,0.20
01.04.21 15:14:59,0.15,0.15,0.15,0.15,25,66025,0.90,0.15,0.20
01.04.21 15:15:59,0.15,0.20,0.10,0.20,6725,65800,0.88,0.10,0.20
01.04.21 15:16:59,0.20,0.20,0.10,0.15,1800,65800,0.87,0.10,0.20
01.04.21 15:17:59,0.15,0.15,0.10,0.15,1400,65800,0.87,0.10,0.15
01.04.21 15:18:59,0.15,0.15,0.10,0.15,375,65600,0.87,0.10,0.15
01.04.21 15:19:59,0.15,0.15,0.10,0.15,3400,65600,0.86,0.10,0.15
01.04.21 15:20:59,0.15,0.15,0.10,0.15,850,65600,0.86,0.10,0.15
01.04.21 15:21:59,0.15,0.15,0.05,0.10,1550,64500,0.85,0.05,0.10
01.04.21 15:22:59,0.10,0.15,0.10,0.15,1650,64500,0.85,0.05,0.15
01.04.21 15:23:59,0.15,0.15,0.10,0.10,1875,64500,0.84,0.05,0.10
01.04.21 15:24:59,0.10,0.10,0.10,0.10,1550,63900,0.84,0.05,0.10
01.04.21 15:25:59,0.10,0.10,0.10,0.10,2975,63900,0.83,0.00,0.10
01.04.21 15:26:59,0.10,0.10,0.05,0.05,3925,63900,0.82,0.00,0.05
01.04.21 15:27:59,0.05,0.05,0.05,0.05,50,63900,0.82,0.00,0.10
