0,1,2,3,4,5,6,7,8,9
26.02.21 10:17:59,230.30,230.30,230.30,230.30,25,0,230.30,185.35,267.00
26.02.21 11:00:59,302.00,302.00,302.00,302.00,25,25,266.15,261.50,345.85
26.02.21 11:10:59,345.85,345.85,345.85,345.85,25,25,292.71,280.30,380.10
26.02.21 11:19:59,352.00,352.00,352.00,352.00,25,25,307.53,311.95,391.55
26.02.21 11:30:59,393.40,393.40,393.40,393.40,25,25,324.71,362.65,435.80
26.02.21 11:53:59,428.15,428.15,428.15,428.15,25,50,341.95,374.65,422.00
26.02.21 11:55:59,374.65,374.65,374.65,374.65,25,50,346.62,349.70,398.45
26.02.21 12:30:59,478.45,478.45,478.45,478.45,25,100,363.10,461.75,495.75
26.02.21 12:36:59,508.60,508.60,508.60,508.60,25,100,379.26,481.30,523.15
26.02.21 12:41:59,527.45,527.45,527.45,527.45,25,125,394.08,472.75,554.50
26.02.21 12:47:59,513.50,513.50,513.50,513.50,25,125,404.94,499.20,528.40
26.02.21 13:16:59,505.00,505.00,505.00,505.00,25,125,413.27,485.40,504.95
26.02.21 13:21:59,485.40,485.40,485.40,485.40,25,100,418.82,414.55,504.65
26.02.21 13:24:59,440.05,440.05,440.05,440.05,25,75,420.34,422.95,459.25
26.02.21 13:36:59,454.95,454.95,454.95,454.95,25,75,422.65,435.60,470.30
26.02.21 13:38:59,435.60,435.60,435.60,435.60,25,75,423.45,417.25,449.70
26.02.21 13:43:59,424.25,424.25,424.25,424.25,25,75,423.50,405.75,438.95
26.02.21 13:48:59,432.55,432.55,432.55,432.55,25,75,424.00,411.25,445.00
26.02.21 13:49:59,412.55,412.55,412.55,412.55,25,75,423.40,386.10,414.80
26.02.21 13:51:59,398.20,398.20,398.20,398.20,25,75,422.14,387.70,413.60
26.02.21 13:55:59,391.50,391.50,391.50,391.50,25,75,420.68,365.70,399.50
26.02.21 14:09:59,348.60,348.60,348.60,348.60,25,75,417.40,333.20,360.10
26.02.21 14:12:59,346.00,346.00,346.00,346.00,500,75,383.40,328.15,360.80
26.02.21 14:27:59,339.60,339.60,339.60,339.60,25,100,382.38,315.40,327.05
26.02.21 14:32:59,332.65,340.60,332.65,340.60,50,125,380.35,331.65,344.15
26.02.21 14:41:59,323.80,323.80,323.80,323.80,25,150,379.12,302.35,313.80
26.02.21 14:44:59,294.05,294.05,294.05,294.05,25,150,377.31,279.90,285.95
26.02.21 14:50:59,271.00,271.00,271.00,271.00,25,125,375.09,271.90,289.65
26.02.21 14:52:59,287.55,287.55,287.55,287.55,25,125,373.31,276.50,303.30
26.02.21 14:57:59,297.35,316.00,297.35,316.00,50,125,370.69,293.40,321.50
26.02.21 15:00:59,320.25,345.65,320.25,345.65,75,125,368.56,327.20,375.05
26.02.21 15:01:59,372.05,372.05,372.05,372.05,25,125,368.63,344.70,393.00
26.02.21 15:05:59,409.45,409.45,409.45,409.45,25,0,369.36,391.95,406.60
26.02.21 15:07:59,414.55,414.55,414.55,414.55,25,125,370.15,413.75,420.35
26.02.21 15:10:59,420.10,420.10,420.10,420.10,25,125,371.01,429.45,433.95
26.02.21 15:16:59,399.75,399.75,399.75,399.75,25,0,371.50,415.95,423.75
26.02.21 15:18:59,428.80,428.80,428.80,428.80,25,125,372.45,428.45,433.85
01.03.21 09:30:59,298.30,298.30,298.30,298.30,25,525,298.30,289.15,315.55
01.03.21 09:32:59,331.90,331.90,331.90,331.90,25,550,315.10,304.45,347.30
01.03.21 09:41:59,260.75,260.75,260.75,260.75,25,575,296.98,256.45,271.85
01.03.21 09:42:59,259.15,259.15,259.15,259.15,25,575,287.52,251.90,269.80
01.03.21 09:43:59,251.90,251.90,251.90,251.90,25,575,280.40,240.70,263.40
01.03.21 09:45:59,248.45,248.45,248.45,248.45,25,525,275.07,233.60,251.85
01.03.21 09:47:59,248.45,248.45,235.50,235.50,50,525,266.80,183.20,241.35
01.03.21 09:51:59,230.70,230.70,230.70,230.70,25,525,262.78,232.25,252.15
01.03.21 09:55:59,235.65,235.65,235.65,235.65,25,525,260.07,230.30,249.25
01.03.21 09:59:59,249.25,249.25,249.25,249.25,25,525,259.09,238.20,263.50
01.03.21 10:05:59,254.45,254.45,254.45,254.45,25,525,258.70,239.00,264.55
01.03.21 10:10:59,254.00,254.00,254.00,254.00,50,525,258.03,239.20,261.00
01.03.21 10:30:59,205.85,205.85,205.85,205.85,25,525,254.55,193.45,208.90
01.03.21 10:56:59,211.30,211.30,211.30,211.30,25,525,251.85,201.60,218.65
01.03.21 11:02:59,215.00,215.00,215.00,215.00,25,525,249.68,200.75,216.15
01.03.21 11:20:59,231.00,231.00,231.00,231.00,25,550,248.64,223.75,239.05
01.03.21 11:24:59,232.95,232.95,232.95,232.95,25,550,247.82,223.75,243.05
01.03.21 11:30:59,230.00,230.00,230.00,230.00,25,525,246.93,224.70,242.65
01.03.21 11:37:59,211.15,211.15,211.15,211.15,25,0,245.22,202.80,220.65
01.03.21 11:42:59,252.30,252.30,252.30,252.30,25,525,245.54,235.40,248.30
01.03.21 12:02:59,280.00,280.00,280.00,280.00,25,525,247.04,265.20,292.00
01.03.21 12:07:59,269.80,269.80,269.80,269.80,25,525,247.99,238.70,286.00
01.03.21 12:13:59,260.65,260.65,260.65,260.65,25,525,248.50,237.25,265.85
01.03.21 12:27:59,287.50,287.50,287.50,287.50,150,525,256.04,254.10,291.10
01.03.21 12:32:59,303.85,303.85,303.85,303.85,25,525,257.54,291.40,305.25
01.03.21 12:42:59,292.30,292.30,292.30,292.30,25,525,258.59,279.30,303.30
01.03.21 12:43:59,297.50,297.50,297.50,297.50,25,525,259.73,281.75,297.55
01.03.21 12:57:59,265.80,265.80,265.80,265.80,25,525,259.91,255.90,271.50
01.03.21 13:09:59,232.65,232.65,232.65,232.65,25,525,259.15,210.05,244.25
01.03.21 13:13:59,231.15,231.15,231.15,231.15,25,525,258.39,211.15,238.75
01.03.21 13:26:59,230.15,230.15,230.15,230.15,25,525,257.65,212.10,235.75
01.03.21 13:30:59,223.10,223.10,223.10,223.10,25,0,256.76,206.15,220.70
01.03.21 13:31:59,206.15,206.15,206.15,206.15,25,525,255.50,206.30,220.70
01.03.21 13:39:59,215.40,215.40,215.40,215.40,25,525,254.52,206.00,220.05
01.03.21 13:40:59,206.00,206.00,206.00,206.00,25,525,253.37,198.25,214.45
01.03.21 13:45:59,202.65,202.65,202.65,202.65,25,525,252.19,196.35,210.50
01.03.21 14:00:59,217.45,217.45,217.45,217.45,25,525,251.40,212.60,223.50
01.03.21 14:01:59,214.00,214.00,214.00,214.00,25,550,250.57,194.85,221.90
01.03.21 14:13:59,203.00,203.00,203.00,203.00,25,575,249.53,196.80,211.05
01.03.21 14:38:59,206.50,206.50,206.50,206.50,25,600,248.62,190.35,215.20
01.03.21 14:42:59,201.90,201.90,201.90,201.90,25,625,247.64,193.30,208.95
01.03.21 14:53:59,235.85,235.85,235.85,235.85,25,650,247.40,221.45,252.80
01.03.21 14:59:59,223.05,223.05,223.05,223.05,25,625,246.91,215.05,232.05
01.03.21 15:00:59,215.00,215.00,215.00,215.00,25,625,246.29,200.80,212.25
01.03.21 15:22:59,195.00,195.00,195.00,195.00,25,650,245.30,179.30,205.25
01.03.21 15:25:59,190.15,190.15,190.15,190.15,25,650,244.26,179.95,196.05
02.03.21 09:15:59,202.15,202.15,202.15,202.15,25,675,202.15,138.30,200.60
02.03.21 09:20:59,148.90,148.90,143.20,143.25,100,700,157.41,72.60,151.90
02.03.21 09:28:59,133.20,133.20,133.20,133.20,25,700,153.37,115.75,141.10
02.03.21 09:35:59,134.15,134.15,134.15,134.15,25,725,150.62,127.85,143.00
02.03.21 09:45:59,145.75,145.75,145.75,145.75,25,725,150.01,142.20,156.90
02.03.21 09:51:59,126.60,126.60,126.60,126.60,75,725,143.74,134.00,147.95
02.03.21 10:06:59,120.85,122.85,120.85,122.85,50,775,140.37,121.05,132.10
02.03.21 10:11:59,128.15,128.15,128.15,128.15,25,725,139.50,125.20,134.85
02.03.21 10:17:59,130.75,130.75,130.75,130.75,25,725,138.92,128.85,134.90
02.03.21 10:20:59,140.40,140.40,140.40,140.40,25,725,139.01,131.50,142.05
02.03.21 10:26:59,128.15,128.15,128.15,128.15,25,700,138.37,125.45,134.95
02.03.21 10:27:59,125.55,125.55,125.55,125.55,25,700,137.66,125.55,134.60
02.03.21 10:34:59,146.85,146.85,146.85,146.85,25,675,138.14,135.75,147.35
02.03.21 10:37:59,151.70,151.70,151.70,151.70,25,675,138.82,141.85,157.30
02.03.21 10:38:59,157.30,157.30,157.30,157.30,25,675,139.70,144.35,158.60
02.03.21 10:47:59,153.85,153.85,153.85,153.85,25,675,140.34,145.35,160.90
02.03.21 10:59:59,153.85,153.85,153.85,153.85,25,0,140.93,154.85,167.30
02.03.21 11:07:59,174.35,174.35,174.35,174.35,25,0,142.32,164.65,188.20
02.03.21 11:10:59,190.20,190.20,190.20,190.20,25,700,144.24,178.05,196.10
02.03.21 11:13:59,178.70,178.70,178.70,178.70,25,700,145.56,167.55,186.75
02.03.21 11:16:59,220.00,220.00,220.00,220.00,25,700,148.32,195.70,227.45
02.03.21 11:20:59,220.00,220.00,220.00,220.00,100,700,157.57,205.55,225.00
02.03.21 11:22:59,210.00,210.00,210.00,210.00,25,700,159.20,205.55,217.15
02.03.21 11:25:59,186.65,186.65,186.65,186.65,25,700,160.04,188.90,209.65
02.03.21 11:35:59,195.00,195.00,195.00,195.00,100,700,163.82,180.95,208.85
02.03.21 11:42:59,192.35,192.35,192.35,192.35,25,700,164.57,178.05,191.60
02.03.21 11:45:59,182.00,182.00,182.00,182.00,50,700,165.44,156.60,185.75
02.03.21 12:02:59,196.00,196.00,196.00,196.00,75,775,167.57,180.85,210.35
02.03.21 12:18:59,180.00,180.00,180.00,180.00,25,800,167.85,150.95,180.65
02.03.21 12:36:59,183.95,183.95,183.95,183.95,25,825,168.21,173.20,206.90
02.03.21 12:43:59,191.40,191.40,191.40,191.40,25,825,168.71,178.50,195.15
02.03.21 12:45:59,197.85,197.85,197.85,197.85,25,825,169.33,178.50,194.90
02.03.21 12:46:59,194.60,194.60,194.60,194.60,25,825,169.86,178.50,202.45
02.03.21 12:48:59,202.90,202.90,202.90,202.90,25,800,170.53,195.05,207.65
02.03.21 12:50:59,203.85,203.85,203.85,203.85,25,800,171.20,195.05,211.40
02.03.21 12:52:59,203.10,203.10,195.05,195.05,50,800,172.27,189.50,198.30
02.03.21 12:53:59,189.50,189.50,189.50,189.50,25,800,172.60,163.70,195.70
02.03.21 13:03:59,187.00,187.00,187.00,187.00,25,800,172.86,172.05,191.90
02.03.21 13:04:59,192.85,192.85,192.85,192.85,25,800,173.23,172.05,194.10
02.03.21 13:11:59,192.85,192.85,192.85,192.85,50,800,173.87,172.05,195.75
02.03.21 13:17:59,198.70,198.70,192.85,192.85,75,775,174.92,162.70,194.70
02.03.21 13:29:59,195.95,195.95,195.95,195.95,25,0,175.26,190.05,202.40
02.03.21 13:31:59,201.55,201.55,201.55,201.55,25,750,175.69,190.05,209.35
02.03.21 13:32:59,210.00,210.00,210.00,210.00,50,750,176.75,190.05,212.00
02.03.21 13:34:59,209.10,209.10,209.10,209.10,25,750,177.25,190.75,212.55
02.03.21 13:35:59,210.15,210.15,210.15,210.15,50,750,178.23,190.75,218.70
02.03.21 13:37:59,220.25,220.25,220.25,220.25,25,0,178.85,191.80,214.95
02.03.21 13:38:59,216.35,216.35,216.35,216.35,25,750,179.39,211.10,229.10
02.03.21 13:39:59,211.05,211.05,211.05,211.05,50,750,180.28,190.05,220.75
02.03.21 13:41:59,190.00,190.00,190.00,190.00,75,750,180.68,153.45,196.15
02.03.21 13:45:59,174.00,174.00,174.00,174.00,25,750,180.59,153.65,171.70
02.03.21 13:48:59,153.65,153.65,153.65,153.65,25,0,180.23,125.55,160.80
02.03.21 13:49:59,153.00,153.00,153.00,153.00,100,750,178.87,127.30,165.90
02.03.21 13:55:59,173.75,173.75,173.75,173.75,25,0,178.81,139.85,170.85
02.03.21 14:00:59,177.70,177.70,177.70,177.70,25,750,178.79,150.05,190.40
02.03.21 14:06:59,152.50,152.50,152.50,152.50,25,725,178.48,153.70,173.35
02.03.21 14:14:59,153.70,153.70,153.70,153.70,25,700,178.18,127.35,163.55
02.03.21 14:23:59,167.15,167.15,167.15,167.15,25,750,178.05,141.85,166.15
02.03.21 14:49:59,163.00,163.00,163.00,163.00,25,725,177.88,147.55,175.15
02.03.21 15:01:59,148.35,154.75,148.35,154.75,50,775,177.28,122.30,153.80
02.03.21 15:02:59,148.00,148.00,148.00,148.00,50,775,176.63,122.90,153.80
02.03.21 15:05:59,148.00,148.00,148.00,148.00,25,775,176.31,125.35,159.45
02.03.21 15:10:59,136.50,136.50,136.50,136.50,25,725,175.88,112.85,133.50
02.03.21 15:14:59,116.80,116.80,116.80,116.80,25,725,175.25,96.05,128.05
02.03.21 15:15:59,99.85,99.85,99.85,99.85,25,725,174.44,103.45,125.35
02.03.21 15:17:59,115.00,117.70,115.00,115.75,300,725,167.78,112.35,124.50
02.03.21 15:18:59,113.40,113.40,113.40,113.40,25,725,167.27,112.50,123.10
02.03.21 15:20:59,122.80,122.80,122.80,122.80,25,700,166.86,115.00,128.45
02.03.21 15:25:59,121.55,121.55,121.55,121.55,25,725,166.44,112.25,122.95
02.03.21 15:30:00,123.35,123.35,112.95,112.95,125,725,164.43,87.85,124.55
03.03.21 09:15:59,56.50,77.15,56.50,77.15,75,950,70.26,56.20,78.65
03.03.21 09:16:59,72.45,72.45,70.00,70.00,200,950,71.11,70.00,72.10
03.03.21 09:17:59,76.10,80.00,76.10,80.00,175,950,73.96,75.50,81.30
03.03.21 09:24:59,66.50,66.50,66.50,66.50,25,850,73.56,63.10,69.60
03.03.21 09:27:59,65.50,65.50,65.50,65.50,50,850,72.80,65.00,69.45
03.03.21 09:28:59,67.35,67.35,67.35,67.35,25,850,72.55,66.65,70.55
03.03.21 09:29:59,67.35,67.35,65.65,65.65,75,850,71.83,65.15,67.95
03.03.21 09:30:59,65.95,65.95,65.95,65.95,25,850,71.60,63.00,68.30
03.03.21 09:34:59,72.50,72.50,72.50,72.50,100,900,71.67,70.50,71.95
03.03.21 09:35:59,75.50,75.50,75.30,75.30,50,850,71.90,61.65,74.25
03.03.21 09:36:59,74.25,74.25,74.25,74.25,25,850,71.97,65.00,74.40
03.03.21 09:37:59,72.30,72.30,72.30,72.30,25,850,71.98,57.30,74.45
03.03.21 09:38:59,69.30,69.30,69.30,69.30,25,800,71.90,58.10,69.35
03.03.21 09:39:59,68.35,68.35,56.15,68.35,175,800,70.20,50.65,68.45
03.03.21 09:40:59,68.45,68.45,68.45,68.45,25,800,70.16,52.50,71.40
03.03.21 09:42:59,68.45,68.45,68.45,68.45,25,775,70.12,53.30,69.60
03.03.21 09:43:59,69.60,69.60,69.60,69.60,25,775,70.11,54.85,72.00
03.03.21 09:45:59,72.00,72.00,72.00,72.00,25,775,70.15,54.90,75.85
03.03.21 09:52:59,72.95,72.95,72.95,72.95,50,775,70.21,67.10,72.35
03.03.21 09:57:59,61.10,61.10,61.10,61.10,50,750,69.86,61.45,66.45
03.03.21 10:00:59,62.20,62.20,62.20,62.20,25,775,69.71,60.00,65.45
03.03.21 10:01:59,62.25,62.25,62.25,62.25,100,775,69.16,62.25,65.25
03.03.21 10:02:59,62.25,62.25,62.25,62.25,25,0,69.04,60.15,65.05
03.03.21 10:15:59,63.45,63.45,63.45,63.45,25,750,68.94,59.25,65.95
03.03.21 10:19:59,59.25,61.90,59.25,61.90,275,750,67.76,57.60,62.65
03.03.21 10:20:59,63.15,63.15,63.15,63.15,25,750,67.70,59.30,62.90
03.03.21 10:23:59,62.80,62.80,62.80,62.80,75,750,67.46,58.90,62.90
03.03.21 10:25:59,63.50,63.50,63.50,63.50,25,750,67.41,61.00,65.05
03.03.21 10:30:59,61.40,61.40,61.40,61.40,25,750,67.33,53.25,64.85
03.03.21 10:39:59,60.30,60.30,60.30,60.30,25,0,67.24,57.55,60.00
03.03.21 10:42:59,56.75,56.75,56.75,56.75,75,750,66.85,56.55,60.00
03.03.21 10:44:59,60.00,62.30,60.00,62.30,100,750,66.60,57.90,62.30
03.03.21 10:45:59,62.30,62.30,62.30,62.30,25,900,66.54,59.00,62.60
03.03.21 10:48:59,59.30,59.30,59.30,59.30,25,900,66.46,59.25,62.10
03.03.21 10:49:59,62.10,62.10,62.10,62.10,25,900,66.41,57.80,63.50
03.03.21 10:56:59,62.50,62.50,62.50,62.50,25,1000,66.36,62.25,64.75
03.03.21 10:57:59,62.15,62.15,62.15,62.15,25,1025,66.31,62.10,63.55
03.03.21 11:02:59,62.10,62.10,62.10,62.10,100,1025,66.13,61.10,62.70
03.03.21 11:07:59,61.65,61.65,61.65,61.65,25,1025,66.08,61.00,62.75
03.03.21 11:09:59,61.00,61.00,61.00,61.00,50,0,65.97,57.65,62.05
03.03.21 11:15:59,63.35,63.35,63.35,63.35,25,1000,65.94,59.80,63.10
03.03.21 11:29:59,60.00,60.00,60.00,60.00,25,1000,65.88,58.00,60.80
03.03.21 11:38:59,59.75,59.75,59.75,59.75,25,1075,65.82,58.35,60.00
03.03.21 11:44:59,60.10,60.10,60.10,60.10,50,1125,65.70,60.25,63.05
03.03.21 11:45:59,60.25,60.25,60.00,60.00,75,1100,65.54,57.70,62.90
03.03.21 11:47:59,60.25,60.25,59.75,59.75,100,1100,65.33,56.75,64.40
03.03.21 11:51:59,57.95,57.95,57.95,57.95,25,1100,65.26,58.05,61.80
03.03.21 11:56:59,61.10,61.10,61.10,61.10,25,1100,65.22,58.85,63.45
03.03.21 12:09:59,56.85,56.85,56.85,56.85,25,1125,65.15,56.05,58.70
03.03.21 12:10:59,56.20,56.20,56.20,56.20,25,1125,65.06,55.60,58.70
03.03.21 12:13:59,58.70,58.70,58.70,58.70,250,1125,64.53,56.45,60.00
03.03.21 12:24:59,54.80,54.80,54.80,54.80,25,0,64.45,53.80,57.35
03.03.21 12:37:59,57.00,57.00,57.00,57.00,25,1350,64.39,55.05,57.40
03.03.21 12:39:59,58.10,58.10,58.10,58.10,25,1350,64.34,57.30,58.90
03.03.21 12:41:59,57.80,57.80,57.80,57.80,25,1350,64.29,55.95,58.20
03.03.21 12:47:59,56.00,56.00,56.00,56.00,50,1300,64.16,53.35,58.10
03.03.21 12:54:59,54.00,54.00,54.00,54.00,75,1325,63.92,54.00,54.50
03.03.21 12:55:59,54.50,54.50,54.50,54.50,25,1325,63.85,54.00,55.15
03.03.21 12:56:59,55.15,55.15,55.15,55.15,25,1325,63.78,54.05,55.40
03.03.21 12:57:59,54.00,54.00,54.00,54.00,50,1325,63.63,50.00,54.30
03.03.21 12:59:59,53.80,53.80,53.80,53.80,25,1325,63.56,51.90,54.20
03.03.21 13:01:59,54.60,54.60,54.60,54.60,25,1400,63.49,52.30,54.35
03.03.21 13:03:59,54.00,54.20,54.00,54.20,100,1375,63.22,52.30,54.15
03.03.21 13:06:59,52.70,52.70,52.70,52.70,25,1375,63.15,51.35,54.90
03.03.21 13:11:59,53.90,53.90,53.90,53.90,25,1375,63.08,52.60,54.15
03.03.21 13:12:59,54.15,54.15,54.15,54.15,25,1375,63.02,52.60,54.85
03.03.21 13:15:59,54.15,54.15,54.15,54.15,50,1375,62.90,53.10,54.30
03.03.21 13:22:59,48.50,48.50,48.50,48.50,50,1375,62.70,47.05,51.10
03.03.21 13:23:59,50.50,50.50,50.50,50.50,25,1375,62.62,48.15,51.20
03.03.21 13:25:59,52.80,52.80,52.80,52.80,25,1375,62.55,49.25,52.85
03.03.21 13:30:59,50.85,50.85,50.85,50.85,125,1375,62.17,47.55,51.70
03.03.21 13:36:59,50.85,51.00,50.85,51.00,75,1375,61.95,49.65,52.45
03.03.21 13:38:59,51.95,51.95,51.75,51.75,50,1375,61.82,48.35,51.70
03.03.21 13:42:59,48.35,48.35,48.35,48.35,25,1375,61.74,45.90,50.00
03.03.21 13:46:59,46.50,46.50,46.50,46.50,50,1350,61.55,43.65,47.60
03.03.21 13:47:59,45.20,45.20,45.20,45.20,50,1350,61.35,43.95,47.50
03.03.21 13:49:59,45.75,45.75,44.05,44.05,50,1350,61.15,44.00,47.00
03.03.21 13:51:59,47.25,47.25,47.25,47.25,25,1350,61.07,46.35,49.45
03.03.21 14:18:59,48.05,48.05,48.05,48.05,25,1375,60.99,47.05,50.65
03.03.21 14:24:59,47.20,47.20,47.20,47.20,50,1425,60.83,46.30,48.55
03.03.21 14:25:59,46.30,46.30,46.30,46.30,25,0,60.74,46.90,49.20
03.03.21 14:28:59,46.05,46.05,46.05,46.05,25,1425,60.65,44.30,46.00
03.03.21 14:38:59,44.40,44.40,44.40,44.40,25,1400,60.56,42.85,45.85
03.03.21 14:42:59,45.85,45.85,45.85,45.85,25,1450,60.47,43.25,46.55
03.03.21 14:45:59,45.45,45.45,45.45,45.45,25,1450,60.39,42.25,44.95
03.03.21 14:52:59,48.10,48.10,48.10,48.10,50,1500,60.24,43.90,46.50
03.03.21 14:57:59,45.80,45.80,45.80,45.80,25,1500,60.16,44.85,47.45
03.03.21 14:58:59,47.45,48.45,47.45,48.45,50,1500,60.02,44.80,48.25
03.03.21 15:02:59,46.55,46.55,46.55,46.55,25,1500,59.95,44.05,48.35
03.03.21 15:11:59,44.40,44.40,44.40,44.40,25,1525,59.86,44.05,46.20
03.03.21 15:14:59,44.90,44.90,44.90,44.90,25,0,59.78,44.00,45.45
03.03.21 15:17:59,46.40,46.40,46.40,46.40,25,1525,59.70,45.00,49.35
03.03.21 15:23:59,46.40,46.40,46.40,46.40,50,1575,59.56,44.50,47.05
03.03.21 15:24:59,47.05,47.05,47.05,47.05,250,1575,58.92,44.80,49.00
04.03.21 09:16:59,98.65,98.65,80.00,80.00,125,1800,83.73,65.20,101.65
04.03.21 09:17:59,69.20,69.20,69.20,69.20,25,1750,81.30,61.35,97.80
04.03.21 09:23:59,93.00,93.00,93.00,93.00,50,1725,84.23,70.00,93.00
04.03.21 09:28:59,70.00,70.00,70.00,70.00,100,1725,85.07,74.65,95.60
04.03.21 09:29:59,95.60,95.60,95.60,95.60,25,1725,85.88,74.70,101.00
04.03.21 09:30:59,99.00,99.00,99.00,99.00,25,1750,86.81,87.05,99.20
04.03.21 09:33:59,100.15,100.15,100.15,100.15,25,1750,87.70,89.90,99.35
04.03.21 09:34:59,100.05,100.05,100.05,100.05,50,1750,89.15,95.60,100.00
04.03.21 09:35:59,99.90,99.90,96.10,96.10,100,1750,90.93,93.80,101.95
04.03.21 09:38:59,99.10,99.10,99.10,99.10,25,1800,91.30,99.95,110.45
04.03.21 09:39:59,107.90,107.90,107.90,107.90,25,1800,92.02,100.15,112.25
04.03.21 09:40:59,100.15,100.15,100.15,100.15,25,0,92.36,92.60,106.15
04.03.21 09:41:59,104.35,104.35,104.35,104.35,325,1825,96.50,100.15,104.35
04.03.21 09:43:59,104.35,104.35,104.35,104.35,125,1825,97.34,101.15,104.35
04.03.21 09:44:59,104.35,104.35,104.35,104.35,50,1825,97.66,101.95,104.35
04.03.21 09:45:59,104.35,104.35,104.35,104.35,650,1825,100.14,102.95,111.75
04.03.21 09:49:59,111.85,111.85,111.85,111.85,25,1825,100.31,111.40,119.75
04.03.21 09:52:59,108.50,117.30,108.50,117.30,125,1875,100.96,101.55,110.55
04.03.21 09:57:59,102.20,109.10,102.20,103.35,200,1900,101.23,84.45,110.85
04.03.21 09:58:59,105.05,105.05,104.00,104.00,50,1900,101.31,102.10,109.25
04.03.21 09:59:59,110.00,110.00,110.00,110.00,50,1950,101.49,102.30,112.00
04.03.21 10:02:59,99.35,99.35,97.45,97.45,75,1950,101.39,97.75,102.65
04.03.21 10:03:59,98.20,100.20,98.20,100.00,100,1950,101.32,101.50,102.55
04.03.21 10:04:59,102.65,103.60,101.70,101.70,525,1950,101.97,101.00,104.75
04.03.21 10:05:59,101.60,101.60,101.00,101.00,50,1950,101.96,100.25,105.60
04.03.21 10:06:59,100.00,100.00,100.00,100.00,50,1950,101.93,98.90,100.85
04.03.21 10:07:59,98.00,98.00,98.00,98.00,25,1950,101.89,95.60,103.30
04.03.21 10:09:59,90.50,90.50,87.45,87.45,975,1900,97.99,86.50,89.65
04.03.21 10:17:59,91.00,91.00,91.00,91.00,25,1925,97.94,91.00,93.15
04.03.21 10:18:59,92.35,92.35,92.35,92.35,25,1925,97.91,89.25,93.30
04.03.21 10:19:59,92.75,92.75,92.75,92.75,25,1925,97.88,90.00,92.95
04.03.21 10:21:59,96.30,100.30,96.30,100.30,75,1925,97.89,96.70,101.15
04.03.21 10:22:59,101.55,101.55,101.55,101.55,25,1925,97.91,97.40,100.75
04.03.21 10:23:59,101.55,101.55,101.55,101.55,25,1925,97.93,97.95,103.20
04.03.21 10:25:59,100.50,100.50,100.50,100.50,25,1925,97.94,95.40,101.00
04.03.21 10:26:59,95.80,95.80,95.80,95.80,50,1925,97.89,94.10,96.25
04.03.21 10:30:59,87.00,87.00,87.00,87.00,25,1925,97.83,77.10,87.40
04.03.21 10:34:59,83.75,83.75,83.75,83.75,25,2000,97.75,79.35,83.70
04.03.21 10:35:59,81.85,81.85,81.00,81.00,75,2025,97.47,80.90,82.75
04.03.21 10:36:59,84.00,84.80,84.00,84.80,50,2025,97.32,84.15,84.90
04.03.21 10:37:59,83.50,83.50,83.50,83.50,25,2025,97.24,82.75,84.60
04.03.21 10:38:59,84.05,84.05,84.00,84.00,50,2025,97.10,83.60,86.25
04.03.21 10:39:59,84.00,84.00,84.00,84.00,25,2025,97.02,81.15,84.95
04.03.21 10:41:59,90.15,90.15,90.15,90.15,25,2025,96.99,86.70,90.20
04.03.21 10:42:59,89.95,89.95,89.95,89.95,25,2075,96.95,86.50,88.55
04.03.21 10:45:59,91.35,91.35,87.40,87.40,125,2125,96.74,85.05,89.45
04.03.21 10:46:59,89.45,89.45,89.45,89.45,25,2125,96.70,85.15,89.50
04.03.21 10:49:59,88.05,88.05,88.05,88.05,25,0,96.66,86.65,89.40
04.03.21 10:56:59,89.35,89.35,88.60,88.60,50,2125,96.58,87.75,89.50
04.03.21 10:57:59,89.50,89.50,89.50,89.50,25,2150,96.54,87.45,92.30
04.03.21 11:01:59,89.75,89.75,85.00,85.00,75,2150,96.41,87.45,89.30
04.03.21 11:02:59,87.70,87.70,86.45,86.45,75,2150,96.26,84.20,87.90
04.03.21 11:09:59,86.35,86.35,81.00,81.00,50,2150,96.14,72.30,80.50
04.03.21 11:10:59,80.50,80.50,74.95,74.95,50,2150,95.96,70.00,74.10
04.03.21 11:11:59,70.00,70.00,65.05,65.05,175,2150,95.07,62.15,67.85
04.03.21 11:12:59,67.20,68.10,67.20,68.10,200,2150,94.05,65.25,69.00
04.03.21 11:14:59,73.15,73.15,73.15,73.15,125,2150,93.51,66.85,68.00
04.03.21 11:15:59,64.00,68.00,64.00,68.00,50,2175,93.27,64.40,68.45
04.03.21 11:16:59,68.35,68.35,68.35,68.35,25,2175,93.16,68.00,69.80
04.03.21 11:17:59,66.00,66.00,66.00,66.00,75,2175,92.82,62.35,65.30
04.03.21 11:18:59,60.40,64.35,60.40,64.35,100,2175,92.31,62.10,65.90
04.03.21 11:19:59,65.10,65.45,65.10,65.45,50,2175,92.08,62.45,64.60
04.03.21 11:20:59,60.70,60.70,60.70,60.70,25,2150,91.95,61.85,63.95
04.03.21 11:21:59,60.70,63.90,60.70,63.90,175,2150,91.09,62.95,64.30
04.03.21 11:22:59,63.10,63.10,62.70,62.70,175,2150,90.31,61.20,63.25
04.03.21 11:23:59,62.80,62.80,62.80,62.80,25,2150,90.20,62.05,63.10
04.03.21 11:24:59,63.40,65.45,63.40,65.45,100,2150,89.80,64.80,65.90
04.03.21 11:27:59,66.60,66.60,66.60,66.60,25,2150,89.71,65.50,67.45
04.03.21 11:28:59,67.80,68.00,67.80,67.85,75,2150,89.46,67.15,73.05
04.03.21 11:29:59,67.90,67.90,67.90,67.90,25,2150,89.38,68.95,72.00
04.03.21 11:31:59,68.20,68.20,68.20,68.20,25,0,89.30,66.50,70.25
04.03.21 11:32:59,66.05,66.05,66.05,66.05,25,2150,89.21,64.95,68.85
04.03.21 11:34:59,68.45,68.45,68.45,68.45,25,0,89.13,66.90,69.90
04.03.21 11:38:59,66.15,66.15,66.15,66.15,50,2150,88.96,65.55,70.60
04.03.21 11:39:59,69.40,69.40,69.40,69.40,25,2150,88.88,60.90,67.20
04.03.21 11:41:59,61.95,61.95,60.35,60.35,75,2150,88.57,59.35,63.05
04.03.21 11:43:59,62.95,62.95,62.95,62.95,25,2150,88.48,57.15,62.05
04.03.21 11:50:59,60.00,60.00,60.00,60.00,25,2150,88.37,57.50,61.75
04.03.21 11:53:59,64.00,64.00,64.00,64.00,25,2150,88.28,58.35,63.80
04.03.21 11:59:59,56.95,56.95,56.95,56.95,25,2175,88.17,56.90,60.85
04.03.21 12:03:59,61.95,61.95,61.95,61.95,50,2175,87.98,56.75,61.80
04.03.21 12:13:59,61.00,61.00,61.00,61.00,50,2200,87.78,57.15,63.55
04.03.21 12:32:59,57.65,57.65,56.80,57.65,50,1725,87.56,53.35,56.65
04.03.21 12:41:59,46.25,46.25,46.25,46.25,75,1800,87.16,36.95,49.85
04.03.21 12:46:59,49.25,49.25,49.25,49.25,25,0,87.02,46.05,50.75
04.03.21 12:47:59,50.75,50.75,50.75,50.75,25,1825,86.90,46.65,50.70
04.03.21 12:50:59,53.25,53.25,53.25,53.25,50,1725,86.65,51.20,54.90
04.03.21 12:52:59,50.95,50.95,49.90,49.90,50,1625,86.40,48.45,53.35
04.03.21 12:56:59,51.30,51.30,50.30,50.30,150,1625,85.68,50.50,51.80
04.03.21 12:59:59,49.05,51.45,49.05,51.45,150,1700,84.99,49.00,52.85
04.03.21 13:00:59,49.00,49.00,47.45,47.45,50,1675,84.75,48.10,50.45
04.03.21 13:01:59,49.70,49.70,49.70,49.70,50,0,84.52,49.35,51.95
04.03.21 13:04:59,51.85,51.85,51.85,51.85,50,1675,84.30,51.70,53.50
04.03.21 13:05:59,49.85,49.85,49.85,49.85,25,1675,84.19,51.55,52.35
04.03.21 13:06:59,53.40,53.40,53.40,53.40,50,1775,83.99,52.65,54.85
04.03.21 13:09:59,52.20,52.20,52.05,52.15,75,1775,83.69,51.40,54.95
04.03.21 13:10:59,52.55,52.55,52.55,52.55,50,1775,83.49,52.45,54.50
04.03.21 13:11:59,52.50,52.50,52.50,52.50,175,1775,82.82,52.45,53.60
04.03.21 13:12:59,52.60,52.60,52.60,52.60,50,1800,82.63,52.60,53.60
04.03.21 13:13:59,53.25,53.25,53.25,53.25,25,1800,82.54,53.25,53.55
04.03.21 13:14:59,53.30,53.35,53.30,53.35,75,1800,82.27,52.55,53.90
04.03.21 13:15:59,52.55,52.55,52.55,52.55,25,1800,82.18,49.75,53.80
04.03.21 13:18:59,53.50,54.10,53.50,54.10,150,1725,81.68,52.85,55.35
04.03.21 13:19:59,53.95,54.15,53.60,54.15,150,1725,81.19,53.25,54.75
04.03.21 13:22:59,56.95,58.45,56.95,58.45,125,1725,80.85,56.95,60.35
04.03.21 13:23:59,60.00,60.00,60.00,60.00,25,1725,80.79,56.80,59.20
04.03.21 13:25:59,58.00,58.00,58.00,58.00,400,1700,79.78,57.40,59.20
04.03.21 13:26:59,60.50,61.30,60.50,61.30,100,1700,79.57,60.35,63.25
04.03.21 13:27:59,62.35,63.10,61.80,63.10,225,1700,79.17,62.10,63.95
04.03.21 13:28:59,63.10,63.10,63.10,63.10,25,1700,79.12,60.75,64.50
04.03.21 13:30:59,59.45,59.45,59.45,59.45,50,1675,79.02,58.50,59.30
04.03.21 13:31:59,57.00,57.00,57.00,57.00,50,1675,78.90,55.40,57.55
04.03.21 13:32:59,55.05,56.10,55.05,56.10,125,1675,78.61,54.00,55.60
04.03.21 13:33:59,55.25,55.25,55.25,55.25,25,1675,78.54,54.70,56.80
04.03.21 13:40:59,58.85,58.85,58.85,58.85,25,1700,78.49,55.95,58.85
04.03.21 13:42:59,57.40,57.40,57.40,57.40,50,1700,78.39,56.55,58.15
04.03.21 13:43:59,58.15,58.15,58.15,58.15,25,1700,78.33,57.30,59.65
04.03.21 13:44:59,59.20,62.10,59.20,62.10,75,1700,78.20,60.70,64.00
04.03.21 13:46:59,64.75,64.75,64.75,64.75,50,1700,78.13,63.90,65.05
04.03.21 13:49:59,60.05,60.05,59.00,59.55,200,1850,77.76,58.95,60.70
04.03.21 13:50:59,59.40,59.40,59.40,59.40,25,1850,77.72,58.35,60.65
04.03.21 13:54:59,63.60,63.60,63.60,63.60,25,1900,77.68,63.40,65.55
04.03.21 13:55:59,63.30,68.00,63.30,68.00,100,1900,77.57,67.75,69.95
04.03.21 13:56:59,70.00,70.00,68.85,68.85,400,1900,77.28,68.90,69.95
04.03.21 13:57:59,68.00,68.00,68.00,68.00,75,1900,77.21,68.85,71.10
04.03.21 13:58:59,69.15,69.65,69.15,69.65,50,1900,77.17,69.20,69.80
04.03.21 13:59:59,69.40,69.40,69.40,69.40,25,1900,77.16,69.35,70.95
04.03.21 14:00:59,70.95,70.95,70.95,70.95,75,1900,77.11,70.85,72.65
04.03.21 14:02:59,69.95,69.95,69.95,69.95,25,1900,77.10,67.00,68.25
04.03.21 14:04:59,66.90,66.90,66.90,66.90,25,1925,77.07,65.95,67.40
04.03.21 14:05:59,63.25,63.25,63.25,63.25,100,1925,76.95,59.90,62.75
04.03.21 14:06:59,62.00,63.40,62.00,63.40,100,1950,76.82,62.90,65.00
04.03.21 14:07:59,64.95,65.35,64.95,65.35,75,1950,76.74,65.35,66.90
04.03.21 14:09:59,66.95,66.95,63.05,63.05,75,1950,76.67,61.50,64.25
04.03.21 14:10:59,62.35,62.35,62.35,62.35,50,1950,76.60,63.70,64.85
04.03.21 14:14:59,62.65,62.65,62.65,62.65,25,1925,76.57,61.10,62.50
04.03.21 14:15:59,62.30,62.30,59.95,59.95,100,1550,76.43,59.85,61.40
04.03.21 14:16:59,58.80,58.80,58.80,58.80,50,1550,76.35,59.05,61.10
04.03.21 14:18:59,61.75,62.60,61.75,62.60,75,1550,76.26,62.50,63.40
04.03.21 14:23:59,60.70,60.70,60.70,60.70,25,1550,76.22,60.55,61.85
04.03.21 14:24:59,59.00,59.00,59.00,59.00,50,2225,76.15,58.55,59.70
04.03.21 14:28:59,60.10,60.10,60.10,60.10,25,0,76.11,59.75,61.25
04.03.21 14:30:59,56.40,56.40,56.40,56.40,125,2200,75.90,55.40,56.65
04.03.21 14:31:59,58.35,58.35,58.35,58.35,25,2275,75.87,56.95,58.55
04.03.21 14:33:59,59.15,59.15,58.90,58.90,50,2275,75.79,57.85,59.25
04.03.21 14:35:59,57.75,57.75,57.75,57.75,75,2225,75.68,57.05,58.40
04.03.21 14:36:59,58.15,58.15,58.15,58.15,75,2225,75.57,57.85,59.10
04.03.21 14:38:59,59.00,59.00,59.00,59.00,25,2200,75.54,58.50,59.65
04.03.21 14:39:59,57.55,57.55,57.55,57.55,50,2200,75.46,59.35,61.25
04.03.21 14:40:59,60.55,61.85,60.55,61.85,100,2200,75.35,62.00,63.30
04.03.21 14:41:59,61.95,61.95,61.25,61.25,50,2200,75.29,60.85,61.95
04.03.21 14:43:59,64.05,64.65,63.25,64.65,150,2200,75.16,63.80,65.00
04.03.21 14:44:59,64.55,65.00,64.55,65.00,125,2200,75.05,63.85,65.00
04.03.21 14:45:59,65.80,66.60,65.80,66.60,125,2200,74.96,65.95,67.15
04.03.21 14:46:59,67.15,68.00,67.15,68.00,75,2350,74.92,67.25,68.45
04.03.21 14:47:59,63.60,63.60,63.00,63.00,225,2350,74.74,61.80,63.30
04.03.21 14:48:59,64.25,64.25,64.25,64.25,75,2350,74.67,64.00,65.55
04.03.21 14:49:59,64.30,64.30,64.30,64.30,25,2400,74.65,63.75,64.90
04.03.21 14:50:59,65.25,65.25,63.85,63.85,75,2400,74.59,62.25,63.45
04.03.21 14:51:59,62.25,64.15,61.75,64.15,200,2425,74.41,63.30,64.05
04.03.21 14:52:59,64.90,64.90,64.30,64.30,50,2425,74.38,63.65,64.60
04.03.21 14:54:59,63.00,63.00,63.00,63.00,50,2425,74.34,64.80,66.45
04.03.21 14:55:59,65.90,67.25,65.90,67.25,150,2425,74.25,66.05,67.40
04.03.21 14:56:59,65.25,65.30,65.25,65.30,75,2425,74.20,64.15,65.15
04.03.21 14:57:59,65.15,65.15,65.15,65.15,25,2425,74.18,63.85,65.80
04.03.21 14:58:59,65.55,65.55,64.50,64.50,75,2450,74.13,64.15,65.40
04.03.21 15:01:59,64.95,65.90,64.95,65.90,150,2475,74.04,65.25,66.70
04.03.21 15:02:59,65.45,65.45,65.45,65.45,325,2475,73.85,66.20,67.75
04.03.21 15:03:59,66.25,66.25,66.25,66.25,25,2550,73.83,65.85,67.45
04.03.21 15:04:59,69.95,69.95,69.95,69.95,50,2550,73.82,73.35,74.95
04.03.21 15:05:59,73.15,75.00,73.15,75.00,300,2550,73.84,74.70,76.05
04.03.21 15:06:59,75.00,80.40,75.00,80.40,175,2275,73.89,81.40,82.65
04.03.21 15:07:59,81.00,81.00,75.60,75.60,100,2275,73.92,73.80,74.70
04.03.21 15:08:59,74.75,75.00,74.75,75.00,125,2275,73.93,74.90,75.90
04.03.21 15:09:59,74.45,74.45,71.60,71.60,150,2275,73.91,71.75,73.20
04.03.21 15:10:59,73.00,73.00,73.00,73.00,150,2250,73.90,72.75,74.20
04.03.21 15:11:59,74.15,74.15,73.00,73.00,100,2250,73.90,70.80,71.95
04.03.21 15:12:59,71.70,71.70,69.85,69.85,100,2250,73.87,69.80,70.90
04.03.21 15:13:59,71.75,72.30,71.75,72.30,75,2450,73.87,72.10,72.95
04.03.21 15:14:59,73.00,73.00,72.30,72.30,250,2450,73.85,72.65,73.95
04.03.21 15:15:59,72.75,75.95,72.75,75.95,75,2450,73.86,77.25,78.55
04.03.21 15:16:59,78.85,81.45,78.85,81.45,225,2600,73.94,80.20,81.40
04.03.21 15:17:59,80.30,82.55,80.30,82.55,325,2600,74.09,82.90,83.55
04.03.21 15:18:59,83.90,83.90,83.90,83.90,50,2600,74.12,82.95,84.10
04.03.21 15:19:59,83.45,83.45,83.45,83.45,50,2550,74.15,83.05,83.95
04.03.21 15:20:59,83.50,83.50,82.30,82.30,2700,2550,75.45,82.10,83.15
04.03.21 15:21:59,83.95,85.00,83.70,85.00,200,2550,75.54,85.50,86.95
04.03.21 15:22:59,88.30,89.70,88.30,89.00,200,4775,75.68,88.90,89.95
04.03.21 15:23:59,90.00,90.55,90.00,90.55,175,4775,75.81,90.20,91.05
04.03.21 15:24:59,89.00,92.05,89.00,92.05,475,4775,76.14,91.50,92.70
04.03.21 15:25:59,93.10,93.70,90.95,93.70,200,4925,76.30,92.05,93.60
04.03.21 15:26:59,92.55,98.10,92.55,96.40,350,4925,76.62,95.55,97.50
04.03.21 15:27:59,97.85,100.95,95.55,99.45,1075,5025,77.67,99.45,101.20
04.03.21 15:28:59,101.30,103.05,97.40,98.50,1100,5025,78.78,96.70,98.15
04.03.21 15:30:00,98.05,98.75,94.25,98.50,2725,5025,80.61,98.50,100.00
05.03.21 09:15:59,171.65,171.65,121.95,150.75,1475,6600,151.11,144.60,150.00
05.03.21 09:16:59,148.90,155.90,145.25,155.90,2200,6600,149.61,150.30,154.70
05.03.21 09:17:59,150.00,153.35,146.00,149.75,3300,7200,149.24,147.25,148.30
05.03.21 09:18:59,146.95,148.90,143.55,146.55,3025,7200,148.41,145.50,146.70
05.03.21 09:19:59,146.65,151.75,145.00,148.00,1875,7200,148.45,147.90,149.15
05.03.21 09:20:59,151.80,156.45,150.75,154.40,5075,9375,150.24,154.65,155.70
05.03.21 09:21:59,156.40,164.80,156.15,162.00,3925,9375,152.28,159.70,160.80
05.03.21 09:22:59,161.25,175.10,158.60,172.85,3650,9375,154.64,172.05,173.10
05.03.21 09:23:59,172.50,175.00,165.70,166.55,3175,10150,156.42,165.90,166.90
05.03.21 09:24:59,166.90,169.35,158.05,158.15,4650,10150,157.47,159.00,160.00
05.03.21 09:25:59,157.95,161.35,148.15,149.60,4775,10150,157.24,149.55,150.65
05.03.21 09:26:59,150.35,155.35,149.60,151.15,2775,11250,156.88,150.85,152.00
05.03.21 09:27:59,149.90,155.35,149.00,155.35,1925,11250,156.62,155.30,156.70
05.03.21 09:28:59,155.10,160.85,155.10,160.45,1675,11250,156.72,161.15,162.30
05.03.21 09:29:59,164.40,166.15,162.35,163.00,3700,14650,157.30,162.10,163.25
05.03.21 09:30:59,163.80,172.25,163.80,170.40,3300,14650,158.14,171.10,172.40
05.03.21 09:31:59,173.30,179.95,171.55,179.95,3225,14650,159.16,178.70,179.95
05.03.21 09:32:59,178.00,180.30,171.40,176.90,4975,14750,160.65,177.80,179.25
05.03.21 09:33:59,179.95,181.40,173.70,175.15,2625,14750,161.38,175.70,177.00
05.03.21 09:34:59,177.90,203.50,177.90,196.80,11550,14750,166.13,196.60,198.85
05.03.21 09:35:59,198.05,202.90,188.85,195.40,5275,15200,168.22,194.45,195.80
05.03.21 09:36:59,196.65,198.95,189.70,193.50,4525,15200,169.58,192.40,193.95
05.03.21 09:37:59,192.50,196.00,188.00,191.30,4150,15200,170.67,189.75,191.10
05.03.21 09:38:59,191.50,191.50,184.35,185.30,5250,15600,171.64,185.30,186.55
05.03.21 09:39:59,184.90,184.90,171.25,177.80,4625,15600,171.97,176.80,178.20
05.03.21 09:40:59,177.05,178.20,169.70,175.10,2125,15600,172.00,173.95,175.20
05.03.21 09:41:59,173.15,178.65,169.60,169.60,2025,18100,172.04,168.60,169.70
05.03.21 09:42:59,170.55,171.20,162.45,167.85,3125,18100,171.89,167.70,168.80
05.03.21 09:43:59,167.90,172.80,163.30,163.30,2275,18100,171.82,162.25,163.85
05.03.21 09:44:59,160.50,163.00,155.00,155.00,5075,19550,171.18,154.10,154.95
05.03.21 09:45:59,154.00,156.20,145.00,155.35,6475,19550,170.00,154.80,155.95
05.03.21 09:46:59,154.90,162.50,154.90,159.30,3500,19550,169.69,159.55,160.50
05.03.21 09:47:59,158.90,159.95,150.00,150.00,3550,20175,169.29,148.45,149.90
05.03.21 09:48:59,150.85,159.10,150.85,158.30,3000,20175,168.94,158.60,159.70
05.03.21 09:49:59,159.10,162.50,150.90,150.90,7025,20175,168.23,151.40,152.50
05.03.21 09:50:59,152.35,156.00,150.00,154.20,3775,18050,167.80,153.45,154.40
05.03.21 09:51:59,156.00,160.15,153.95,160.15,2925,18050,167.58,159.25,160.15
05.03.21 09:52:59,158.85,163.50,158.85,160.00,4250,18050,167.41,160.20,161.20
05.03.21 09:53:59,161.20,161.20,155.65,158.40,700,19200,167.37,157.50,158.45
05.03.21 09:54:59,157.50,157.65,150.65,152.90,3100,19200,167.07,151.80,152.85
05.03.21 09:55:59,149.45,153.50,145.90,150.40,4625,19200,166.53,151.55,152.90
05.03.21 09:56:59,152.00,157.10,152.00,156.05,3550,20950,166.27,156.05,157.10
05.03.21 09:57:59,156.50,160.80,153.25,158.45,2925,20950,166.10,157.80,158.85
05.03.21 09:58:59,157.95,157.95,150.40,153.20,1600,20950,165.97,153.10,154.05
05.03.21 09:59:59,151.85,155.55,148.50,148.50,925,24750,165.90,147.85,148.90
05.03.21 10:00:59,147.45,147.45,141.05,145.00,6350,24750,165.06,143.80,144.80
05.03.21 10:01:59,144.50,146.40,140.00,144.20,3125,24750,164.64,143.30,144.35
05.03.21 10:02:59,143.05,148.65,143.05,144.45,500,21775,164.58,144.45,145.30
05.03.21 10:03:59,145.65,155.35,145.65,152.75,2200,21775,164.41,152.15,153.40
05.03.21 10:04:59,153.80,159.50,153.15,157.00,2375,21775,164.31,156.60,157.75
05.03.21 10:05:59,157.75,163.20,157.75,158.00,1775,21725,164.27,157.10,158.50
05.03.21 10:06:59,157.95,157.95,148.20,153.10,1875,21725,164.15,152.65,153.90
05.03.21 10:07:59,152.75,152.75,145.00,146.05,2600,21725,163.94,147.00,148.45
05.03.21 10:08:59,149.40,151.05,146.00,147.85,1125,22525,163.85,145.75,147.20
05.03.21 10:09:59,146.65,146.65,134.00,135.45,3575,22525,163.39,136.10,137.55
05.03.21 10:10:59,134.05,137.50,128.30,134.45,4825,22525,162.62,135.15,136.15
05.03.21 10:11:59,133.00,140.00,133.00,136.60,1600,22675,162.41,136.10,137.40
05.03.21 10:12:59,136.65,140.00,136.15,138.50,1050,22675,162.28,138.05,138.90
05.03.21 10:13:59,136.15,142.00,136.15,139.00,1450,22675,162.11,138.40,139.40
05.03.21 10:14:59,138.60,140.00,135.60,138.80,1650,22100,161.92,138.90,140.05
05.03.21 10:15:59,141.00,147.40,141.00,144.15,1300,22100,161.81,141.65,142.80
05.03.21 10:16:59,143.50,144.35,140.45,144.35,925,22100,161.72,144.50,145.95
05.03.21 10:17:59,146.00,150.70,144.20,147.20,2225,23600,161.58,145.85,147.25
05.03.21 10:18:59,146.90,148.60,143.60,144.95,1200,23600,161.49,143.95,145.55
05.03.21 10:19:59,142.55,149.65,142.50,148.60,1725,23600,161.38,148.45,149.70
05.03.21 10:20:59,150.95,156.95,148.60,153.85,2075,24375,161.31,152.55,154.25
05.03.21 10:21:59,153.90,153.90,148.00,150.95,2600,24375,161.16,150.80,151.50
05.03.21 10:22:59,151.50,155.05,150.20,153.75,2000,24375,161.09,152.70,153.50
05.03.21 10:23:59,152.55,153.45,149.90,149.90,1250,24725,161.04,150.25,151.45
05.03.21 10:24:59,151.80,159.00,151.80,157.20,950,24725,161.02,156.60,157.95
05.03.21 10:25:59,156.50,166.10,156.50,163.50,2850,24725,161.03,163.00,164.20
05.03.21 10:26:59,162.30,164.30,156.40,161.80,2475,24650,161.03,160.65,161.90
05.03.21 10:27:59,160.65,164.00,155.10,157.45,1175,24650,161.02,161.20,163.00
05.03.21 10:28:59,163.00,163.00,157.50,160.55,1350,24650,161.02,161.30,162.95
05.03.21 10:29:59,163.00,167.35,162.30,165.90,2125,25175,161.06,165.15,167.05
05.03.21 10:30:59,167.80,171.55,157.55,157.55,6050,25175,161.22,157.30,158.45
05.03.21 10:31:59,158.45,163.05,158.10,163.05,2025,25175,161.21,162.00,163.40
05.03.21 10:32:59,164.60,167.30,160.00,160.75,1400,24700,161.23,160.25,162.10
05.03.21 10:33:59,161.55,163.25,154.95,156.40,975,24700,161.21,156.00,157.45
05.03.21 10:34:59,155.00,155.00,146.30,148.20,4300,24700,161.01,147.50,148.95
05.03.21 10:35:59,148.20,153.35,148.20,150.00,1050,24300,160.96,149.40,150.85
05.03.21 10:36:59,150.85,156.00,149.05,153.80,750,24300,160.94,152.60,154.20
05.03.21 10:37:59,155.00,158.25,154.00,154.00,675,24300,160.92,153.40,154.80
05.03.21 10:38:59,155.10,158.30,154.55,154.55,2025,25800,160.88,154.65,156.10
05.03.21 10:39:59,155.90,163.80,155.90,157.00,2225,25800,160.88,156.55,158.25
05.03.21 10:40:59,156.90,168.50,156.90,167.05,1375,25800,160.90,166.00,167.00
05.03.21 10:41:59,164.25,171.70,164.25,171.10,2400,24400,160.97,169.50,171.05
05.03.21 10:42:59,168.55,170.40,163.80,166.75,1575,24400,161.00,166.85,168.30
05.03.21 10:43:59,168.35,169.40,166.45,166.85,400,24400,161.01,165.25,167.00
05.03.21 10:44:59,167.55,167.55,158.15,158.15,1875,23500,161.04,157.75,158.85
05.03.21 10:45:59,159.00,167.00,159.00,167.00,875,23500,161.04,165.85,167.00
05.03.21 10:46:59,167.25,168.70,165.00,167.90,1475,23500,161.08,166.95,168.30
05.03.21 10:47:59,169.00,173.55,167.70,172.95,2900,22700,161.20,171.80,173.25
05.03.21 10:48:59,171.15,171.15,156.85,156.85,2025,22700,161.23,154.70,157.65
05.03.21 10:49:59,157.65,157.65,142.60,150.85,5500,22700,161.02,150.25,151.50
05.03.21 10:50:59,151.85,158.35,150.95,158.35,2325,23450,160.96,158.35,159.30
05.03.21 10:51:59,158.65,165.00,158.35,161.45,1875,23450,160.97,161.40,162.70
05.03.21 10:52:59,163.20,164.25,159.30,164.25,1125,23450,160.97,164.10,166.45
05.03.21 10:53:59,164.40,168.90,163.55,165.80,2625,22875,161.02,165.35,166.90
05.03.21 10:54:59,168.70,169.25,162.20,168.25,3525,22875,161.10,167.20,168.25
05.03.21 10:55:59,169.65,171.45,158.20,158.20,5225,22875,161.20,158.20,159.25
05.03.21 10:56:59,158.90,164.90,157.95,164.00,1925,25250,161.20,164.10,165.35
05.03.21 10:57:59,165.40,165.40,157.50,161.60,1075,25250,161.20,160.50,161.70
05.03.21 10:58:59,163.10,168.90,161.55,168.00,3175,25250,161.25,167.05,168.60
05.03.21 10:59:59,169.45,171.30,166.55,168.20,3175,25775,161.33,168.30,169.50
05.03.21 11:00:59,169.50,175.00,166.35,173.70,5200,25775,161.50,172.85,173.70
05.03.21 11:01:59,172.90,172.90,157.65,159.90,4725,25775,161.59,158.20,159.80
05.03.21 11:02:59,159.50,169.00,152.05,165.05,3300,27700,161.60,166.15,167.65
05.03.21 11:03:59,165.00,167.60,162.85,166.30,1450,27700,161.61,165.20,166.25
05.03.21 11:04:59,162.75,166.60,159.55,164.55,1575,27700,161.62,165.05,165.95
05.03.21 11:05:59,162.90,165.00,156.95,164.95,2500,27775,161.61,164.05,165.50
05.03.21 11:06:59,163.85,163.85,152.30,153.55,1825,27775,161.57,152.70,154.00
05.03.21 11:07:59,152.50,158.60,152.50,155.40,2850,27775,161.51,155.05,156.40
05.03.21 11:08:59,156.25,162.10,156.25,157.30,2275,28925,161.49,157.45,158.35
05.03.21 11:09:59,156.85,159.10,154.00,156.15,1875,28925,161.47,156.25,157.40
05.03.21 11:10:59,160.00,160.35,148.00,150.70,3450,28925,161.36,150.55,151.80
05.03.21 11:11:59,151.35,154.55,150.00,151.15,475,30400,161.35,150.20,151.05
05.03.21 11:12:59,150.00,155.85,148.95,155.85,1125,30400,161.32,154.95,156.15
05.03.21 11:13:59,154.95,154.95,143.90,148.80,3075,30400,161.19,149.35,150.35
05.03.21 11:14:59,149.35,151.95,144.20,151.90,3425,28275,161.04,150.30,151.40
05.03.21 11:15:59,149.40,153.55,146.35,146.35,1500,28275,161.00,145.25,146.10
05.03.21 11:16:59,145.00,146.25,135.15,142.60,6625,28275,160.59,141.60,142.50
05.03.21 11:17:59,141.10,145.00,140.35,143.25,1200,29550,160.53,142.90,143.55
05.03.21 11:18:59,143.60,143.60,138.75,141.40,2175,29550,160.41,141.00,141.75
05.03.21 11:19:59,140.75,145.80,140.20,140.95,2325,29550,160.29,140.25,141.10
05.03.21 11:20:59,141.25,144.95,137.95,144.55,825,29175,160.24,144.30,145.25
05.03.21 11:21:59,145.00,147.60,144.40,144.65,800,29175,160.21,143.85,144.90
05.03.21 11:22:59,142.45,151.30,140.35,151.30,1850,29175,160.15,151.25,152.00
05.03.21 11:23:59,153.00,155.10,149.50,152.95,3750,28950,160.07,153.05,153.85
05.03.21 11:24:59,154.00,155.40,148.00,152.80,1350,28950,160.04,151.50,152.50
05.03.21 11:25:59,151.55,158.70,151.55,158.00,1650,28950,160.02,155.60,156.60
05.03.21 11:26:59,154.90,155.10,149.55,149.55,1225,29650,160.00,148.70,150.00
05.03.21 11:27:59,150.85,153.15,139.95,144.45,2400,29650,159.89,143.20,144.60
05.03.21 11:28:59,144.50,145.40,138.75,140.30,1825,29650,159.80,140.50,141.75
05.03.21 11:29:59,141.70,142.55,138.35,138.35,1525,29350,159.72,137.50,138.70
05.03.21 11:30:59,138.65,145.50,138.65,142.30,925,29350,159.67,142.35,143.30
05.03.21 11:31:59,143.95,143.95,128.70,132.25,6800,29350,159.18,132.35,133.55
05.03.21 11:32:59,133.90,133.90,123.05,126.20,4000,28900,158.82,126.05,127.15
05.03.21 11:33:59,126.15,127.50,120.40,127.50,4125,28900,158.44,126.70,127.65
05.03.21 11:34:59,127.70,129.40,122.80,129.40,2350,28900,158.23,128.10,129.10
05.03.21 11:35:59,128.60,133.65,128.25,131.50,1750,30525,158.11,130.50,131.30
05.03.21 11:36:59,131.30,135.20,127.50,133.75,1350,30525,158.02,134.25,135.05
05.03.21 11:37:59,135.15,135.15,130.00,131.85,1075,30525,157.94,132.05,132.75
05.03.21 11:38:59,132.10,134.00,128.10,133.85,1100,30975,157.87,133.40,134.55
05.03.21 11:39:59,134.40,136.45,132.20,134.95,725,30975,157.82,133.95,134.45
05.03.21 11:40:59,134.30,134.50,129.60,134.50,1250,30975,157.74,133.45,134.50
05.03.21 11:41:59,135.00,142.85,134.50,140.50,1775,30600,157.65,140.50,141.35
05.03.21 11:42:59,140.50,141.95,135.65,140.55,1525,30600,157.58,138.95,140.00
05.03.21 11:43:59,140.00,141.20,137.80,140.15,825,30600,157.54,139.45,140.25
05.03.21 11:44:59,141.95,143.85,140.40,142.25,2975,30450,157.41,141.90,142.65
05.03.21 11:45:59,142.50,147.10,142.50,143.00,3675,30450,157.29,142.05,142.85
05.03.21 11:46:59,142.70,143.35,136.45,136.45,2000,30450,157.20,136.30,137.10
05.03.21 11:47:59,137.10,140.30,137.00,139.60,800,32250,157.17,139.15,139.95
05.03.21 11:48:59,139.15,139.15,131.90,132.40,1500,32250,157.08,132.15,133.30
05.03.21 11:49:59,129.95,134.75,129.95,134.75,800,32250,157.03,133.45,134.75
05.03.21 11:50:59,135.25,139.65,134.35,139.65,500,32200,157.00,137.05,138.10
05.03.21 11:51:59,137.15,142.00,137.15,138.75,1425,32200,156.95,139.60,140.50
05.03.21 11:52:59,139.05,148.80,139.00,145.05,1275,32200,156.91,144.50,145.90
05.03.21 11:53:59,144.60,148.00,142.30,148.00,1300,32475,156.87,146.35,147.40
05.03.21 11:54:59,146.90,150.00,146.90,149.40,725,32475,156.86,146.75,148.10
05.03.21 11:55:59,147.65,147.65,143.25,147.25,950,32475,156.83,148.55,149.25
05.03.21 11:56:59,147.70,153.85,147.35,149.20,1850,32525,156.80,148.20,149.50
05.03.21 11:57:59,149.00,149.15,145.25,148.80,275,32525,156.80,148.25,149.40
05.03.21 11:58:59,145.00,148.25,142.85,147.50,1700,32525,156.75,147.55,148.40
05.03.21 11:59:59,147.90,147.90,145.00,145.00,850,32575,156.73,144.90,145.75
05.03.21 12:00:59,144.90,151.35,143.15,150.00,1200,32575,156.70,149.60,151.20
05.03.21 12:01:59,150.30,153.05,148.00,148.00,1125,32575,156.69,147.50,148.40
05.03.21 12:02:59,150.00,152.00,146.55,146.55,2575,33050,156.65,145.80,147.10
05.03.21 12:03:59,144.00,147.30,137.20,137.20,1825,33050,156.59,136.80,137.80
05.03.21 12:04:59,136.20,143.40,136.20,143.40,1125,33050,156.54,141.35,142.40
05.03.21 12:05:59,142.60,149.95,140.65,148.55,1100,33050,156.52,147.65,148.45
05.03.21 12:06:59,149.50,152.40,148.70,149.00,1450,33450,156.50,148.80,149.65
05.03.21 12:07:59,148.15,152.00,145.00,145.40,1650,33450,156.47,145.05,146.35
05.03.21 12:08:59,145.30,150.00,145.30,149.80,750,33775,156.45,149.40,150.00
05.03.21 12:09:59,150.00,154.80,149.45,149.45,1450,33775,156.43,149.60,150.80
05.03.21 12:10:59,151.30,151.30,140.80,140.80,2325,33775,156.38,140.00,141.00
05.03.21 12:11:59,140.95,147.55,138.55,147.55,850,33950,156.35,147.40,148.25
05.03.21 12:12:59,149.65,154.15,146.15,150.10,3650,33950,156.30,149.50,150.25
05.03.21 12:13:59,149.65,149.65,143.70,146.45,1025,33950,156.28,145.55,146.80
05.03.21 12:14:59,145.70,145.70,142.00,142.90,1100,33950,156.25,142.70,143.90
05.03.21 12:15:59,145.00,147.15,138.85,138.85,2550,33800,156.17,138.40,140.15
05.03.21 12:16:59,140.15,147.35,140.15,141.95,1900,33800,156.11,142.20,143.30
05.03.21 12:17:59,142.60,143.05,138.30,140.25,1875,34850,156.05,140.20,140.90
05.03.21 12:18:59,140.70,142.90,136.85,137.10,500,34850,156.03,136.95,137.75
05.03.21 12:19:59,136.95,136.95,132.90,133.90,2925,34850,155.89,133.95,134.65
05.03.21 12:20:59,132.20,136.25,128.55,136.25,2825,34850,155.74,135.20,135.95
05.03.21 12:21:59,135.00,138.95,134.95,136.55,2325,34700,155.64,137.35,138.20
05.03.21 12:22:59,138.35,140.00,134.75,136.95,1175,34700,155.59,136.00,136.75
05.03.21 12:23:59,136.90,141.20,136.05,140.30,1400,34700,155.54,138.75,139.65
05.03.21 12:24:59,140.10,140.45,137.00,137.15,925,34300,155.51,136.95,137.90
05.03.21 12:25:59,138.70,139.95,136.90,136.90,375,34300,155.49,134.60,135.50
05.03.21 12:26:59,135.30,135.30,131.15,131.15,775,34300,155.45,130.35,131.10
05.03.21 12:27:59,131.20,134.85,131.00,131.15,1100,34600,155.40,130.75,131.60
05.03.21 12:28:59,129.35,130.65,126.15,126.75,3675,34600,155.19,126.30,127.00
05.03.21 12:29:59,125.65,130.50,124.95,129.55,2200,34600,155.06,128.10,128.80
05.03.21 12:30:59,127.35,127.35,121.20,122.00,3175,33550,154.84,121.60,122.35
05.03.21 12:31:59,122.25,122.25,113.30,116.25,6925,33550,154.29,116.30,117.25
05.03.21 12:32:59,115.55,119.90,114.05,117.00,2275,33550,154.12,115.05,115.75
05.03.21 12:33:59,115.55,117.70,113.00,116.75,2000,33025,153.96,115.75,116.40
05.03.21 12:34:59,115.75,120.80,113.50,117.80,3225,33025,153.71,118.40,119.10
05.03.21 12:35:59,119.05,124.90,116.80,122.80,1725,33025,153.60,123.70,124.35
05.03.21 12:36:59,123.75,127.50,121.15,125.30,6350,34000,153.22,125.25,126.00
05.03.21 12:37:59,126.00,130.45,125.45,128.70,1775,34000,153.13,128.50,129.40
05.03.21 12:38:59,128.50,129.20,124.25,126.45,3425,34000,152.94,125.55,126.25
05.03.21 12:39:59,127.55,130.00,126.05,126.05,2200,32950,152.84,125.40,126.40
05.03.21 12:40:59,126.35,126.75,123.00,125.25,750,32950,152.79,125.00,125.70
05.03.21 12:41:59,125.95,130.30,125.95,126.50,1250,32950,152.73,125.45,126.55
05.03.21 12:42:59,126.40,129.30,125.00,125.10,1250,33700,152.67,125.15,125.95
05.03.21 12:43:59,125.10,128.35,121.90,126.60,1350,33700,152.59,126.00,126.70
05.03.21 12:44:59,126.85,126.85,120.90,122.05,1050,33700,152.54,122.05,122.95
05.03.21 12:45:59,120.15,123.40,116.90,121.10,2500,33625,152.38,122.50,123.30
05.03.21 12:46:59,122.75,124.55,120.25,120.25,775,33625,152.33,120.00,120.85
05.03.21 12:47:59,118.85,120.70,118.00,119.25,1300,33625,152.25,118.35,118.95
05.03.21 12:48:59,118.25,120.05,114.55,115.75,2775,34025,152.06,115.80,116.35
05.03.21 12:49:59,115.50,115.65,109.75,113.45,2825,34025,151.84,113.05,113.75
05.03.21 12:50:59,113.30,118.10,113.30,118.10,1600,34025,151.73,117.55,118.25
05.03.21 12:51:59,117.85,122.90,117.80,122.90,1400,35075,151.64,123.05,123.85
05.03.21 12:52:59,123.00,126.65,120.10,125.05,2650,35075,151.50,124.50,125.30
05.03.21 12:53:59,124.70,129.35,122.90,126.50,1425,35075,151.43,126.15,126.65
05.03.21 12:54:59,126.25,130.65,125.00,128.80,4375,35300,151.25,128.30,128.75
05.03.21 12:55:59,129.20,129.20,122.95,125.85,4800,35300,150.99,125.50,126.20
05.03.21 12:56:59,124.10,124.80,122.10,124.40,875,35300,150.95,124.05,124.85
05.03.21 12:57:59,126.00,128.90,125.50,125.50,900,35775,150.91,125.05,126.20
05.03.21 12:58:59,126.50,128.30,124.00,124.85,1075,35775,150.86,124.20,125.15
05.03.21 12:59:59,123.00,127.80,121.70,127.60,4850,35775,150.64,127.30,127.95
05.03.21 13:00:59,127.25,133.50,127.25,130.80,3650,36675,150.50,130.00,131.00
05.03.21 13:01:59,132.15,132.20,128.50,132.10,3050,36675,150.39,130.40,131.20
05.03.21 13:02:59,130.30,130.40,125.60,125.60,1025,36675,150.35,124.45,125.55
05.03.21 13:03:59,126.70,129.35,125.35,127.70,1350,34900,150.29,127.50,128.30
05.03.21 13:04:59,127.50,129.05,127.50,127.80,950,34900,150.25,127.30,128.10
05.03.21 13:05:59,126.55,133.40,126.05,133.00,3850,34900,150.12,133.60,134.55
05.03.21 13:06:59,134.65,136.85,130.00,130.20,2975,34475,150.03,130.15,130.95
05.03.21 13:07:59,129.70,130.00,121.95,125.15,2275,34475,149.93,124.45,125.20
05.03.21 13:08:59,125.20,126.30,119.05,120.55,1900,34475,149.83,120.60,121.30
05.03.21 13:09:59,121.65,122.70,119.15,122.70,725,35550,149.79,121.25,121.95
05.03.21 13:10:59,121.75,122.95,118.40,119.60,1125,35550,149.74,119.25,120.15
05.03.21 13:11:59,120.05,120.80,114.90,115.85,1975,35550,149.62,116.30,117.25
05.03.21 13:12:59,117.15,122.00,117.15,119.85,1200,35325,149.56,119.40,120.20
05.03.21 13:13:59,118.85,125.55,118.85,123.85,3050,35325,149.41,123.40,124.80
05.03.21 13:14:59,123.40,128.00,123.25,128.00,550,35325,149.39,126.45,127.15
05.03.21 13:15:59,126.70,128.10,123.95,128.10,800,35275,149.36,128.85,129.60
05.03.21 13:16:59,130.95,130.95,124.75,127.25,2950,35275,149.25,126.95,127.60
05.03.21 13:17:59,126.90,127.70,122.20,123.80,1400,35275,149.19,122.80,123.50
05.03.21 13:18:59,124.00,127.85,124.00,126.05,1000,35300,149.15,126.35,127.20
05.03.21 13:19:59,127.55,129.45,124.85,125.50,700,35300,149.12,123.25,124.00
05.03.21 13:20:59,123.05,123.70,120.20,123.30,800,35300,149.08,123.35,123.95
05.03.21 13:21:59,123.00,128.45,123.00,126.85,1125,34625,149.04,126.95,128.35
05.03.21 13:22:59,128.40,128.40,125.85,126.00,750,34625,149.01,125.65,126.55
05.03.21 13:23:59,124.65,124.65,119.35,120.20,2000,34625,148.92,120.70,121.55
05.03.21 13:24:59,121.20,122.40,115.95,120.20,1075,33675,148.86,119.30,120.05
05.03.21 13:25:59,118.80,122.70,116.65,122.70,1325,33675,148.79,122.30,123.00
05.03.21 13:26:59,122.70,127.10,122.70,127.10,1450,33675,148.73,126.80,127.60
05.03.21 13:27:59,128.25,128.80,125.90,126.65,950,33250,148.70,126.15,127.00
05.03.21 13:28:59,127.30,127.30,123.00,125.95,725,33250,148.67,125.50,126.50
05.03.21 13:29:59,126.00,127.75,123.05,123.05,275,33250,148.66,122.70,123.55
05.03.21 13:30:59,122.60,126.45,120.80,124.60,1700,33625,148.59,123.45,124.50
05.03.21 13:31:59,125.00,129.30,125.00,127.70,1750,33625,148.53,125.80,126.75
05.03.21 13:32:59,125.25,128.35,123.80,128.35,750,33625,148.50,128.20,128.95
05.03.21 13:33:59,129.00,129.00,124.75,126.40,950,33875,148.47,125.85,126.80
05.03.21 13:34:59,126.75,131.90,124.85,126.20,2800,33875,148.37,125.55,126.55
05.03.21 13:35:59,126.35,128.00,122.75,128.00,1150,33875,148.33,127.90,128.70
05.03.21 13:36:59,128.70,133.75,127.75,131.25,2825,34100,148.24,130.55,131.35
05.03.21 13:37:59,131.20,136.75,131.20,135.10,1575,34100,148.21,134.90,135.80
05.03.21 13:38:59,134.60,143.55,134.60,143.55,3250,34100,148.16,142.90,144.10
05.03.21 13:39:59,143.00,147.65,137.25,147.65,2875,34950,148.13,146.90,148.00
05.03.21 13:40:59,148.55,159.70,145.45,152.80,12500,34950,148.24,152.00,153.25
05.03.21 13:41:59,152.25,158.40,148.50,155.75,6925,34950,148.29,154.45,155.45
05.03.21 13:42:59,154.70,158.75,149.30,150.25,3575,36525,148.33,150.55,151.80
05.03.21 13:43:59,152.90,155.00,143.60,145.35,3375,36525,148.33,144.95,145.70
05.03.21 13:44:59,144.45,155.95,140.75,155.95,2750,36525,148.33,154.50,155.40
05.03.21 13:45:59,154.20,161.50,149.80,149.80,10050,36550,148.44,149.35,151.15
05.03.21 13:46:59,150.30,150.30,137.95,140.35,8025,36550,148.38,140.40,141.55
05.03.21 13:47:59,141.40,143.10,139.45,141.95,3000,36550,148.35,141.20,142.10
05.03.21 13:48:59,143.60,145.70,138.75,141.25,1600,38975,148.34,140.40,141.55
05.03.21 13:49:59,142.05,146.40,141.70,144.40,1950,38975,148.32,144.10,145.20
05.03.21 13:50:59,145.20,147.45,139.00,145.95,1150,38975,148.31,144.90,145.90
05.03.21 13:51:59,146.85,150.00,142.95,144.00,2750,39100,148.30,143.75,144.70
05.03.21 13:52:59,141.85,148.65,141.10,144.90,1475,39100,148.29,145.00,146.25
05.03.21 13:53:59,146.05,163.85,146.05,163.85,9875,39100,148.45,161.75,163.60
05.03.21 13:54:59,164.90,168.80,160.00,167.65,6575,37600,148.60,166.65,168.00
05.03.21 13:55:59,168.00,175.00,164.85,165.00,9575,37600,148.90,165.00,166.65
05.03.21 13:56:59,166.00,166.00,154.65,157.50,5750,37600,148.99,157.50,158.90
05.03.21 13:57:59,156.65,163.15,155.65,160.00,5125,37825,149.07,159.35,160.50
05.03.21 13:58:59,160.85,162.00,150.00,150.45,4025,37825,149.11,149.70,150.55
05.03.21 13:59:59,151.45,151.95,145.65,149.95,7775,37825,149.11,149.30,150.00
05.03.21 14:00:59,147.40,158.45,147.40,153.20,5150,37200,149.16,152.75,153.70
05.03.21 14:01:59,155.80,158.75,150.45,150.45,3125,37200,149.18,150.20,150.70
05.03.21 14:02:59,150.00,164.45,150.00,160.00,4700,37200,149.23,159.05,160.45
05.03.21 14:03:59,159.00,170.55,159.00,164.15,4475,37300,149.33,164.30,165.70
05.03.21 14:04:59,162.65,170.15,160.50,166.35,3050,37300,149.40,166.15,167.05
05.03.21 14:05:59,165.40,182.95,165.40,177.90,14750,37300,149.92,177.90,180.75
05.03.21 14:06:59,180.30,183.75,173.50,177.20,8150,37375,150.23,176.15,178.45
05.03.21 14:07:59,176.55,184.35,168.55,168.55,6575,37375,150.48,166.60,168.65
05.03.21 14:08:59,165.00,172.75,161.50,172.35,8700,37375,150.67,172.40,173.85
05.03.21 14:09:59,172.20,173.55,162.25,172.65,8575,33675,150.86,172.15,173.60
05.03.21 14:10:59,172.85,181.95,168.95,170.90,8575,33675,151.15,170.35,172.10
05.03.21 14:11:59,170.75,178.70,170.00,173.55,4650,33675,151.28,172.10,174.20
05.03.21 14:12:59,170.55,173.00,164.00,169.30,3350,34800,151.35,169.40,170.70
05.03.21 14:13:59,168.50,173.30,162.85,162.85,3650,34800,151.42,161.65,163.90
05.03.21 14:14:59,162.15,165.20,155.00,160.15,3075,34800,151.46,159.35,160.60
05.03.21 14:15:59,161.35,170.00,160.05,166.50,4775,33575,151.55,165.00,166.00
05.03.21 14:16:59,166.05,171.15,161.00,162.30,3400,33575,151.61,162.45,163.60
05.03.21 14:17:59,165.05,165.40,156.75,159.65,5250,33575,151.67,159.45,160.65
05.03.21 14:18:59,159.40,163.25,150.15,151.60,6100,34875,151.71,150.35,151.50
05.03.21 14:19:59,151.20,156.50,149.85,153.40,4250,34875,151.72,152.50,153.40
05.03.21 14:20:59,153.25,153.75,148.55,148.55,2550,34875,151.72,148.05,149.25
05.03.21 14:21:59,148.95,152.00,138.00,140.90,8475,33825,151.64,139.90,141.05
05.03.21 14:22:59,140.95,150.45,140.95,149.70,5350,33825,151.60,148.95,150.05
05.03.21 14:23:59,148.95,157.15,145.80,150.80,4025,33825,151.61,150.00,150.50
05.03.21 14:24:59,150.20,158.05,146.45,154.00,3975,34325,151.62,153.65,154.45
05.03.21 14:25:59,153.65,163.20,153.65,155.75,6400,34325,151.67,153.95,155.35
05.03.21 14:26:59,154.45,154.45,145.00,148.95,6550,34325,151.65,148.70,149.50
05.03.21 14:27:59,148.15,148.85,138.55,142.70,5450,33250,151.59,143.50,144.50
05.03.21 14:28:59,142.25,146.00,136.90,144.95,4750,33250,151.53,145.15,146.25
05.03.21 14:29:59,146.00,149.55,144.75,148.95,5075,33250,151.51,147.65,148.90
05.03.21 14:30:59,150.25,156.15,140.00,140.00,5425,35625,151.50,139.70,141.00
05.03.21 14:31:59,140.40,146.25,139.20,141.40,4450,35625,151.45,140.95,142.00
05.03.21 14:32:59,141.00,143.95,137.20,138.35,3675,35625,151.40,137.75,138.65
05.03.21 14:33:59,136.65,136.65,130.00,133.20,8750,36500,151.23,133.25,134.15
05.03.21 14:34:59,133.45,133.45,124.65,130.75,7150,36500,151.05,130.75,131.60
05.03.21 14:35:59,130.55,135.00,127.95,127.95,2950,36500,150.99,127.95,129.00
05.03.21 14:36:59,127.95,134.55,127.95,133.00,2575,37675,150.93,132.25,133.45
05.03.21 14:37:59,133.60,133.80,127.80,129.85,1425,37675,150.90,130.00,131.05
05.03.21 14:38:59,131.85,132.95,122.50,131.15,1950,37675,150.85,130.30,131.65
05.03.21 14:39:59,130.45,137.25,130.00,137.15,3625,36925,150.78,136.85,137.60
05.03.21 14:40:59,140.30,145.45,137.50,145.45,10075,36925,150.68,145.00,146.25
05.03.21 14:41:59,147.15,147.25,141.95,145.70,3825,36925,150.65,144.80,145.80
05.03.21 14:42:59,144.85,148.60,142.75,146.85,2025,37150,150.64,146.35,147.45
05.03.21 14:43:59,148.00,148.00,141.00,142.00,1925,37150,150.63,141.65,142.60
05.03.21 14:44:59,142.80,144.15,135.95,135.95,4675,37150,150.57,136.15,137.20
05.03.21 14:45:59,136.50,145.00,135.80,143.70,1275,37025,150.56,144.30,145.60
05.03.21 14:46:59,143.70,144.00,136.35,139.15,2025,37025,150.54,139.40,140.05
05.03.21 14:47:59,139.05,145.00,138.75,144.45,1525,37025,150.52,143.40,144.20
05.03.21 14:48:59,142.70,146.75,137.60,139.35,5425,38550,150.47,138.75,139.90
05.03.21 14:49:59,140.80,145.85,140.00,140.00,4975,38550,150.43,139.05,140.20
05.03.21 14:50:59,139.00,145.75,139.00,143.15,1800,38550,150.42,143.10,144.00
05.03.21 14:51:59,145.00,145.00,133.00,134.35,2500,37525,150.39,134.00,135.25
05.03.21 14:52:59,134.50,134.50,123.30,128.95,4250,37525,150.30,128.95,129.85
05.03.21 14:53:59,130.95,131.55,126.20,127.65,2025,37525,150.25,127.80,128.55
05.03.21 14:54:59,126.80,132.35,126.80,131.05,2050,37700,150.21,129.40,129.85
05.03.21 14:55:59,130.00,136.85,129.55,136.10,3375,37700,150.14,135.80,136.90
05.03.21 14:56:59,135.15,136.40,131.20,132.35,1425,37700,150.12,131.65,132.90
05.03.21 14:57:59,131.00,133.60,126.15,132.35,1700,37525,150.08,131.95,133.05
05.03.21 14:58:59,133.60,134.80,129.55,132.30,2875,37525,150.03,131.65,132.60
05.03.21 14:59:59,131.70,135.20,130.00,135.20,2475,37525,149.99,134.55,135.25
05.03.21 15:00:59,133.20,142.80,130.05,140.40,3625,38725,149.95,140.25,141.10
05.03.21 15:01:59,140.10,153.00,139.40,148.05,7425,38725,149.92,146.00,147.10
05.03.21 15:02:59,146.10,147.10,135.00,138.90,6425,38725,149.87,138.00,138.75
05.03.21 15:03:59,138.50,139.90,132.40,138.75,2825,38050,149.83,138.65,139.60
05.03.21 15:04:59,140.00,140.00,130.00,131.40,3650,38050,149.77,131.70,132.60
05.03.21 15:05:59,132.10,137.45,131.00,133.70,4700,38050,149.69,132.95,133.85
05.03.21 15:06:59,132.55,133.85,120.60,124.10,8325,37500,149.50,123.15,124.05
05.03.21 15:07:59,121.50,124.00,120.65,121.35,3975,37500,149.40,121.85,122.75
05.03.21 15:08:59,121.35,122.75,119.20,121.60,3625,37500,149.30,121.65,122.65
05.03.21 15:09:59,122.65,123.00,104.50,107.05,9150,34675,148.99,106.80,107.70
05.03.21 15:10:59,107.45,110.85,103.20,106.10,7800,34675,148.67,106.25,107.05
05.03.21 15:11:59,105.80,107.00,99.00,106.30,5975,34675,148.42,105.70,106.45
05.03.21 15:12:59,106.25,111.85,105.55,107.00,5525,32100,148.21,106.75,107.95
05.03.21 15:13:59,107.00,110.60,105.45,109.90,3425,32100,148.09,109.35,110.05
05.03.21 15:14:59,110.05,110.05,105.00,105.35,3225,32100,147.96,105.90,106.75
05.03.21 15:15:59,107.20,108.90,105.05,108.90,2600,32625,147.86,108.55,109.20
05.03.21 15:16:59,108.50,108.75,105.65,106.95,1325,32625,147.81,106.90,107.65
05.03.21 15:17:59,106.50,110.10,105.25,109.35,2850,32625,147.71,109.40,110.15
05.03.21 15:18:59,109.00,109.75,107.35,108.10,2400,31425,147.62,107.70,108.30
05.03.21 15:19:59,107.85,108.40,106.25,107.45,1700,31425,147.56,106.80,107.35
05.03.21 15:20:59,107.15,108.25,102.95,103.65,4400,31425,147.38,103.65,104.20
05.03.21 15:21:59,104.15,104.35,96.95,102.25,8250,28900,147.03,101.85,102.60
05.03.21 15:22:59,102.50,104.50,95.85,97.90,4325,28900,146.84,97.50,98.00
05.03.21 15:23:59,98.20,100.25,97.30,97.65,6925,28900,146.54,97.75,98.30
05.03.21 15:24:59,97.45,99.80,95.70,96.25,4325,30550,146.35,95.75,96.20
05.03.21 15:25:59,96.40,96.40,93.10,94.50,7650,30550,145.99,93.35,94.15
05.03.21 15:26:59,93.95,93.95,86.85,87.65,3800,30550,145.80,86.90,87.60
05.03.21 15:27:59,87.00,88.85,83.95,84.05,4300,27500,145.57,83.90,84.55
05.03.21 15:28:59,84.00,84.80,77.95,78.65,4400,27500,145.32,78.15,78.80
05.03.21 15:30:00,78.65,81.85,75.00,75.00,12725,27500,144.58,70.00,86.00
08.03.21 09:15:59,48.55,59.75,48.55,50.00,1075,21125,54.64,50.95,54.35
08.03.21 09:16:59,52.85,57.35,50.25,50.65,7475,21125,54.23,50.05,50.70
08.03.21 09:17:59,50.40,52.65,48.10,48.95,5600,22525,52.84,48.65,49.20
08.03.21 09:18:59,48.60,48.70,43.95,44.95,27125,22525,48.95,44.80,45.05
08.03.21 09:19:59,45.00,46.05,38.85,38.95,17275,22525,46.82,38.70,39.30
08.03.21 09:20:59,39.25,41.25,37.15,41.25,14950,40175,45.20,40.90,41.25
08.03.21 09:21:59,41.55,42.15,39.05,40.70,8025,40175,44.73,40.45,40.70
08.03.21 09:22:59,40.45,43.05,37.60,37.60,11600,40175,44.18,37.50,37.75
08.03.21 09:23:59,38.30,38.30,35.90,36.40,14350,45000,43.19,36.30,36.45
08.03.21 09:24:59,36.35,36.35,32.10,33.10,14375,45000,42.17,33.15,33.45
08.03.21 09:25:59,33.50,33.50,30.80,31.00,15475,45000,41.04,30.90,31.15
08.03.21 09:26:59,31.25,32.80,30.70,32.45,10150,48025,40.41,32.25,32.50
08.03.21 09:27:59,32.35,34.25,31.10,33.65,8350,48025,39.99,33.55,33.85
08.03.21 09:28:59,34.00,34.50,33.05,34.05,3900,48025,39.84,33.95,34.20
08.03.21 09:29:59,34.15,35.20,32.35,32.35,6650,51975,39.60,32.35,32.60
08.03.21 09:30:59,32.75,32.75,30.20,30.90,14075,51975,38.94,30.90,31.05
08.03.21 09:31:59,31.30,31.30,28.60,29.55,6025,51975,38.64,29.35,29.65
08.03.21 09:32:59,29.70,30.35,28.35,28.90,7800,54800,38.27,28.70,28.95
08.03.21 09:33:59,28.50,30.80,28.30,29.50,6725,54800,37.97,29.35,29.65
08.03.21 09:34:59,30.00,30.85,29.60,30.05,5225,54800,37.77,29.75,30.05
08.03.21 09:35:59,30.00,31.30,29.65,29.65,3150,50625,37.66,29.65,29.90
08.03.21 09:36:59,29.60,30.60,28.25,28.35,12975,50625,37.18,28.25,28.55
08.03.21 09:37:59,28.40,29.85,28.20,29.55,5100,50625,37.00,29.45,29.70
08.03.21 09:38:59,30.15,30.15,27.70,28.35,12300,59775,36.56,28.15,28.40
08.03.21 09:39:59,28.30,29.50,28.30,28.70,5950,59775,36.37,28.60,28.85
08.03.21 09:40:59,28.60,31.10,28.60,30.20,4350,59775,36.26,29.90,30.10
08.03.21 09:41:59,30.00,31.15,29.20,29.50,3775,50850,36.17,29.35,29.60
08.03.21 09:42:59,29.25,30.20,28.90,29.90,1525,50850,36.13,30.60,30.80
08.03.21 09:43:59,30.60,31.10,29.80,29.80,1375,50850,36.10,29.85,30.10
08.03.21 09:44:59,30.35,31.00,29.95,30.70,1775,50275,36.06,30.25,30.55
08.03.21 09:45:59,30.55,30.60,28.85,30.60,1875,50275,36.01,30.30,30.55
08.03.21 09:46:59,30.25,31.25,29.95,31.25,2625,50275,35.96,31.05,31.30
08.03.21 09:47:59,30.95,32.15,30.65,30.65,1375,51425,35.94,30.35,30.70
08.03.21 09:48:59,30.40,31.20,29.70,30.25,1325,51425,35.91,29.75,30.00
08.03.21 09:49:59,29.90,30.20,28.70,28.70,3475,51425,35.82,28.55,28.75
08.03.21 09:50:59,28.00,28.00,25.60,27.60,7425,54225,35.59,27.75,27.85
08.03.21 09:51:59,27.45,27.75,25.60,26.00,8575,54225,35.31,25.95,26.15
08.03.21 09:52:59,26.40,26.60,25.50,26.05,6200,54225,35.12,26.10,26.30
08.03.21 09:53:59,26.15,26.25,24.90,25.25,2850,51700,35.02,25.25,25.45
08.03.21 09:54:59,25.25,26.90,25.25,26.45,4275,51700,34.90,26.20,26.45
08.03.21 09:55:59,26.15,26.25,25.40,25.40,2300,51700,34.83,25.40,25.55
08.03.21 09:56:59,25.50,26.65,25.50,26.40,1300,53475,34.79,26.35,26.65
08.03.21 09:57:59,26.75,26.85,25.20,25.20,4975,53475,34.65,25.20,25.40
08.03.21 09:58:59,25.00,25.05,23.60,23.90,10000,53475,34.33,23.85,24.05
08.03.21 09:59:59,23.60,23.65,22.10,22.15,10575,52275,33.96,22.15,22.35
08.03.21 10:00:59,22.20,22.20,21.35,21.50,7975,52275,33.67,21.40,21.60
08.03.21 10:01:59,21.65,21.75,21.25,21.65,5300,52275,33.48,21.55,21.70
08.03.21 10:02:59,21.40,22.30,20.85,22.15,10275,49200,33.14,22.00,22.20
08.03.21 10:03:59,22.20,22.20,21.35,21.45,3000,49200,33.05,21.65,21.75
08.03.21 10:04:59,21.65,21.65,20.75,20.80,4600,49200,32.90,20.75,20.80
08.03.21 10:05:59,20.80,21.65,20.35,21.65,3050,50450,32.80,21.65,21.85
08.03.21 10:06:59,21.70,22.00,21.00,21.30,2475,50450,32.72,21.20,21.40
08.03.21 10:07:59,21.40,21.55,20.60,20.85,1950,50450,32.66,20.55,20.75
08.03.21 10:08:59,21.05,21.70,20.95,21.35,775,52575,32.63,21.15,21.45
08.03.21 10:09:59,21.25,21.25,20.50,20.50,650,52575,32.61,20.50,20.65
08.03.21 10:10:59,20.50,21.20,20.25,21.00,925,52575,32.58,21.05,21.25
08.03.21 10:11:59,21.20,21.50,20.70,20.85,700,50450,32.56,21.05,21.30
08.03.21 10:12:59,21.05,21.05,20.60,20.95,700,50450,32.54,20.80,21.00
08.03.21 10:13:59,21.15,22.00,20.95,21.75,950,50450,32.51,21.60,21.85
08.03.21 10:14:59,21.60,21.75,21.00,21.15,775,50500,32.49,21.10,21.30
08.03.21 10:15:59,21.30,22.05,21.20,22.00,1175,50500,32.45,21.95,22.10
08.03.21 10:16:59,22.35,22.45,21.75,21.80,2425,50500,32.39,21.75,21.95
08.03.21 10:17:59,21.95,23.10,21.95,22.00,1875,50850,32.34,21.90,22.05
08.03.21 10:18:59,22.00,22.65,21.85,22.55,1050,50850,32.31,22.50,22.65
08.03.21 10:19:59,22.35,22.50,22.00,22.50,1175,50850,32.28,22.85,23.05
08.03.21 10:20:59,23.05,23.30,21.50,21.70,2350,52050,32.22,21.55,21.75
08.03.21 10:21:59,22.05,22.20,21.10,21.40,2300,52050,32.15,21.40,21.65
08.03.21 10:22:59,21.35,21.35,20.50,21.00,900,52050,32.13,21.15,21.35
08.03.21 10:23:59,21.45,21.80,21.05,21.45,575,52675,32.11,21.30,21.45
08.03.21 10:24:59,21.50,22.50,21.50,22.10,950,52675,32.09,21.95,22.10
08.03.21 10:25:59,22.10,22.65,21.80,22.15,1000,52675,32.06,21.95,22.15
08.03.21 10:26:59,21.80,22.60,21.80,22.50,800,52150,32.04,22.40,22.60
08.03.21 10:27:59,22.20,22.40,21.85,22.00,1875,52150,31.99,21.95,22.15
08.03.21 10:28:59,22.25,23.15,22.25,22.80,925,52150,31.97,22.85,23.10
08.03.21 10:29:59,22.85,23.75,22.85,23.20,1425,51975,31.94,23.00,23.20
08.03.21 10:30:59,23.25,23.40,22.50,23.15,1625,51975,31.90,22.85,23.10
08.03.21 10:31:59,23.15,24.75,23.15,23.35,4675,51975,31.82,23.35,23.50
08.03.21 10:32:59,23.25,24.80,23.25,23.65,3250,49850,31.76,23.70,23.90
08.03.21 10:33:59,23.70,25.50,23.70,24.15,3200,49850,31.70,24.00,24.20
08.03.21 10:34:59,24.30,24.30,23.60,24.05,1475,49850,31.67,24.05,24.30
08.03.21 10:35:59,24.50,24.85,23.20,24.55,1725,51575,31.64,24.95,25.25
08.03.21 10:36:59,25.20,26.50,24.10,24.10,3425,51575,31.59,23.95,24.15
08.03.21 10:37:59,24.00,25.55,23.90,25.55,1200,51575,31.57,25.60,25.75
08.03.21 10:38:59,26.00,26.50,25.45,25.55,2050,50875,31.54,25.45,25.60
08.03.21 10:39:59,25.75,29.10,25.75,29.05,4925,50875,31.50,29.30,29.80
08.03.21 10:40:59,29.55,31.45,29.10,30.05,7275,50875,31.48,30.00,30.15
08.03.21 10:41:59,30.15,31.35,28.10,28.90,5600,51300,31.45,28.90,29.15
08.03.21 10:42:59,29.05,36.80,29.05,36.80,8550,51300,31.50,36.55,36.95
08.03.21 10:43:59,37.65,37.85,32.45,37.85,10450,51300,31.59,37.80,38.20
08.03.21 10:44:59,37.75,43.05,37.75,43.05,8025,51475,31.75,42.40,42.85
08.03.21 10:45:59,44.30,51.00,43.65,49.50,17925,51475,32.31,49.55,50.05
08.03.21 10:46:59,50.60,62.40,50.60,58.95,18150,51475,33.23,58.80,59.35
08.03.21 10:47:59,59.95,60.00,47.80,51.00,13925,49175,33.79,50.80,51.25
08.03.21 10:48:59,52.20,52.35,45.95,47.15,6075,49175,33.96,46.60,46.90
08.03.21 10:49:59,46.10,49.25,43.40,45.35,6900,49175,34.12,45.05,45.50
08.03.21 10:50:59,45.10,51.00,45.10,45.40,7325,51600,34.32,45.10,45.55
08.03.21 10:51:59,45.20,45.75,40.60,41.45,8500,51600,34.45,41.05,41.45
08.03.21 10:52:59,41.45,42.20,39.25,39.25,4100,51600,34.50,38.75,39.20
08.03.21 10:53:59,38.75,44.05,38.70,41.20,6350,51750,34.58,40.85,41.30
08.03.21 10:54:59,40.75,42.80,39.60,40.05,1850,51750,34.60,39.95,40.30
08.03.21 10:55:59,40.45,47.00,40.45,43.70,5150,51750,34.69,43.55,43.90
08.03.21 10:56:59,43.55,43.55,40.70,41.35,3825,53825,34.74,41.35,41.80
08.03.21 10:57:59,41.55,43.65,39.75,43.65,2900,53825,34.77,42.50,42.95
08.03.21 10:58:59,42.40,42.40,38.75,39.05,1575,53825,34.79,38.85,39.30
08.03.21 10:59:59,39.15,39.55,37.05,39.45,3625,51725,34.81,39.40,39.75
08.03.21 11:00:59,39.70,42.50,39.25,42.50,1625,51725,34.83,42.55,42.90
08.03.21 11:01:59,42.55,42.90,40.65,42.60,2125,51725,34.86,42.65,42.95
08.03.21 11:02:59,42.85,45.60,42.80,43.20,3800,53000,34.92,42.95,43.35
08.03.21 11:03:59,43.35,47.95,43.35,47.25,1475,53000,34.95,46.95,47.35
08.03.21 11:04:59,47.35,47.65,43.00,46.55,2625,53000,34.99,46.20,46.60
08.03.21 11:05:59,47.30,50.90,45.50,45.70,3225,54225,35.07,45.75,46.25
08.03.21 11:06:59,46.35,46.35,43.20,43.75,1675,54225,35.10,43.70,43.95
08.03.21 11:07:59,44.00,46.15,42.85,44.55,1900,54225,35.13,44.30,44.65
08.03.21 11:08:59,44.30,45.40,43.00,43.30,1100,53575,35.14,42.90,43.25
08.03.21 11:09:59,43.65,45.35,42.75,43.00,1550,53575,35.17,42.65,43.25
08.03.21 11:10:59,42.80,45.60,42.40,42.40,1075,53575,35.18,41.20,41.80
08.03.21 11:11:59,41.80,42.60,39.25,39.95,2975,54625,35.21,39.80,40.10
08.03.21 11:12:59,40.00,40.35,38.70,38.90,2425,54625,35.23,38.65,39.00
08.03.21 11:13:59,38.90,40.90,38.75,38.75,725,54625,35.23,38.95,39.25
08.03.21 11:14:59,39.25,41.10,38.20,38.40,1750,53250,35.25,38.25,38.55
08.03.21 11:15:59,38.10,38.10,34.60,36.25,4125,53250,35.25,36.50,36.80
08.03.21 11:16:59,36.95,39.10,36.65,37.70,2125,53250,35.26,37.55,37.85
08.03.21 11:17:59,38.45,38.45,37.05,37.05,1500,53050,35.26,37.00,37.20
08.03.21 11:18:59,37.35,37.50,33.40,33.55,3850,53050,35.26,33.30,33.70
08.03.21 11:19:59,33.35,34.35,31.65,32.10,2800,53050,35.25,32.00,32.20
08.03.21 11:20:59,32.20,33.70,31.55,31.60,1800,52675,35.24,31.40,31.60
08.03.21 11:21:59,31.65,33.80,31.65,33.60,1450,52675,35.24,33.45,33.65
08.03.21 11:22:59,33.85,35.65,33.85,34.45,2975,52675,35.23,34.60,34.85
08.03.21 11:23:59,34.85,36.40,34.60,36.00,2575,52575,35.23,35.95,36.25
08.03.21 11:24:59,35.80,36.30,35.00,35.45,1575,52575,35.24,35.30,35.65
08.03.21 11:25:59,35.35,37.40,34.60,37.40,1300,52575,35.24,37.25,37.55
08.03.21 11:26:59,36.80,37.10,35.35,36.15,1075,52950,35.24,35.95,36.20
08.03.21 11:27:59,35.80,36.45,34.65,34.70,675,52950,35.24,34.80,34.95
08.03.21 11:28:59,34.90,38.60,34.90,38.20,1625,52950,35.24,38.10,38.45
08.03.21 11:29:59,37.95,40.55,37.55,38.85,4175,52850,35.27,38.45,38.85
08.03.21 11:30:59,39.25,39.45,35.55,36.80,4050,52850,35.28,36.70,36.95
08.03.21 11:31:59,36.85,37.60,35.50,35.90,1575,52850,35.28,35.80,36.10
08.03.21 11:32:59,35.85,35.85,33.00,33.75,2125,53075,35.28,34.05,34.40
08.03.21 11:33:59,34.45,35.10,33.65,34.95,1050,53075,35.28,35.10,35.35
08.03.21 11:34:59,35.20,35.20,32.95,33.25,1675,53075,35.27,33.15,33.45
08.03.21 11:35:59,32.70,34.30,31.60,34.05,1025,52750,35.27,33.35,33.70
08.03.21 11:36:59,33.60,34.50,33.40,33.55,925,52750,35.27,33.60,33.85
08.03.21 11:37:59,32.90,34.95,32.05,34.45,2650,52750,35.26,34.50,34.80
08.03.21 11:38:59,34.30,35.30,34.05,34.55,1950,52250,35.26,34.50,34.75
08.03.21 11:39:59,34.20,36.45,34.20,35.45,1500,52250,35.26,35.20,35.55
08.03.21 11:40:59,36.00,36.85,34.85,36.60,1275,52250,35.26,36.50,36.90
08.03.21 11:41:59,36.65,37.65,35.45,36.20,925,51600,35.26,36.10,36.35
08.03.21 11:42:59,36.10,37.55,35.90,36.00,1225,51600,35.26,35.80,36.05
08.03.21 11:43:59,35.65,36.95,35.65,36.95,625,51600,35.26,36.75,37.05
08.03.21 11:44:59,37.10,38.05,35.85,37.60,1475,51700,35.27,37.20,37.50
08.03.21 11:45:59,36.95,37.20,35.60,36.65,1625,51700,35.27,36.25,36.55
08.03.21 11:46:59,37.00,39.45,37.00,37.45,1825,51700,35.28,37.40,37.65
08.03.21 11:47:59,37.65,37.65,35.60,35.60,1725,52100,35.28,35.05,35.40
08.03.21 11:48:59,35.00,37.00,34.55,36.85,2375,52100,35.28,36.60,36.90
08.03.21 11:49:59,36.60,37.20,36.40,37.15,1400,52100,35.29,36.90,37.10
08.03.21 11:50:59,36.50,38.55,36.10,38.10,2375,51975,35.29,37.90,38.25
08.03.21 11:51:59,37.90,38.95,37.60,37.70,675,51975,35.30,37.40,37.65
08.03.21 11:52:59,37.05,37.50,35.95,36.00,825,51975,35.30,35.65,35.90
08.03.21 11:53:59,35.10,36.00,35.10,36.00,850,52200,35.30,36.15,36.35
08.03.21 11:54:59,36.35,37.30,35.15,35.15,850,52200,35.30,34.85,35.10
08.03.21 11:55:59,35.10,35.20,33.90,35.05,675,52200,35.30,34.65,34.90
08.03.21 11:56:59,35.15,35.35,32.90,34.05,1550,52600,35.30,33.65,33.95
08.03.21 11:57:59,33.95,33.95,33.30,33.60,400,52600,35.29,34.70,35.00
08.03.21 11:58:59,35.00,35.05,33.90,34.30,1275,52600,35.29,34.35,34.55
08.03.21 11:59:59,35.35,36.25,35.35,35.60,2125,53400,35.29,35.30,35.55
08.03.21 12:00:59,34.90,36.00,33.00,33.00,2575,53400,35.29,32.80,33.05
08.03.21 12:01:59,33.00,36.00,33.00,35.40,2300,53400,35.29,35.05,35.35
08.03.21 12:02:59,34.95,35.20,34.20,34.20,450,53250,35.29,34.10,34.35
08.03.21 12:03:59,34.70,35.15,34.45,35.05,675,53250,35.29,35.10,35.40
08.03.21 12:04:59,34.60,36.65,34.45,36.15,450,53250,35.29,36.00,36.30
08.03.21 12:05:59,35.65,36.80,35.25,36.80,3550,54725,35.29,36.55,36.85
08.03.21 12:06:59,36.50,38.80,36.30,38.25,5250,54725,35.32,38.25,38.55
08.03.21 12:07:59,37.40,39.35,37.40,38.10,2325,54725,35.33,37.80,38.05
08.03.21 12:08:59,38.10,39.75,37.85,39.15,3350,53850,35.34,39.25,39.50
08.03.21 12:09:59,39.10,40.45,38.60,39.80,2075,53850,35.35,39.55,39.80
08.03.21 12:10:59,40.10,40.10,37.80,38.00,2325,53850,35.37,37.80,38.05
08.03.21 12:11:59,37.60,37.95,36.20,36.85,2200,54800,35.37,37.20,37.40
08.03.21 12:12:59,37.15,38.65,35.75,35.80,1975,54800,35.38,35.70,36.05
08.03.21 12:13:59,36.25,37.60,35.60,36.65,1900,54800,35.38,36.25,36.50
08.03.21 12:14:59,35.90,37.30,35.90,36.90,1025,54800,35.38,36.90,37.25
08.03.21 12:15:59,37.00,37.00,34.65,36.65,1125,55975,35.38,36.70,37.00
08.03.21 12:16:59,36.15,36.90,33.70,33.70,875,55975,35.38,33.55,33.90
08.03.21 12:17:59,33.90,35.25,33.50,34.20,925,55975,35.38,34.55,34.80
08.03.21 12:18:59,35.25,35.55,34.60,35.00,575,56250,35.38,35.05,35.30
08.03.21 12:19:59,34.65,35.10,33.50,34.80,1450,56250,35.38,35.00,35.35
08.03.21 12:20:59,35.40,35.40,33.35,34.65,900,56250,35.37,34.50,34.80
08.03.21 12:21:59,34.20,34.70,32.00,32.35,1925,55400,35.37,32.15,32.40
08.03.21 12:22:59,32.10,32.80,30.00,32.25,3350,55400,35.35,32.45,32.70
08.03.21 12:23:59,32.65,33.05,31.10,31.55,3450,55400,35.34,31.45,31.60
08.03.21 12:24:59,31.40,32.30,31.40,32.05,4825,56900,35.31,31.65,32.05
08.03.21 12:25:59,31.65,32.65,31.40,32.00,700,56900,35.31,31.20,31.55
08.03.21 12:26:59,31.10,32.30,30.95,32.00,1050,56900,35.30,31.85,32.10
08.03.21 12:27:59,31.50,31.55,30.20,30.90,1425,58700,35.29,30.50,30.80
08.03.21 12:28:59,30.70,31.95,30.60,31.90,775,58700,35.29,31.90,32.15
08.03.21 12:29:59,32.75,33.50,32.05,32.50,800,58700,35.29,32.50,32.70
08.03.21 12:30:59,32.80,35.30,32.40,33.70,6250,58975,35.27,33.30,33.60
08.03.21 12:31:59,33.45,33.60,28.85,28.85,5150,58975,35.25,28.65,28.90
08.03.21 12:32:59,28.85,29.25,27.35,28.00,5175,58975,35.20,27.90,28.00
08.03.21 12:33:59,28.00,30.10,28.00,29.65,2025,60875,35.18,29.45,29.70
08.03.21 12:34:59,29.45,29.85,28.30,28.30,3325,60875,35.15,28.25,28.45
08.03.21 12:35:59,28.20,28.85,27.30,28.85,2700,60875,35.13,28.65,28.85
08.03.21 12:36:59,28.70,29.60,28.40,28.85,1975,60800,35.11,28.70,29.00
08.03.21 12:37:59,28.75,29.70,27.85,29.70,2400,60800,35.09,29.55,29.80
08.03.21 12:38:59,29.70,31.05,29.10,31.05,1450,60800,35.08,30.85,31.15
08.03.21 12:39:59,30.90,31.55,30.10,31.45,1975,61025,35.07,31.45,31.65
08.03.21 12:40:59,31.10,32.95,31.10,32.05,3025,61025,35.06,32.00,32.25
08.03.21 12:41:59,32.10,34.15,32.10,34.15,1925,61025,35.06,33.90,34.10
08.03.21 12:42:59,34.20,38.15,33.65,37.30,6100,61225,35.07,37.40,37.65
08.03.21 12:43:59,37.40,37.40,35.55,37.30,3100,61225,35.07,37.10,37.40
08.03.21 12:44:59,37.35,38.90,36.25,38.00,5725,61225,35.09,37.85,38.20
08.03.21 12:45:59,38.30,44.40,37.90,43.85,13200,63700,35.20,43.85,44.20
08.03.21 12:46:59,43.90,45.20,41.50,44.00,8150,63700,35.28,43.60,44.00
08.03.21 12:47:59,44.25,44.95,40.50,41.00,3500,63700,35.32,40.80,41.10
08.03.21 12:48:59,41.00,41.30,38.80,40.90,5300,65825,35.35,40.45,40.70
08.03.21 12:49:59,41.20,42.05,40.00,40.90,1400,65825,35.36,41.20,41.70
08.03.21 12:50:59,40.90,41.20,37.20,38.95,3200,65825,35.37,38.85,39.05
08.03.21 12:51:59,38.85,42.65,37.35,42.35,1900,65825,35.38,42.35,42.70
08.03.21 12:52:59,42.70,44.95,41.90,44.95,5275,65825,35.43,44.35,44.80
08.03.21 12:53:59,44.25,46.80,42.75,46.55,3725,65825,35.47,46.75,47.20
08.03.21 12:54:59,46.05,47.70,43.50,43.95,7650,65300,35.57,43.90,44.35
08.03.21 12:55:59,44.55,44.55,39.70,41.00,7200,65300,35.61,40.80,41.20
08.03.21 12:56:59,40.50,40.50,38.15,39.35,5150,65300,35.63,38.85,39.25
08.03.21 12:57:59,38.30,38.60,37.30,38.10,3200,65525,35.64,38.00,38.25
08.03.21 12:58:59,39.35,39.70,38.85,39.60,2125,65525,35.65,39.70,39.90
08.03.21 12:59:59,39.60,39.85,37.60,39.05,1975,65525,35.66,38.95,39.25
08.03.21 13:00:59,39.05,39.05,34.15,34.15,4125,65500,35.66,33.80,34.15
08.03.21 13:01:59,34.05,36.25,33.95,35.55,3250,65500,35.66,35.50,35.80
08.03.21 13:02:59,35.40,37.95,35.20,36.80,8025,65500,35.67,36.70,36.95
08.03.21 13:03:59,36.70,38.30,35.25,35.25,2850,68375,35.67,35.25,35.50
08.03.21 13:04:59,35.50,37.45,35.20,37.20,1600,68375,35.68,37.15,37.45
08.03.21 13:05:59,37.15,37.65,35.10,37.10,2900,68375,35.68,36.90,37.20
08.03.21 13:06:59,37.40,37.40,35.80,37.15,2350,68625,35.68,37.20,37.45
08.03.21 13:07:59,37.15,39.75,36.25,39.10,1750,68625,35.68,39.15,39.75
08.03.21 13:08:59,38.75,39.95,37.65,37.90,1425,68625,35.69,37.75,38.00
08.03.21 13:09:59,37.50,38.80,36.80,38.10,1750,68525,35.69,38.25,38.55
08.03.21 13:10:59,38.30,38.30,35.40,36.55,2150,68525,35.69,36.05,36.30
08.03.21 13:11:59,35.90,36.20,33.05,33.35,4575,68525,35.68,33.20,33.40
08.03.21 13:12:59,32.15,32.85,31.05,31.65,6725,69100,35.65,31.40,31.60
08.03.21 13:13:59,31.40,32.85,30.45,32.65,2125,69100,35.64,32.25,32.55
08.03.21 13:14:59,32.05,32.65,31.00,32.10,2150,69100,35.64,31.85,32.15
08.03.21 13:15:59,31.35,33.10,31.25,32.00,2875,69475,35.62,32.05,32.25
08.03.21 13:16:59,32.00,32.75,31.05,31.75,1925,69475,35.62,31.55,31.75
08.03.21 13:17:59,31.50,31.65,30.00,31.65,1800,69475,35.61,31.70,31.95
08.03.21 13:18:59,32.00,32.65,31.70,32.65,1050,69350,35.60,32.40,32.60
08.03.21 13:19:59,33.20,34.20,32.50,33.05,2275,69350,35.60,32.95,33.25
08.03.21 13:20:59,32.90,34.00,32.90,33.85,1750,69350,35.59,33.80,34.15
08.03.21 13:21:59,34.30,35.10,33.10,34.00,1050,68875,35.59,34.45,34.80
08.03.21 13:22:59,34.65,36.05,34.50,35.30,1675,68875,35.59,35.50,35.75
08.03.21 13:23:59,35.85,36.45,35.40,35.40,1100,68875,35.59,35.05,35.30
08.03.21 13:24:59,35.30,36.00,35.10,35.90,1000,69600,35.59,35.80,36.00
08.03.21 13:25:59,36.00,37.35,35.30,36.75,3950,69600,35.59,36.95,37.20
08.03.21 13:26:59,37.70,37.95,35.95,36.50,2050,69600,35.60,36.50,36.75
08.03.21 13:27:59,36.75,38.20,36.75,38.00,1225,70600,35.60,38.05,38.30
08.03.21 13:28:59,38.60,38.60,36.70,37.35,1700,70600,35.60,37.25,37.65
08.03.21 13:29:59,37.10,37.10,35.15,35.70,1575,70600,35.60,35.40,35.65
08.03.21 13:30:59,35.45,35.70,34.30,35.40,2425,71675,35.60,35.25,35.45
08.03.21 13:31:59,34.50,34.50,31.85,32.60,3950,71675,35.59,31.90,32.25
08.03.21 13:32:59,31.95,32.10,30.85,31.55,4000,71675,35.57,31.50,31.75
08.03.21 13:33:59,31.60,32.60,31.35,32.20,2700,69350,35.56,32.10,32.40
08.03.21 13:34:59,32.70,37.15,32.70,37.15,3750,69350,35.56,37.15,37.55
08.03.21 13:35:59,37.50,41.25,37.50,39.15,6375,69350,35.58,39.05,39.35
08.03.21 13:36:59,38.80,39.55,36.85,38.30,3400,70075,35.59,38.35,38.75
08.03.21 13:37:59,38.35,40.00,37.65,38.55,1550,70075,35.60,39.45,39.75
08.03.21 13:38:59,40.15,40.25,38.45,40.00,2250,70075,35.61,39.80,40.25
08.03.21 13:39:59,40.15,45.45,38.10,44.30,11850,70075,35.70,44.50,44.85
08.03.21 13:40:59,43.65,51.45,43.65,48.30,26400,70075,36.05,48.30,48.65
08.03.21 13:41:59,48.80,49.95,43.55,45.00,10800,70075,36.15,45.15,45.60
08.03.21 13:42:59,46.10,49.20,46.10,47.15,10325,79000,36.26,46.95,47.40
08.03.21 13:43:59,46.80,46.90,40.75,40.75,5725,79000,36.31,40.60,41.15
08.03.21 13:44:59,40.90,42.40,38.40,41.15,6850,79000,36.33,40.80,41.15
08.03.21 13:45:59,41.30,41.30,36.90,38.20,12275,76225,36.36,38.00,38.40
08.03.21 13:46:59,38.00,39.05,36.25,36.60,5675,76225,36.37,36.50,36.95
08.03.21 13:47:59,36.75,37.40,34.85,37.00,3400,76225,36.37,36.85,37.10
08.03.21 13:48:59,36.50,40.00,36.50,38.30,3450,72250,36.37,38.40,38.75
08.03.21 13:49:59,39.15,42.35,39.15,41.35,5775,72250,36.40,41.15,41.50
08.03.21 13:50:59,41.70,44.30,39.30,44.30,5100,72250,36.42,44.50,44.85
08.03.21 13:51:59,43.90,47.00,43.05,45.65,4375,70600,36.46,45.70,46.30
08.03.21 13:52:59,46.25,46.50,40.75,40.75,7750,70600,36.50,40.35,40.75
08.03.21 13:53:59,40.45,40.70,37.90,40.70,3425,70600,36.51,40.50,41.05
08.03.21 13:54:59,40.55,41.25,39.40,40.90,5275,69400,36.53,40.45,40.95
08.03.21 13:55:59,41.75,46.40,41.75,45.90,5600,69400,36.57,45.95,46.35
08.03.21 13:56:59,46.85,46.85,39.85,42.00,2850,69400,36.58,41.90,42.30
08.03.21 13:57:59,41.90,41.95,37.85,39.00,3550,67700,36.59,38.90,39.35
08.03.21 13:58:59,38.90,38.90,36.40,37.80,4100,67700,36.60,37.80,38.05
08.03.21 13:59:59,36.80,38.00,35.95,36.15,2625,67700,36.60,36.75,37.30
08.03.21 14:00:59,37.35,38.80,34.35,37.20,5875,68550,36.60,36.90,37.20
08.03.21 14:01:59,37.65,39.65,37.00,38.05,2800,68550,36.60,38.55,38.95
08.03.21 14:02:59,38.65,40.50,38.10,38.10,3050,68550,36.61,38.10,38.40
08.03.21 14:03:59,38.55,38.90,35.10,36.50,4075,69550,36.61,36.70,37.05
08.03.21 14:04:59,36.70,37.30,35.50,35.70,2125,69550,36.61,35.95,36.30
08.03.21 14:05:59,35.95,37.25,34.30,37.00,2750,69550,36.60,36.75,37.10
08.03.21 14:06:59,37.05,38.20,35.90,35.90,2025,70300,36.60,35.70,36.00
08.03.21 14:07:59,35.60,37.60,35.30,36.45,1950,70300,36.60,36.35,36.75
08.03.21 14:08:59,36.30,36.30,34.60,35.00,4075,70300,36.60,34.65,35.00
08.03.21 14:09:59,35.60,35.60,32.55,32.60,3350,70500,36.59,32.85,33.25
08.03.21 14:10:59,33.20,33.55,30.50,31.05,2950,70500,36.58,30.80,31.10
08.03.21 14:11:59,31.10,32.25,30.90,31.20,4800,70500,36.56,31.15,31.40
08.03.21 14:12:59,31.30,31.60,27.70,27.90,7550,74750,36.52,28.15,28.45
08.03.21 14:13:59,28.55,30.15,28.30,30.10,4025,74750,36.49,30.35,30.55
08.03.21 14:14:59,30.65,31.30,29.85,31.25,1975,74750,36.48,30.85,31.20
08.03.21 14:15:59,31.20,31.55,29.45,29.85,3375,77600,36.46,29.55,29.90
08.03.21 14:16:59,29.65,30.05,29.10,29.90,2250,77600,36.45,29.80,30.10
08.03.21 14:17:59,29.85,31.00,28.55,31.00,3600,77600,36.43,31.00,31.30
08.03.21 14:18:59,30.45,30.45,28.95,28.95,3250,75950,36.41,28.80,29.15
08.03.21 14:19:59,29.10,29.20,26.70,27.35,5400,75950,36.37,27.30,27.50
08.03.21 14:20:59,27.50,27.50,24.95,25.50,10500,75950,36.28,25.35,25.65
08.03.21 14:21:59,25.15,25.60,23.25,24.60,19550,80200,36.08,24.55,24.80
08.03.21 14:22:59,24.50,25.20,24.25,24.65,7375,80200,36.01,24.70,25.00
08.03.21 14:23:59,24.75,25.10,22.90,23.55,9150,80200,35.92,23.35,23.65
08.03.21 14:24:59,23.60,24.10,22.15,22.50,5600,86100,35.86,22.45,22.75
08.03.21 14:25:59,22.55,23.75,21.65,23.55,3575,86100,35.83,23.35,23.70
08.03.21 14:26:59,23.85,24.15,22.70,23.00,5250,86100,35.77,22.95,23.20
08.03.21 14:27:59,23.25,23.75,22.50,23.75,4300,88275,35.73,23.65,23.90
08.03.21 14:28:59,23.55,23.60,22.40,22.85,4500,88275,35.69,22.65,22.80
08.03.21 14:29:59,22.75,23.30,22.00,22.00,3400,88275,35.65,21.90,22.05
08.03.21 14:30:59,21.35,22.60,21.05,22.30,4400,88425,35.60,22.25,22.45
08.03.21 14:31:59,22.45,23.05,21.30,22.60,5075,88425,35.55,22.55,22.75
08.03.21 14:32:59,22.75,22.75,21.25,21.25,1325,88425,35.53,21.25,21.40
08.03.21 14:33:59,21.10,21.50,20.65,21.25,3900,83000,35.49,20.95,21.15
08.03.21 14:34:59,21.10,21.35,19.85,21.00,5725,83000,35.42,20.95,21.10
08.03.21 14:35:59,20.90,22.70,20.75,21.85,4000,83000,35.38,21.85,22.05
08.03.21 14:36:59,21.95,22.60,21.95,22.60,1050,81025,35.37,22.45,22.65
08.03.21 14:37:59,22.45,23.00,22.00,22.85,3050,81025,35.34,22.70,22.95
08.03.21 14:38:59,22.55,22.55,21.55,21.55,1375,81025,35.32,21.40,21.60
08.03.21 14:39:59,21.50,21.50,20.70,20.80,2800,80675,35.29,20.45,20.65
08.03.21 14:40:59,20.90,20.90,18.05,18.45,3450,80675,35.25,18.40,18.60
08.03.21 14:41:59,18.00,18.30,16.90,17.80,4150,80675,35.19,17.75,17.90
08.03.21 14:42:59,17.75,18.50,17.60,17.90,2100,81225,35.17,17.90,18.05
08.03.21 14:43:59,18.10,18.75,17.85,18.20,1750,81225,35.14,18.10,18.30
08.03.21 14:44:59,18.50,19.15,18.35,18.80,2350,81225,35.11,18.80,19.00
08.03.21 14:45:59,18.90,19.00,18.15,18.50,1375,81825,35.10,18.45,18.60
08.03.21 14:46:59,18.45,19.30,18.30,19.30,2750,81825,35.06,19.05,19.35
08.03.21 14:47:59,19.50,20.15,19.40,20.05,3325,81825,35.02,19.85,20.00
08.03.21 14:48:59,20.00,20.55,19.30,20.45,3550,82025,34.98,20.60,20.80
08.03.21 14:49:59,20.55,20.75,19.55,19.55,3100,82025,34.95,19.50,19.70
08.03.21 14:50:59,19.70,20.50,19.70,19.80,2650,82025,34.92,19.90,20.10
08.03.21 14:51:59,19.95,21.95,19.90,21.00,5625,82250,34.86,21.05,21.35
08.03.21 14:52:59,21.20,22.45,20.90,21.90,4050,82250,34.82,21.80,22.10
08.03.21 14:53:59,22.35,22.50,21.65,21.70,3875,82250,34.78,21.75,21.90
08.03.21 14:54:59,21.85,24.10,21.85,22.55,6225,82225,34.73,22.45,22.70
08.03.21 14:55:59,22.55,24.80,21.65,24.80,7800,82225,34.66,24.70,24.90
08.03.21 14:56:59,24.65,25.70,23.95,24.70,3575,82225,34.63,24.65,24.85
08.03.21 14:57:59,24.85,24.85,22.85,23.00,2750,79875,34.61,22.90,23.15
08.03.21 14:58:59,23.00,23.00,21.15,22.45,1950,79875,34.59,22.40,22.60
08.03.21 14:59:59,22.30,22.30,20.90,21.35,3175,79875,34.56,21.45,21.75
08.03.21 15:00:59,22.20,23.65,22.15,22.40,3675,80250,34.53,22.00,22.25
08.03.21 15:01:59,22.25,23.95,22.25,23.20,3275,80250,34.50,23.15,23.40
08.03.21 15:02:59,23.30,26.55,23.30,26.30,5225,80250,34.47,26.15,26.35
08.03.21 15:03:59,26.25,27.00,25.30,25.40,3350,81425,34.45,25.15,25.45
08.03.21 15:04:59,25.60,28.10,25.60,28.00,7650,81425,34.41,27.85,28.10
08.03.21 15:05:59,28.30,32.65,27.75,32.65,9075,81425,34.38,32.70,33.10
08.03.21 15:06:59,33.10,37.25,32.35,32.35,17675,83750,34.39,32.05,32.50
08.03.21 15:07:59,32.95,32.95,27.60,27.75,7325,83750,34.37,27.85,28.25
08.03.21 15:08:59,28.00,29.55,27.40,29.10,3975,83750,34.35,28.85,29.15
08.03.21 15:09:59,29.25,33.90,29.25,33.90,9125,85200,34.33,34.00,34.35
08.03.21 15:10:59,34.10,35.95,31.75,32.20,7675,85200,34.33,31.95,32.55
08.03.21 15:11:59,31.70,33.55,30.00,30.00,7400,85200,34.32,29.50,29.80
08.03.21 15:12:59,29.60,30.50,27.60,27.60,4475,85750,34.30,27.55,27.65
08.03.21 15:13:59,27.35,27.40,24.30,24.55,7350,85750,34.26,24.40,24.55
08.03.21 15:14:59,24.55,26.35,23.80,23.80,6400,85750,34.22,23.75,24.05
08.03.21 15:15:59,24.00,24.35,21.10,21.10,6300,86300,34.17,20.95,21.25
08.03.21 15:16:59,21.30,22.35,20.90,21.85,3375,86300,34.15,21.60,21.75
08.03.21 15:17:59,21.70,22.85,21.50,21.85,5775,86300,34.10,21.65,21.80
08.03.21 15:18:59,21.60,23.40,21.40,22.75,4350,85575,34.06,22.45,22.85
08.03.21 15:19:59,22.80,23.00,21.20,21.55,5725,85575,34.02,21.85,22.05
08.03.21 15:20:59,22.15,22.75,21.85,22.55,6775,85575,33.97,22.60,22.75
08.03.21 15:21:59,22.55,22.55,21.20,22.40,4050,85575,33.93,21.90,22.10
08.03.21 15:22:59,22.10,22.70,21.25,21.45,10475,82900,33.85,21.20,21.50
08.03.21 15:23:59,21.75,23.10,21.25,22.95,2500,82900,33.83,22.80,23.00
08.03.21 15:24:59,23.00,23.60,22.70,23.30,6625,84825,33.78,23.25,23.35
08.03.21 15:25:59,23.30,24.65,22.65,22.85,4950,84825,33.75,22.55,22.80
08.03.21 15:26:59,22.75,23.70,22.65,23.45,5800,84825,33.71,23.25,23.40
08.03.21 15:27:59,23.50,23.85,23.15,23.85,3750,80950,33.68,23.75,23.90
08.03.21 15:28:59,23.95,24.50,23.15,23.40,6025,80950,33.64,23.35,23.60
08.03.21 15:30:00,23.35,29.85,23.20,29.85,5425,80950,33.61,23.70,29.30
09.03.21 09:15:59,17.55,17.55,10.00,11.45,6750,77900,12.04,10.95,11.50
09.03.21 09:16:59,11.20,11.35,9.50,9.65,15075,77900,10.72,9.50,9.70
09.03.21 09:17:59,9.55,10.40,9.40,9.70,9550,77625,10.45,9.65,9.80
09.03.21 09:18:59,9.80,9.80,9.00,9.15,6400,77625,10.28,9.05,9.20
09.03.21 09:19:59,9.10,9.15,8.45,8.90,10375,77625,9.97,8.85,8.95
09.03.21 09:20:59,8.90,9.45,8.60,9.05,14100,68525,9.73,8.85,9.00
09.03.21 09:21:59,8.95,10.15,8.90,10.05,11525,68525,9.71,10.05,10.20
09.03.21 09:22:59,10.10,10.10,9.60,9.65,4350,68525,9.72,9.55,9.70
09.03.21 09:23:59,9.75,10.15,9.50,9.65,5775,67375,9.73,9.65,9.80
09.03.21 09:24:59,9.65,9.65,9.30,9.30,4800,67375,9.71,9.25,9.45
09.03.21 09:25:59,9.40,9.60,9.15,9.35,3150,67375,9.70,9.20,9.30
09.03.21 09:26:59,9.45,9.60,9.30,9.40,1625,66475,9.70,9.30,9.45
09.03.21 09:27:59,9.35,10.70,9.35,10.40,6475,66475,9.73,10.25,10.40
09.03.21 09:28:59,10.30,10.45,9.65,10.00,10675,66475,9.75,10.05,10.15
09.03.21 09:29:59,9.95,9.95,9.45,9.55,9650,65925,9.75,9.50,9.60
09.03.21 09:30:59,9.50,10.00,9.30,10.00,4575,65925,9.75,9.90,10.00
09.03.21 09:31:59,9.85,10.55,9.75,10.45,6500,65925,9.77,10.50,10.60
09.03.21 09:32:59,10.55,11.00,10.50,11.00,5025,70525,9.80,10.95,11.00
09.03.21 09:33:59,11.00,11.15,10.75,10.90,5025,70525,9.84,10.85,10.95
09.03.21 09:34:59,10.80,11.40,10.80,11.40,2500,70525,9.87,11.30,11.45
09.03.21 09:35:59,11.50,11.95,11.00,11.60,3500,68375,9.90,11.55,11.65
09.03.21 09:36:59,11.65,11.65,11.10,11.15,7550,68375,9.97,11.10,11.15
09.03.21 09:37:59,11.10,11.20,10.65,10.85,2950,68375,9.99,10.85,10.95
09.03.21 09:38:59,10.90,11.15,10.85,11.15,1850,66325,10.00,10.95,11.10
09.03.21 09:39:59,11.00,11.30,10.35,10.60,2875,66325,10.01,10.55,10.65
09.03.21 09:40:59,10.50,10.95,10.50,10.80,2700,66325,10.02,10.70,10.85
09.03.21 09:41:59,10.85,11.10,10.60,10.65,3400,67200,10.04,10.60,10.70
09.03.21 09:42:59,10.70,11.55,10.60,11.40,18800,67200,10.17,11.35,11.50
09.03.21 09:43:59,11.40,11.50,11.10,11.30,21325,67200,10.28,11.15,11.25
09.03.21 09:44:59,11.30,11.50,11.20,11.50,3875,56200,10.30,11.35,11.50
09.03.21 09:45:59,11.40,11.40,11.00,11.00,2200,56200,10.31,10.80,10.90
09.03.21 09:46:59,10.80,11.40,10.70,11.25,1850,56200,10.31,11.30,11.40
09.03.21 09:47:59,11.40,11.60,11.00,11.20,6400,54975,10.33,11.15,11.25
09.03.21 09:48:59,11.25,11.25,10.90,11.10,1800,54975,10.34,11.05,11.20
09.03.21 09:49:59,11.05,11.25,10.85,11.25,2350,54975,10.35,11.10,11.20
09.03.21 09:50:59,11.10,11.20,10.70,10.90,2225,56400,10.35,10.80,10.90
09.03.21 09:51:59,10.90,11.05,10.45,10.45,1650,56400,10.36,10.45,10.55
09.03.21 09:52:59,10.75,10.75,10.40,10.50,1025,56400,10.36,10.45,10.60
09.03.21 09:53:59,10.50,10.50,10.15,10.15,1875,45600,10.36,10.10,10.20
09.03.21 09:54:59,10.20,10.25,10.00,10.05,1850,45600,10.36,10.00,10.05
09.03.21 09:55:59,10.05,10.30,10.05,10.30,1875,45600,10.35,10.25,10.35
09.03.21 09:56:59,10.40,10.70,10.15,10.20,1625,44900,10.35,10.10,10.20
09.03.21 09:57:59,10.10,10.45,10.00,10.10,1500,44900,10.35,10.15,10.25
09.03.21 09:58:59,10.30,10.30,9.75,9.75,2150,44900,10.35,9.60,9.70
09.03.21 09:59:59,9.65,9.85,9.50,9.85,2725,46500,10.34,9.85,9.95
09.03.21 10:00:59,9.85,10.00,9.55,9.80,2825,46500,10.34,9.70,9.80
09.03.21 10:01:59,9.85,10.00,9.60,9.90,1700,46500,10.33,9.75,9.85
09.03.21 10:02:59,9.75,10.00,9.75,9.80,650,47500,10.33,9.80,9.90
09.03.21 10:03:59,9.90,10.30,9.90,10.30,3775,47500,10.33,10.25,10.35
09.03.21 10:04:59,10.20,10.55,10.20,10.45,8525,47500,10.33,10.35,10.45
09.03.21 10:05:59,10.60,11.00,10.50,10.70,7825,48800,10.34,10.65,10.75
09.03.21 10:06:59,10.75,10.85,10.55,10.55,1625,48800,10.34,10.55,10.65
09.03.21 10:07:59,10.55,10.75,10.50,10.55,1125,48800,10.34,10.45,10.55
09.03.21 10:08:59,10.45,10.65,10.35,10.65,3825,50300,10.34,10.55,10.70
09.03.21 10:09:59,10.60,10.70,10.45,10.50,1925,50300,10.35,10.55,10.65
09.03.21 10:10:59,10.65,10.70,10.40,10.70,2150,50300,10.35,10.65,10.75
09.03.21 10:11:59,10.75,10.80,10.45,10.70,2425,50325,10.35,10.75,10.85
09.03.21 10:12:59,10.85,10.90,10.50,10.70,1275,50325,10.35,10.60,10.70
09.03.21 10:13:59,10.65,10.95,10.60,10.65,2725,50325,10.36,10.65,10.75
09.03.21 10:14:59,10.80,10.90,10.65,10.80,750,53675,10.36,10.80,10.90
09.03.21 10:15:59,10.80,11.10,10.55,11.05,3425,53675,10.36,11.10,11.20
09.03.21 10:16:59,11.05,11.20,10.55,10.80,3825,53675,10.37,10.75,10.85
09.03.21 10:17:59,10.85,10.90,10.70,10.80,3850,50375,10.37,10.75,10.85
09.03.21 10:18:59,10.85,10.95,10.50,10.85,2575,50375,10.38,10.80,10.90
09.03.21 10:19:59,10.85,10.85,10.45,10.80,2025,50375,10.38,10.75,10.85
09.03.21 10:20:59,10.75,10.95,10.60,10.85,1650,50250,10.38,10.80,10.90
09.03.21 10:21:59,10.80,11.00,10.60,10.60,1000,50250,10.38,10.60,10.70
09.03.21 10:22:59,10.55,10.90,10.55,10.85,3900,50250,10.39,10.85,10.95
09.03.21 10:23:59,10.85,11.05,10.65,10.65,1725,51775,10.39,10.55,10.65
09.03.21 10:24:59,10.70,10.70,10.00,10.00,24475,51775,10.38,9.95,10.05
09.03.21 10:25:59,10.00,10.20,10.00,10.20,18700,51775,10.36,10.05,10.15
09.03.21 10:26:59,10.05,10.35,10.05,10.30,2750,72100,10.36,10.25,10.35
09.03.21 10:27:59,10.25,10.35,10.15,10.25,2300,72100,10.36,10.20,10.30
09.03.21 10:28:59,10.25,10.30,10.15,10.30,775,72100,10.36,10.20,10.30
09.03.21 10:29:59,10.15,10.30,10.05,10.20,1125,72350,10.36,10.15,10.25
09.03.21 10:30:59,10.15,10.25,9.85,10.00,1475,72350,10.36,9.95,10.05
09.03.21 10:31:59,10.10,10.10,9.80,10.05,625,72350,10.36,10.00,10.10
09.03.21 10:32:59,10.00,10.00,9.85,9.85,925,71650,10.36,9.80,9.90
09.03.21 10:33:59,9.80,9.95,9.70,9.85,1250,71650,10.36,9.80,9.95
09.03.21 10:34:59,9.85,9.95,9.70,9.90,3200,71650,10.35,9.75,9.90
09.03.21 10:35:59,9.85,9.90,9.65,9.85,1325,72225,10.35,9.70,9.80
09.03.21 10:36:59,9.85,9.90,9.75,9.75,450,72225,10.35,9.70,9.80
09.03.21 10:37:59,9.80,9.90,9.75,9.90,750,72225,10.35,9.75,9.90
09.03.21 10:38:59,9.80,9.90,9.80,9.85,1425,72350,10.35,9.75,9.85
09.03.21 10:39:59,9.65,9.90,9.65,9.80,3950,72350,10.34,9.90,10.00
09.03.21 10:40:59,9.75,9.80,9.70,9.80,775,72350,10.34,9.75,9.85
09.03.21 10:41:59,9.70,9.90,9.70,9.70,750,70100,10.34,9.60,9.75
09.03.21 10:42:59,9.75,9.85,9.70,9.75,625,70100,10.34,9.60,9.70
09.03.21 10:43:59,9.80,10.00,9.70,9.90,1600,70100,10.33,9.80,9.95
09.03.21 10:44:59,9.95,10.15,9.90,10.05,875,70175,10.33,9.95,10.05
09.03.21 10:45:59,10.05,10.45,9.95,10.35,1950,70175,10.33,10.15,10.25
09.03.21 10:46:59,10.25,10.30,9.95,9.95,1475,70175,10.33,9.95,10.00
09.03.21 10:47:59,9.95,10.20,9.95,10.05,1100,70400,10.33,10.05,10.15
09.03.21 10:48:59,10.05,10.20,9.85,10.00,800,70400,10.33,9.95,10.05
09.03.21 10:49:59,10.10,10.10,9.90,9.90,475,70400,10.33,9.90,10.00
09.03.21 10:50:59,9.95,10.00,9.85,9.95,400,70550,10.33,9.90,10.00
09.03.21 10:51:59,9.95,9.95,9.80,9.90,700,70550,10.33,9.80,9.90
09.03.21 10:52:59,9.90,10.00,9.80,9.90,500,70550,10.33,9.85,9.95
09.03.21 10:53:59,9.90,9.90,9.65,9.85,400,70250,10.33,9.80,9.90
09.03.21 10:54:59,9.80,9.90,9.75,9.90,950,70250,10.33,9.90,10.00
09.03.21 10:55:59,9.90,9.95,9.90,9.95,200,70250,10.33,9.95,10.05
09.03.21 10:56:59,9.95,10.00,9.85,10.00,1050,71150,10.32,9.80,9.90
09.03.21 10:57:59,9.95,10.00,9.90,9.95,325,71150,10.32,9.85,9.95
09.03.21 10:58:59,9.85,10.00,9.85,9.90,325,71150,10.32,9.90,10.00
09.03.21 10:59:59,9.90,9.90,9.75,9.90,400,71300,10.32,9.80,9.90
09.03.21 11:00:59,9.90,10.25,9.90,9.90,1400,71300,10.32,9.90,10.00
09.03.21 11:01:59,9.90,10.15,9.90,10.05,2950,71300,10.32,10.00,10.10
09.03.21 11:02:59,10.05,10.15,9.95,10.00,725,70950,10.32,9.90,10.05
09.03.21 11:03:59,10.00,10.25,10.00,10.25,1325,70950,10.32,10.20,10.30
09.03.21 11:04:59,10.25,10.25,10.15,10.25,950,70950,10.32,10.15,10.25
09.03.21 11:05:59,10.30,10.45,10.10,10.30,1350,71150,10.32,10.30,10.40
09.03.21 11:06:59,10.40,10.55,10.35,10.40,900,71150,10.32,10.35,10.45
09.03.21 11:07:59,10.40,10.75,10.40,10.75,2300,71150,10.32,10.70,10.80
09.03.21 11:08:59,10.80,10.90,10.70,10.75,400,71325,10.32,10.70,10.80
09.03.21 11:09:59,10.65,10.75,10.55,10.60,475,71325,10.32,10.55,10.65
09.03.21 11:10:59,10.65,11.00,10.60,10.90,1200,71325,10.32,10.80,10.90
09.03.21 11:11:59,10.80,10.90,10.65,10.75,1900,70875,10.32,10.70,10.85
09.03.21 11:12:59,10.75,10.90,10.75,10.90,200,70875,10.32,10.85,10.95
09.03.21 11:13:59,10.85,10.85,10.60,10.65,1325,70875,10.33,10.65,10.70
09.03.21 11:14:59,10.65,10.65,10.45,10.45,350,71150,10.33,10.45,10.55
09.03.21 11:15:59,10.50,10.55,10.40,10.40,600,71150,10.33,10.45,10.55
09.03.21 11:16:59,10.55,10.55,10.45,10.45,650,71150,10.33,10.55,10.65
09.03.21 11:17:59,10.55,10.65,10.25,10.50,1775,70425,10.33,10.45,10.55
09.03.21 11:18:59,10.50,10.85,10.25,10.60,1925,70425,10.33,10.50,10.60
09.03.21 11:19:59,10.45,10.55,10.30,10.50,1575,70425,10.33,10.45,10.55
09.03.21 11:20:59,10.50,10.55,10.30,10.30,1450,70850,10.33,10.25,10.35
09.03.21 11:21:59,10.25,10.40,10.10,10.40,2900,70850,10.33,10.35,10.45
09.03.21 11:22:59,10.50,10.60,10.45,10.55,1400,70850,10.33,10.50,10.60
09.03.21 11:23:59,10.50,10.60,10.40,10.40,375,71400,10.33,10.40,10.50
09.03.21 11:24:59,10.50,10.65,10.40,10.65,525,71400,10.33,10.55,10.65
09.03.21 11:25:59,10.70,10.70,10.60,10.70,350,71400,10.33,10.65,10.70
09.03.21 11:26:59,10.65,10.70,10.55,10.60,775,71950,10.33,10.50,10.60
09.03.21 11:27:59,10.55,10.75,10.35,10.75,575,71950,10.33,10.70,10.85
09.03.21 11:28:59,10.80,10.80,10.60,10.70,1450,71950,10.33,10.55,10.70
09.03.21 11:29:59,10.60,10.65,10.60,10.65,150,71950,10.33,10.45,10.55
09.03.21 11:30:59,10.55,10.70,10.45,10.70,775,72175,10.33,10.60,10.75
09.03.21 11:31:59,10.55,10.80,10.45,10.50,4075,72175,10.33,10.45,10.55
09.03.21 11:32:59,10.55,10.75,10.50,10.75,825,70800,10.33,10.65,10.80
09.03.21 11:33:59,10.75,11.15,10.75,11.15,1725,70800,10.34,11.05,11.15
09.03.21 11:34:59,11.05,11.80,10.65,11.60,5925,70800,10.35,11.55,11.70
09.03.21 11:35:59,11.55,11.75,11.45,11.50,1750,72550,10.35,11.50,11.60
09.03.21 11:36:59,11.45,11.45,10.80,10.90,1925,72550,10.36,10.85,10.95
09.03.21 11:37:59,11.00,11.00,10.55,10.75,975,72550,10.36,10.70,10.80
09.03.21 11:38:59,10.70,10.80,10.55,10.80,1475,72550,10.36,10.75,10.85
09.03.21 11:39:59,10.85,11.20,10.85,11.05,1950,70925,10.36,11.00,11.15
09.03.21 11:40:59,11.10,11.35,11.10,11.20,1350,70925,10.36,11.05,11.15
09.03.21 11:41:59,11.10,11.20,11.05,11.10,500,70925,10.36,11.10,11.20
09.03.21 11:42:59,11.05,11.15,10.80,10.80,1700,72075,10.37,10.75,10.80
09.03.21 11:43:59,10.80,10.90,10.75,10.80,1650,72075,10.37,10.75,10.85
09.03.21 11:44:59,10.85,10.95,10.75,10.95,3500,71250,10.37,10.80,10.95
09.03.21 11:45:59,10.95,11.20,10.65,11.20,4475,71250,10.38,11.10,11.20
09.03.21 11:46:59,11.10,11.25,11.05,11.10,775,71250,10.38,11.10,11.15
09.03.21 11:47:59,11.10,11.10,10.80,10.80,1675,71250,10.38,10.75,10.85
09.03.21 11:48:59,10.80,10.80,10.70,10.70,950,71700,10.38,10.70,10.80
09.03.21 11:49:59,10.75,10.90,10.65,10.90,1275,71700,10.38,10.75,10.90
09.03.21 11:50:59,10.85,11.25,10.85,10.95,4700,71700,10.39,11.05,11.15
09.03.21 11:51:59,11.10,11.20,11.00,11.10,850,71725,10.39,11.00,11.10
09.03.21 11:52:59,11.10,11.10,10.90,10.90,325,71725,10.39,10.80,10.90
09.03.21 11:53:59,10.80,10.80,10.70,10.70,1250,71725,10.39,10.70,10.80
09.03.21 11:54:59,10.70,10.90,10.65,10.65,1550,71225,10.39,10.65,10.80
09.03.21 11:55:59,10.80,10.80,10.65,10.75,1025,71225,10.39,10.70,10.85
09.03.21 11:56:59,10.75,10.90,10.70,10.90,1150,71225,10.39,10.75,10.85
09.03.21 11:57:59,10.75,10.85,10.75,10.80,1500,71275,10.40,10.80,10.85
09.03.21 11:58:59,10.85,10.85,10.80,10.80,2850,71275,10.40,10.70,10.80
09.03.21 11:59:59,10.70,10.75,10.55,10.65,1275,70025,10.40,10.60,10.70
09.03.21 12:00:59,10.75,10.95,10.60,10.80,1150,70025,10.40,10.75,10.85
09.03.21 12:01:59,10.70,10.95,10.70,10.70,1550,70025,10.40,10.65,10.75
09.03.21 12:02:59,10.65,10.85,10.65,10.85,400,70025,10.40,10.85,10.95
09.03.21 12:03:59,10.80,10.80,10.65,10.75,475,68450,10.40,10.70,10.80
09.03.21 12:04:59,10.80,10.80,10.65,10.65,525,68450,10.40,10.75,10.85
09.03.21 12:05:59,10.80,10.90,10.75,10.80,550,68450,10.40,10.80,10.90
09.03.21 12:06:59,10.85,10.85,10.70,10.70,725,66550,10.40,10.75,10.85
09.03.21 12:07:59,10.95,11.00,10.85,10.85,525,66550,10.40,10.80,10.90
09.03.21 12:08:59,10.90,11.00,10.90,11.00,325,66550,10.40,11.05,11.15
09.03.21 12:09:59,11.05,11.05,11.00,11.05,200,65950,10.40,10.95,11.05
09.03.21 12:10:59,10.85,10.95,10.85,10.95,600,65950,10.40,11.00,11.10
09.03.21 12:11:59,11.00,11.00,10.60,10.65,1200,65950,10.41,10.65,10.75
09.03.21 12:12:59,10.65,10.65,10.40,10.55,825,64050,10.41,10.45,10.55
09.03.21 12:13:59,10.55,10.75,10.55,10.75,225,64050,10.41,10.75,10.85
09.03.21 12:14:59,10.75,10.80,10.70,10.80,300,64050,10.41,10.70,10.85
09.03.21 12:15:59,10.80,10.90,10.80,10.80,125,63975,10.41,10.80,10.90
09.03.21 12:16:59,10.75,11.10,10.75,10.95,850,63975,10.41,10.70,10.80
09.03.21 12:17:59,10.55,10.70,10.55,10.65,1175,63975,10.41,10.60,10.70
09.03.21 12:18:59,10.65,10.65,10.55,10.55,350,63525,10.41,10.50,10.60
09.03.21 12:19:59,10.70,11.05,10.70,10.85,1300,63525,10.41,10.85,10.95
09.03.21 12:20:59,11.00,11.00,10.65,10.70,4250,63525,10.41,10.75,10.85
09.03.21 12:21:59,11.00,11.30,10.65,11.20,4125,61800,10.42,11.10,11.25
09.03.21 12:22:59,11.15,11.35,10.90,11.00,1600,61800,10.42,10.90,11.05
09.03.21 12:23:59,10.90,11.10,10.35,10.75,2200,61800,10.42,10.60,10.70
09.03.21 12:24:59,10.70,10.70,10.45,10.45,950,60775,10.42,10.30,10.40
09.03.21 12:25:59,10.25,10.50,10.20,10.35,1875,60775,10.42,10.25,10.35
09.03.21 12:26:59,10.35,10.80,10.35,10.75,1325,60775,10.42,10.70,10.80
09.03.21 12:27:59,10.75,11.10,10.75,10.90,1025,59875,10.42,10.80,10.90
09.03.21 12:28:59,11.00,11.10,10.95,11.10,300,59875,10.42,11.00,11.10
09.03.21 12:29:59,11.00,11.15,11.00,11.10,850,59875,10.42,11.05,11.15
09.03.21 12:30:59,11.15,11.35,10.80,11.05,1900,60350,10.43,11.00,11.10
09.03.21 12:31:59,11.30,11.50,11.05,11.50,2650,60350,10.43,11.35,11.45
09.03.21 12:32:59,11.35,11.60,11.25,11.30,1075,60350,10.43,11.30,11.40
09.03.21 12:33:59,11.35,11.40,10.75,10.80,1950,59950,10.43,10.70,10.80
09.03.21 12:34:59,10.70,11.15,10.70,10.95,1200,59950,10.44,10.90,10.95
09.03.21 12:35:59,10.95,11.20,10.20,10.90,16000,59950,10.45,10.85,10.95
09.03.21 12:36:59,11.00,11.00,10.65,10.95,4500,59625,10.45,10.85,10.95
09.03.21 12:37:59,10.90,11.00,10.50,10.60,3750,59625,10.45,10.55,10.65
09.03.21 12:38:59,10.65,10.65,10.35,10.35,625,59625,10.45,10.35,10.40
09.03.21 12:39:59,10.30,10.45,10.30,10.45,500,60550,10.45,10.45,10.55
09.03.21 12:40:59,10.45,10.50,10.40,10.40,575,60550,10.45,10.30,10.40
09.03.21 12:41:59,10.15,10.35,10.15,10.35,575,60550,10.45,10.35,10.45
09.03.21 12:42:59,10.30,10.30,10.05,10.25,3550,59625,10.45,10.20,10.30
09.03.21 12:43:59,10.15,10.25,10.10,10.25,600,59625,10.45,10.30,10.40
09.03.21 12:44:59,10.30,10.30,9.95,10.15,1900,59625,10.45,10.10,10.20
09.03.21 12:45:59,10.25,10.25,10.10,10.15,1025,61200,10.45,10.00,10.10
09.03.21 12:46:59,10.10,10.20,9.95,9.95,950,61200,10.44,9.95,10.05
09.03.21 12:47:59,10.10,10.10,9.80,9.80,325,61200,10.44,9.75,9.80
09.03.21 12:48:59,9.80,9.85,9.70,9.75,925,61275,10.44,9.75,9.85
09.03.21 12:49:59,9.75,9.85,9.65,9.85,825,61275,10.44,9.90,10.00
09.03.21 12:50:59,9.90,9.95,9.75,9.95,325,61275,10.44,9.85,9.95
09.03.21 12:51:59,9.85,10.05,9.85,10.00,675,61100,10.44,9.90,9.95
09.03.21 12:52:59,9.95,10.05,9.75,9.90,1075,61100,10.44,9.80,9.90
09.03.21 12:53:59,10.00,10.00,9.40,9.60,2550,61100,10.44,9.55,9.60
09.03.21 12:54:59,9.65,9.75,9.15,9.25,1825,60975,10.43,9.30,9.45
09.03.21 12:55:59,9.30,9.40,9.20,9.35,975,60975,10.43,9.10,9.20
09.03.21 12:56:59,9.10,9.35,9.10,9.25,625,60975,10.43,9.10,9.20
09.03.21 12:57:59,9.15,9.20,9.10,9.10,300,60775,10.43,9.20,9.30
09.03.21 12:58:59,9.30,9.30,9.15,9.20,550,60775,10.43,9.10,9.20
09.03.21 12:59:59,9.15,9.30,9.10,9.25,1850,60775,10.42,9.20,9.35
09.03.21 13:00:59,9.35,9.65,9.35,9.50,3100,60000,10.42,9.30,9.40
09.03.21 13:01:59,9.40,9.65,9.40,9.65,1275,60000,10.42,9.55,9.70
09.03.21 13:02:59,9.85,10.00,9.55,9.70,825,60000,10.42,9.60,9.70
09.03.21 13:03:59,9.70,9.75,9.55,9.75,650,60425,10.41,9.60,9.75
09.03.21 13:04:59,9.70,9.70,9.60,9.70,300,60425,10.41,9.65,9.75
09.03.21 13:05:59,9.75,9.75,9.40,9.75,3100,60425,10.41,9.60,9.75
09.03.21 13:06:59,9.75,9.75,9.40,9.70,2025,58975,10.41,9.60,9.75
09.03.21 13:07:59,9.55,9.60,9.30,9.45,2250,58975,10.40,9.40,9.55
09.03.21 13:08:59,9.55,9.65,9.30,9.30,675,58975,10.40,9.25,9.35
09.03.21 13:09:59,9.30,9.40,9.20,9.25,3575,57900,10.40,9.15,9.25
09.03.21 13:10:59,9.15,9.25,8.90,8.90,1375,57900,10.39,8.90,9.00
09.03.21 13:11:59,9.15,9.15,9.00,9.00,1325,57900,10.39,8.90,9.05
09.03.21 13:12:59,8.95,9.05,8.95,9.05,100,56650,10.39,9.10,9.25
09.03.21 13:13:59,9.10,9.30,9.10,9.15,175,56650,10.39,9.20,9.35
09.03.21 13:14:59,9.20,9.65,9.20,9.55,1500,56650,10.39,9.55,9.70
09.03.21 13:15:59,9.85,9.95,9.55,9.75,850,56550,10.39,9.65,9.80
09.03.21 13:16:59,9.60,9.60,9.25,9.30,2075,56550,10.38,9.25,9.40
09.03.21 13:17:59,9.40,9.45,9.10,9.20,1525,56550,10.38,9.20,9.25
09.03.21 13:18:59,9.30,9.70,9.30,9.65,1175,55275,10.38,9.60,9.80
09.03.21 13:19:59,9.75,9.85,9.50,9.75,1675,55275,10.38,9.65,9.85
09.03.21 13:20:59,9.70,10.15,9.40,10.10,2500,55275,10.37,10.10,10.25
09.03.21 13:21:59,10.10,10.35,9.80,10.35,1125,54475,10.37,10.30,10.45
09.03.21 13:22:59,10.35,10.50,10.10,10.10,975,54475,10.37,10.25,10.40
09.03.21 13:23:59,10.25,10.30,9.90,9.90,1500,54475,10.37,9.85,9.95
09.03.21 13:24:59,9.95,9.95,9.40,9.40,1075,54525,10.37,9.55,9.70
09.03.21 13:25:59,9.65,9.90,9.60,9.70,1025,54525,10.37,9.85,10.00
09.03.21 13:26:59,9.85,9.90,9.55,9.65,1275,54525,10.37,9.65,9.75
09.03.21 13:27:59,9.65,9.80,9.30,9.50,4000,55525,10.36,9.45,9.60
09.03.21 13:28:59,9.40,9.50,9.40,9.40,175,55525,10.36,9.45,9.60
09.03.21 13:29:59,9.60,9.60,9.15,9.15,550,55525,10.36,9.00,9.10
09.03.21 13:30:59,9.05,9.20,8.95,9.20,350,54775,10.36,8.90,9.05
09.03.21 13:31:59,9.00,9.00,8.20,8.20,2175,54775,10.35,8.10,8.20
09.03.21 13:32:59,8.20,8.25,8.15,8.15,500,54775,10.35,8.15,8.30
09.03.21 13:33:59,8.25,8.25,8.05,8.05,4875,54200,10.33,8.05,8.15
09.03.21 13:34:59,8.05,8.30,8.05,8.25,1925,54200,10.33,8.10,8.20
09.03.21 13:35:59,8.05,8.50,8.05,8.35,1700,54200,10.32,8.25,8.35
09.03.21 13:36:59,8.35,8.35,8.10,8.25,725,54125,10.32,8.25,8.35
09.03.21 13:37:59,8.30,8.30,8.25,8.25,125,54125,10.32,8.25,8.35
09.03.21 13:38:59,8.40,8.50,8.20,8.20,775,54125,10.32,8.15,8.30
09.03.21 13:39:59,8.25,8.35,8.25,8.25,300,54225,10.32,8.15,8.30
09.03.21 13:40:59,8.15,8.55,8.05,8.25,1400,54225,10.31,8.20,8.30
09.03.21 13:41:59,8.30,8.45,8.20,8.35,1825,54225,10.31,8.35,8.45
09.03.21 13:42:59,8.30,8.40,8.30,8.35,650,54225,10.30,8.35,8.40
09.03.21 13:43:59,8.35,8.85,8.35,8.75,400,54225,10.30,8.70,8.85
09.03.21 13:44:59,8.75,9.20,8.75,9.10,1550,54225,10.30,9.00,9.10
09.03.21 13:45:59,9.20,9.75,9.05,9.55,1325,54600,10.30,9.40,9.50
09.03.21 13:46:59,9.35,9.50,8.90,8.90,1475,54600,10.30,8.80,9.00
09.03.21 13:47:59,8.85,9.00,8.60,8.90,1975,54600,10.29,8.75,8.90
09.03.21 13:48:59,8.80,9.15,8.80,9.15,1000,55325,10.29,9.10,9.25
09.03.21 13:49:59,9.10,9.15,8.80,8.80,575,55325,10.29,8.55,8.70
09.03.21 13:50:59,8.45,9.05,8.30,9.00,2050,55325,10.28,8.65,8.75
09.03.21 13:51:59,8.65,8.95,8.30,8.85,1300,54975,10.28,8.65,8.80
09.03.21 13:52:59,8.65,8.85,8.40,8.45,1750,54975,10.27,8.40,8.50
09.03.21 13:53:59,8.50,8.50,8.15,8.15,450,54975,10.27,8.25,8.35
09.03.21 13:54:59,8.20,8.25,7.85,8.10,950,55975,10.27,8.05,8.15
09.03.21 13:55:59,8.20,8.45,7.35,7.70,1400,55975,10.26,7.65,7.75
09.03.21 13:56:59,7.70,8.00,7.60,7.90,800,55975,10.26,7.80,7.95
09.03.21 13:57:59,7.65,7.95,7.65,7.70,500,55725,10.26,7.65,7.75
09.03.21 13:58:59,7.70,7.75,7.65,7.75,325,55725,10.26,7.65,7.75
09.03.21 13:59:59,7.60,7.70,7.55,7.55,775,55725,10.25,7.40,7.55
09.03.21 14:00:59,7.50,8.00,7.35,7.65,1725,55725,10.25,7.55,7.70
09.03.21 14:01:59,7.50,7.55,7.40,7.40,325,55725,10.25,7.30,7.45
09.03.21 14:02:59,7.40,7.55,7.30,7.55,350,55725,10.25,7.50,7.65
09.03.21 14:03:59,7.65,7.65,7.45,7.65,900,55825,10.24,7.55,7.70
09.03.21 14:04:59,7.70,7.70,7.55,7.55,275,55825,10.24,7.50,7.60
09.03.21 14:05:59,7.60,8.05,7.60,7.80,2325,55825,10.23,7.75,7.85
09.03.21 14:06:59,7.70,7.75,7.65,7.70,375,56450,10.23,7.65,7.75
09.03.21 14:07:59,7.65,7.80,7.10,7.70,2750,56450,10.22,7.70,7.80
09.03.21 14:08:59,7.75,7.90,7.75,7.80,250,56450,10.22,7.80,7.90
09.03.21 14:09:59,7.80,7.90,7.80,7.80,650,56300,10.22,7.70,7.85
09.03.21 14:10:59,7.80,8.10,7.70,7.70,1600,56300,10.21,7.65,7.75
09.03.21 14:11:59,7.75,7.90,7.75,7.85,575,56300,10.21,7.85,7.95
09.03.21 14:12:59,7.80,7.90,7.60,7.80,600,56075,10.21,7.75,7.85
09.03.21 14:13:59,7.80,7.80,7.60,7.65,725,56075,10.20,7.70,7.80
09.03.21 14:14:59,7.70,7.70,7.55,7.60,1325,56075,10.20,7.60,7.70
09.03.21 14:15:59,7.75,7.80,7.30,7.30,3275,55675,10.18,7.25,7.35
09.03.21 14:16:59,7.30,7.40,7.00,7.20,1600,55675,10.18,7.10,7.25
09.03.21 14:17:59,7.15,7.25,6.90,7.00,1400,55675,10.17,6.95,7.10
09.03.21 14:18:59,7.05,7.15,6.95,7.15,375,55775,10.17,7.05,7.15
09.03.21 14:19:59,7.20,7.20,6.60,6.65,1775,55775,10.16,6.60,6.70
09.03.21 14:20:59,6.55,6.65,6.35,6.50,1350,55775,10.15,6.40,6.50
09.03.21 14:21:59,6.45,6.45,6.35,6.45,1375,54825,10.15,6.40,6.50
09.03.21 14:22:59,6.50,6.50,6.30,6.40,1375,54825,10.14,6.35,6.50
09.03.21 14:23:59,6.40,6.40,6.35,6.35,975,54825,10.13,6.15,6.35
09.03.21 14:24:59,6.25,6.50,6.25,6.50,1500,54925,10.12,6.40,6.50
09.03.21 14:25:59,6.45,6.85,6.35,6.70,1625,54925,10.12,6.60,6.75
09.03.21 14:26:59,6.70,6.75,6.45,6.60,1300,54925,10.11,6.60,6.70
09.03.21 14:27:59,6.70,6.70,6.55,6.60,1475,54450,10.10,6.55,6.65
09.03.21 14:28:59,6.55,6.65,6.25,6.40,1550,54450,10.09,6.20,6.30
09.03.21 14:29:59,6.30,6.65,6.20,6.65,1650,54450,10.09,6.60,6.70
09.03.21 14:30:59,6.65,6.65,6.30,6.45,1050,52600,10.08,6.50,6.60
09.03.21 14:31:59,6.55,6.55,5.90,5.95,3475,52600,10.06,5.95,6.05
09.03.21 14:32:59,5.95,6.00,5.80,5.90,1325,52600,10.05,5.90,6.00
09.03.21 14:33:59,6.00,6.15,5.70,5.90,1725,52850,10.04,5.90,6.00
09.03.21 14:34:59,5.90,6.05,5.90,6.00,1325,52850,10.03,5.90,6.00
09.03.21 14:35:59,5.90,6.05,5.90,5.95,475,52850,10.03,5.95,6.05
09.03.21 14:36:59,6.05,6.15,5.85,5.90,1075,52875,10.03,5.75,5.85
09.03.21 14:37:59,5.75,5.95,5.75,5.80,1425,52875,10.02,5.70,5.90
09.03.21 14:38:59,5.75,5.95,5.75,5.95,2550,52875,10.00,5.80,5.95
09.03.21 14:39:59,5.85,6.00,5.85,5.85,1400,53225,9.99,5.75,5.85
09.03.21 14:40:59,5.85,5.90,5.80,5.90,750,53225,9.99,5.80,5.90
09.03.21 14:41:59,5.80,6.10,5.80,6.10,725,53225,9.99,6.05,6.20
09.03.21 14:42:59,6.05,6.15,6.05,6.15,125,53225,9.98,5.95,6.05
09.03.21 14:43:59,6.00,6.00,5.80,5.80,825,53800,9.98,5.70,5.80
09.03.21 14:44:59,5.75,5.80,5.75,5.75,525,53800,9.98,5.65,5.75
09.03.21 14:45:59,5.80,5.90,5.80,5.90,1525,53550,9.97,5.85,5.95
09.03.21 14:46:59,6.00,6.00,5.90,5.90,575,53550,9.96,5.95,6.05
09.03.21 14:47:59,5.95,6.15,5.55,5.90,1725,53550,9.95,5.85,5.95
09.03.21 14:48:59,5.75,6.10,5.75,5.85,700,53325,9.95,5.75,5.85
09.03.21 14:49:59,5.85,5.85,5.70,5.70,300,53325,9.95,5.70,5.80
09.03.21 14:50:59,5.70,6.00,5.50,5.85,2575,53325,9.93,5.70,5.80
09.03.21 14:51:59,5.80,6.00,5.80,5.95,1250,53650,9.93,5.95,6.05
09.03.21 14:52:59,5.95,5.95,5.95,5.95,425,53650,9.92,5.90,6.00
09.03.21 14:53:59,5.80,5.95,5.80,5.90,1025,53650,9.92,5.90,6.05
09.03.21 14:54:59,6.00,6.00,5.90,5.90,1150,54350,9.91,5.80,5.90
09.03.21 14:55:59,5.90,6.10,5.75,5.80,4400,54350,9.89,5.95,6.05
09.03.21 14:56:59,6.00,6.15,5.90,6.00,1750,54350,9.88,5.95,6.05
09.03.21 14:57:59,6.00,6.05,5.80,5.80,1825,55325,9.87,5.95,6.05
09.03.21 14:58:59,5.95,6.00,5.90,5.90,450,55325,9.87,5.85,5.90
09.03.21 14:59:59,5.90,6.00,5.85,5.95,1025,55325,9.86,5.80,5.90
09.03.21 15:00:59,5.80,5.80,5.65,5.70,875,54600,9.86,5.65,5.75
09.03.21 15:01:59,5.70,5.75,5.55,5.75,1725,54600,9.85,5.70,5.80
09.03.21 15:02:59,5.60,5.70,5.50,5.55,1575,54600,9.84,5.50,5.60
09.03.21 15:03:59,5.50,5.65,5.25,5.65,1550,55100,9.83,5.50,5.65
09.03.21 15:04:59,5.65,5.85,5.65,5.65,1725,55100,9.82,5.65,5.75
09.03.21 15:05:59,5.65,5.85,5.45,5.45,950,55100,9.81,5.45,5.55
09.03.21 15:06:59,5.50,5.55,5.05,5.05,1725,54250,9.80,5.00,5.15
09.03.21 15:07:59,5.05,5.30,5.05,5.20,950,54250,9.80,5.20,5.30
09.03.21 15:08:59,5.30,5.30,5.00,5.20,2050,54250,9.78,5.05,5.15
09.03.21 15:09:59,5.05,5.85,4.90,5.85,9225,53200,9.73,5.75,5.85
09.03.21 15:10:59,5.80,6.55,5.80,6.55,35300,53200,9.57,6.45,6.55
09.03.21 15:11:59,6.55,6.65,6.20,6.20,8700,53200,9.54,5.90,6.05
09.03.21 15:12:59,5.80,5.85,5.45,5.50,1675,46300,9.53,5.50,5.60
09.03.21 15:13:59,5.55,5.55,5.40,5.50,200,46300,9.53,5.40,5.50
09.03.21 15:14:59,5.40,6.25,5.35,6.10,3975,46300,9.51,6.15,6.25
09.03.21 15:15:59,6.10,6.30,5.90,5.90,1850,46125,9.50,5.90,6.00
09.03.21 15:16:59,5.85,5.85,5.30,5.30,700,46125,9.50,5.25,5.30
09.03.21 15:17:59,5.25,5.25,5.10,5.15,3375,46125,9.48,5.15,5.20
09.03.21 15:18:59,5.15,5.35,5.10,5.25,3250,43775,9.46,5.20,5.30
09.03.21 15:19:59,5.15,5.20,5.15,5.15,1025,43775,9.46,5.10,5.20
09.03.21 15:20:59,5.10,5.25,5.00,5.05,3700,43775,9.44,4.95,5.05
09.03.21 15:21:59,4.90,5.05,4.75,4.90,4675,43000,9.41,4.85,4.95
09.03.21 15:22:59,4.85,4.95,4.75,4.75,4475,43000,9.39,4.70,4.85
09.03.21 15:23:59,4.80,4.80,4.50,4.75,5175,43000,9.36,4.70,4.80
09.03.21 15:24:59,4.80,5.20,4.80,5.20,1800,43325,9.35,5.25,5.35
09.03.21 15:25:59,5.30,5.55,5.30,5.40,2050,43325,9.34,5.35,5.45
09.03.21 15:26:59,5.35,5.55,5.35,5.55,2100,43325,9.33,5.40,5.50
09.03.21 15:27:59,5.45,5.45,5.00,5.00,4500,43800,9.31,5.00,5.10
09.03.21 15:28:59,5.10,5.25,4.75,5.20,975,43800,9.30,4.75,5.20
09.03.21 15:30:00,4.75,5.30,4.75,5.25,225,43800,9.30,4.15,5.00
10.03.21 09:15:59,2.70,2.70,1.15,2.00,600,35775,2.21,1.20,2.00
10.03.21 09:16:59,1.80,2.05,1.25,1.80,6075,35775,1.87,1.65,1.95
10.03.21 09:17:59,1.85,2.00,1.75,1.95,1475,35775,1.86,1.90,2.00
10.03.21 09:18:59,1.95,2.35,1.90,2.25,2400,35775,1.91,2.20,2.40
10.03.21 09:19:59,2.20,2.50,2.15,2.25,3975,35775,2.02,1.60,2.35
10.03.21 09:20:59,2.25,2.50,2.20,2.50,1475,35900,2.06,2.50,2.65
10.03.21 09:21:59,2.55,2.80,2.05,2.40,2300,35900,2.10,1.80,2.45
10.03.21 09:22:59,2.25,2.35,1.95,2.20,3050,35900,2.12,2.10,2.35
10.03.21 09:23:59,2.20,2.25,2.00,2.25,4425,36300,2.12,2.05,2.30
10.03.21 09:24:59,2.25,2.30,1.85,1.85,3400,36300,2.11,1.55,1.95
10.03.21 09:25:59,1.95,2.00,1.65,1.90,2350,36300,2.08,1.45,1.95
10.03.21 09:26:59,1.75,1.95,1.65,1.95,2125,36975,2.06,1.85,1.95
10.03.21 09:27:59,1.95,2.00,1.85,1.85,2625,36975,2.05,1.80,2.05
10.03.21 09:28:59,1.85,2.05,1.80,1.95,1475,36975,2.05,1.80,2.15
10.03.21 09:29:59,1.95,2.00,1.85,2.00,1375,37225,2.04,1.90,2.00
10.03.21 09:30:59,1.95,2.05,1.90,2.05,1600,37225,2.04,1.95,2.05
10.03.21 09:31:59,2.05,2.05,1.85,1.85,450,37225,2.04,1.90,2.05
10.03.21 09:32:59,1.90,2.05,1.90,2.00,1675,38150,2.04,1.95,2.05
10.03.21 09:33:59,2.05,2.15,2.00,2.15,975,38150,2.04,2.05,2.15
10.03.21 09:34:59,2.15,2.15,2.10,2.10,575,38150,2.04,2.15,2.25
10.03.21 09:35:59,2.20,2.20,2.10,2.15,1425,36900,2.04,2.05,2.25
10.03.21 09:36:59,2.15,2.25,2.10,2.20,1225,36900,2.05,2.10,2.25
10.03.21 09:37:59,2.15,2.30,2.10,2.25,1975,36900,2.05,2.20,2.35
10.03.21 09:38:59,2.30,2.40,2.20,2.35,900,36975,2.06,2.30,2.40
10.03.21 09:39:59,2.30,2.30,2.25,2.25,750,36975,2.06,2.25,2.35
10.03.21 09:40:59,2.10,2.25,2.05,2.10,1275,36975,2.06,2.05,2.20
10.03.21 09:41:59,2.10,2.20,2.05,2.15,1325,36300,2.06,2.15,2.30
10.03.21 09:42:59,2.20,2.25,2.15,2.20,1725,36300,2.07,2.20,2.25
10.03.21 09:43:59,2.25,2.25,2.15,2.20,1925,36300,2.07,2.05,2.20
10.03.21 09:44:59,2.15,2.20,2.15,2.15,125,35375,2.07,2.15,2.25
10.03.21 09:45:59,2.25,2.25,2.15,2.25,2325,35375,2.08,2.15,2.30
10.03.21 09:46:59,2.30,2.40,2.25,2.35,1200,35375,2.08,2.30,2.40
10.03.21 09:47:59,2.40,2.40,1.45,2.15,4750,34925,2.08,2.00,2.15
10.03.21 09:48:59,2.10,2.15,2.05,2.05,2225,34925,2.08,2.10,2.20
10.03.21 09:49:59,2.15,2.15,2.10,2.15,750,34925,2.08,2.05,2.20
10.03.21 09:50:59,2.15,2.30,2.15,2.25,1500,34800,2.09,2.15,2.25
10.03.21 09:51:59,2.25,2.30,2.10,2.15,2125,34800,2.09,2.05,2.20
10.03.21 09:52:59,2.10,2.40,2.10,2.15,2275,34800,2.09,2.10,2.15
10.03.21 09:53:59,2.15,2.25,2.05,2.20,2150,35125,2.09,2.15,2.25
10.03.21 09:54:59,2.25,2.40,2.10,2.30,5650,35125,2.10,2.05,2.25
10.03.21 09:55:59,2.20,2.40,2.15,2.20,3300,35125,2.11,2.20,2.45
10.03.21 09:56:59,2.35,2.40,2.20,2.35,1600,34125,2.11,2.30,2.35
10.03.21 09:57:59,2.40,2.40,2.25,2.30,1275,34125,2.12,2.30,2.35
10.03.21 09:58:59,2.35,2.35,2.15,2.35,575,34125,2.12,2.25,2.40
10.03.21 09:59:59,2.30,2.40,2.20,2.25,1250,36550,2.12,2.25,2.35
10.03.21 10:00:59,2.30,2.45,2.25,2.45,2075,36550,2.13,2.40,2.60
10.03.21 10:01:59,2.40,2.50,2.35,2.40,800,36550,2.13,2.30,2.40
10.03.21 10:02:59,2.30,2.35,2.20,2.20,2225,35625,2.13,2.20,2.25
10.03.21 10:03:59,2.20,2.40,2.20,2.40,1075,35625,2.14,2.25,2.35
10.03.21 10:04:59,2.30,2.40,2.20,2.35,1375,35625,2.14,2.35,2.40
10.03.21 10:05:59,2.35,2.40,2.30,2.35,850,34425,2.14,2.30,2.40
10.03.21 10:06:59,2.35,2.45,2.35,2.45,750,34425,2.14,2.30,2.45
10.03.21 10:07:59,2.35,2.40,2.30,2.35,1025,34425,2.14,2.30,2.40
10.03.21 10:08:59,2.35,2.40,2.35,2.40,1225,34175,2.15,2.30,2.50
10.03.21 10:09:59,2.30,2.60,2.30,2.45,1150,34175,2.15,2.30,2.45
10.03.21 10:10:59,2.35,2.45,2.35,2.35,950,34175,2.15,2.30,2.35
10.03.21 10:11:59,2.35,2.45,2.30,2.30,1125,34000,2.15,2.35,2.45
10.03.21 10:12:59,2.40,2.40,2.20,2.25,1475,34000,2.16,2.20,2.40
10.03.21 10:13:59,2.30,2.40,2.20,2.25,1375,34000,2.16,2.25,2.40
10.03.21 10:14:59,2.30,2.35,2.15,2.35,575,33825,2.16,2.25,2.35
10.03.21 10:15:59,2.35,2.35,2.20,2.30,725,33825,2.16,2.15,2.30
10.03.21 10:17:59,2.25,2.25,2.25,2.25,100,34125,2.16,2.20,2.35
10.03.21 10:18:59,2.25,2.35,2.25,2.35,500,34125,2.16,2.30,2.45
10.03.21 10:19:59,2.30,2.40,2.30,2.35,500,34125,2.16,2.30,2.50
10.03.21 10:20:59,2.30,2.35,2.25,2.30,1200,34400,2.16,2.20,2.35
10.03.21 10:21:59,2.25,2.40,2.25,2.30,400,34400,2.16,2.25,2.55
10.03.21 10:22:59,2.30,2.40,2.30,2.40,650,34400,2.16,2.30,2.40
10.03.21 10:23:59,2.45,2.45,2.30,2.45,425,33825,2.16,2.25,2.50
10.03.21 10:24:59,2.40,2.40,2.25,2.30,600,33825,2.16,2.15,2.40
10.03.21 10:25:59,2.15,2.40,2.15,2.25,750,33825,2.16,2.25,2.35
10.03.21 10:26:59,2.20,2.40,2.20,2.30,1050,33700,2.17,2.15,2.45
10.03.21 10:27:59,2.30,2.35,2.20,2.35,675,33700,2.17,2.15,2.35
10.03.21 10:28:59,2.25,2.45,2.20,2.30,1175,33700,2.17,2.25,2.35
10.03.21 10:29:59,2.30,2.35,2.20,2.20,550,33600,2.17,2.15,2.35
10.03.21 10:30:59,2.15,2.30,2.15,2.20,1275,33600,2.17,2.15,2.25
10.03.21 10:31:59,2.15,2.30,2.10,2.15,2225,33600,2.17,2.05,2.15
10.03.21 10:32:59,2.15,2.15,2.05,2.15,2050,33025,2.17,2.05,2.15
10.03.21 10:33:59,2.05,2.25,2.05,2.10,1250,33025,2.17,2.05,2.20
10.03.21 10:34:59,2.20,2.25,2.15,2.15,800,33025,2.17,2.05,2.20
10.03.21 10:35:59,2.20,2.25,2.15,2.25,1375,33075,2.17,2.20,2.30
10.03.21 10:36:59,2.20,2.30,2.15,2.20,600,33075,2.17,2.00,2.35
10.03.21 10:37:59,2.20,2.30,2.15,2.25,350,33075,2.17,2.20,2.50
10.03.21 10:38:59,2.35,2.55,2.30,2.40,1425,32500,2.17,2.10,2.50
10.03.21 10:39:59,2.40,2.55,2.15,2.40,3025,32500,2.18,2.30,2.55
10.03.21 10:40:59,2.55,2.60,2.45,2.60,825,32500,2.18,2.30,2.55
10.03.21 10:41:59,2.55,2.65,2.45,2.50,2225,33825,2.18,2.45,2.55
10.03.21 10:42:59,2.55,2.55,2.45,2.50,1350,33825,2.19,2.50,2.65
10.03.21 10:43:59,2.55,2.60,2.50,2.60,1450,33825,2.19,2.50,2.65
10.03.21 10:44:59,2.60,2.75,2.45,2.50,1625,32775,2.20,2.50,2.75
10.03.21 10:45:59,2.60,2.60,2.45,2.60,625,32775,2.20,2.05,2.75
10.03.21 10:46:59,2.50,2.60,2.40,2.45,1400,32775,2.20,2.20,2.55
10.03.21 10:47:59,2.45,2.60,2.45,2.60,525,33100,2.20,2.10,2.65
10.03.21 10:48:59,2.50,2.50,2.40,2.45,700,33100,2.20,2.25,2.50
10.03.21 10:49:59,2.50,2.50,2.40,2.50,775,33100,2.20,2.30,2.45
10.03.21 10:50:59,2.45,2.50,2.40,2.50,300,33000,2.20,2.25,2.55
10.03.21 10:51:59,2.50,2.55,2.45,2.55,1075,33000,2.21,2.45,2.70
10.03.21 10:52:59,2.60,2.65,2.45,2.45,900,33000,2.21,2.35,2.60
10.03.21 10:53:59,2.50,2.60,2.45,2.55,1025,34075,2.21,2.35,2.55
10.03.21 10:54:59,2.50,2.55,2.40,2.50,2625,34075,2.22,2.45,2.65
10.03.21 10:55:59,2.50,2.60,2.40,2.40,925,34075,2.22,2.40,2.45
10.03.21 10:56:59,2.45,2.55,2.40,2.55,1500,33575,2.22,2.45,2.55
10.03.21 10:57:59,2.45,2.55,2.40,2.40,1500,33575,2.22,2.30,2.40
10.03.21 10:58:59,2.40,2.45,2.05,2.10,3475,33575,2.22,2.15,2.25
10.03.21 10:59:59,2.20,2.30,2.15,2.15,2450,33500,2.22,2.10,2.15
10.03.21 11:00:59,2.15,2.25,2.00,2.15,1550,33500,2.22,2.15,2.20
10.03.21 11:01:59,2.15,2.20,2.10,2.10,1075,33500,2.22,2.05,2.10
10.03.21 11:02:59,2.15,2.15,2.10,2.10,650,32875,2.22,2.05,2.15
10.03.21 11:03:59,2.15,2.20,2.05,2.05,775,32875,2.22,2.05,2.10
10.03.21 11:04:59,2.05,2.15,2.00,2.10,675,32875,2.22,2.00,2.15
10.03.21 11:05:59,2.05,2.15,2.05,2.15,925,32700,2.22,2.10,2.20
10.03.21 11:06:59,2.15,2.15,2.10,2.10,750,32700,2.22,2.10,2.25
10.03.21 11:07:59,2.20,2.20,2.10,2.15,1050,32700,2.22,2.10,2.20
10.03.21 11:08:59,2.20,2.25,2.15,2.20,950,32375,2.22,2.15,2.25
10.03.21 11:09:59,2.15,2.35,2.15,2.25,1275,32375,2.22,2.25,2.35
10.03.21 11:10:59,2.35,2.40,2.25,2.35,1550,32375,2.22,2.30,2.40
10.03.21 11:11:59,2.30,2.40,2.20,2.20,1625,31400,2.22,2.20,2.35
10.03.21 11:12:59,2.35,2.35,2.20,2.20,825,31400,2.22,2.20,2.35
10.03.21 11:13:59,2.30,2.40,2.25,2.25,1350,31400,2.22,2.30,2.35
10.03.21 11:14:59,2.30,2.35,2.20,2.35,1250,31325,2.22,2.35,2.45
10.03.21 11:15:59,2.35,2.40,2.20,2.40,750,31325,2.22,2.30,2.50
10.03.21 11:16:59,2.30,2.35,2.30,2.35,425,31325,2.22,2.30,2.50
10.03.21 11:18:59,2.50,2.50,2.30,2.30,825,31325,2.22,2.30,2.35
10.03.21 11:19:59,2.30,2.30,2.25,2.25,175,31325,2.22,2.25,2.40
10.03.21 11:20:59,2.25,2.45,2.25,2.30,775,31425,2.22,2.25,2.45
10.03.21 11:21:59,2.45,2.45,2.45,2.45,25,0,2.22,2.25,2.40
10.03.21 11:22:59,2.30,2.35,2.30,2.30,425,31425,2.22,2.30,2.45
10.03.21 11:23:59,2.35,2.35,2.25,2.30,825,31425,2.22,2.25,2.40
10.03.21 11:24:59,2.25,2.30,2.20,2.20,850,31325,2.22,2.25,2.35
10.03.21 11:25:59,2.25,2.30,2.05,2.15,3350,31325,2.22,2.05,2.30
10.03.21 11:26:59,2.25,2.35,2.10,2.35,425,31625,2.22,2.20,2.40
10.03.21 11:27:59,2.30,2.30,2.05,2.20,1000,31625,2.22,2.05,2.30
10.03.21 11:28:59,2.25,2.25,2.20,2.20,100,31625,2.22,2.10,2.25
10.03.21 11:29:59,2.25,2.25,1.95,2.05,2050,32550,2.22,1.90,2.15
10.03.21 11:30:59,2.10,2.35,2.10,2.20,1375,32550,2.22,2.05,2.25
10.03.21 11:31:59,2.25,2.25,2.10,2.10,575,32550,2.22,2.10,2.20
10.03.21 11:32:59,2.15,2.20,2.10,2.15,925,32700,2.22,2.15,2.25
10.03.21 11:33:59,2.20,2.25,2.15,2.25,500,32700,2.22,2.15,2.35
10.03.21 11:34:59,2.30,2.35,2.25,2.25,325,32700,2.22,2.20,2.35
10.03.21 11:35:59,2.20,2.25,2.15,2.20,575,32525,2.22,2.15,2.25
10.03.21 11:36:59,2.20,2.25,2.20,2.25,100,32525,2.22,2.15,2.30
10.03.21 11:37:59,2.25,2.25,2.25,2.25,300,32525,2.22,2.20,2.35
10.03.21 11:39:59,2.30,2.35,2.30,2.30,425,32575,2.22,2.20,2.35
10.03.21 11:40:59,2.35,2.35,2.10,2.35,325,32575,2.22,2.10,2.35
10.03.21 11:41:59,2.35,2.40,2.30,2.30,525,32125,2.22,2.20,2.45
10.03.21 11:42:59,2.35,2.35,2.20,2.25,550,32125,2.22,1.90,2.30
10.03.21 11:43:59,2.20,2.30,2.20,2.30,50,32125,2.22,2.10,2.35
10.03.21 11:44:59,2.25,2.35,2.20,2.25,800,32100,2.22,2.25,2.35
10.03.21 11:45:59,2.30,2.30,2.25,2.30,550,32100,2.22,2.30,2.40
10.03.21 11:46:59,2.30,2.30,2.20,2.20,800,32100,2.22,2.20,2.30
10.03.21 11:48:59,2.25,2.25,2.10,2.25,675,31825,2.22,2.10,2.30
10.03.21 11:49:59,2.30,2.30,2.25,2.30,300,31825,2.22,2.20,2.35
10.03.21 11:50:59,2.20,2.25,2.15,2.15,525,31775,2.22,2.20,2.25
10.03.21 11:51:59,2.15,2.20,2.05,2.15,850,31775,2.22,1.95,2.15
10.03.21 11:52:59,2.05,2.20,2.05,2.20,450,31775,2.22,1.80,2.25
10.03.21 11:53:59,2.15,2.20,2.15,2.20,175,31775,2.22,2.05,2.20
10.03.21 11:54:59,2.20,2.25,2.15,2.15,775,32050,2.22,2.20,2.30
10.03.21 11:55:59,2.20,2.20,2.15,2.15,1125,32050,2.22,2.15,2.25
10.03.21 11:56:59,2.25,2.30,2.20,2.25,675,31350,2.22,2.15,2.30
10.03.21 11:57:59,2.20,2.20,2.15,2.20,825,31350,2.22,2.10,2.20
10.03.21 11:58:59,2.20,2.20,2.15,2.15,225,31350,2.22,2.15,2.25
10.03.21 11:59:59,2.10,2.15,2.05,2.05,625,31325,2.22,1.85,2.15
10.03.21 12:00:59,2.10,2.10,2.00,2.10,575,31325,2.22,1.70,2.20
10.03.21 12:01:59,2.15,2.15,2.00,2.05,1075,31325,2.22,1.90,2.15
10.03.21 12:02:59,2.05,2.15,1.95,2.10,1075,31325,2.22,1.65,2.10
10.03.21 12:03:59,2.10,2.15,2.00,2.15,2700,31775,2.22,2.10,2.20
10.03.21 12:04:59,2.15,2.20,1.95,1.95,4150,31775,2.21,1.95,2.05
10.03.21 12:05:59,1.95,2.05,1.85,1.85,750,31775,2.21,1.85,1.95
10.03.21 12:06:59,2.00,2.00,1.80,1.85,550,30500,2.21,1.40,1.85
10.03.21 12:07:59,1.85,1.95,1.80,1.95,1000,30500,2.21,1.90,2.05
10.03.21 12:08:59,1.90,1.90,1.75,1.80,1850,30500,2.21,1.80,1.90
10.03.21 12:09:59,1.80,2.00,1.80,1.90,1625,29975,2.20,1.80,1.90
10.03.21 12:10:59,1.95,2.00,1.85,1.95,1300,29975,2.20,1.95,2.00
10.03.21 12:11:59,1.95,1.95,1.55,1.60,3000,29975,2.20,1.60,1.65
10.03.21 12:12:59,1.65,1.70,1.60,1.60,925,29575,2.19,1.55,1.65
10.03.21 12:13:59,1.60,1.65,1.55,1.60,875,29575,2.19,1.55,1.65
10.03.21 12:14:59,1.60,1.80,1.55,1.80,1525,29575,2.19,1.55,1.80
10.03.21 12:15:59,1.80,1.85,1.60,1.70,800,28200,2.18,1.65,1.80
10.03.21 12:16:59,1.70,1.75,1.65,1.70,375,28200,2.18,1.70,1.75
10.03.21 12:17:59,1.80,1.80,1.65,1.70,600,28200,2.18,1.75,1.80
10.03.21 12:18:59,1.80,1.85,1.70,1.85,1100,28500,2.18,1.85,1.95
10.03.21 12:19:59,1.85,1.95,1.75,1.80,850,28500,2.18,1.80,1.95
10.03.21 12:20:59,1.80,1.95,1.80,1.90,500,28500,2.18,1.85,1.95
10.03.21 12:21:59,2.00,2.00,1.90,2.00,400,28925,2.18,1.85,1.95
10.03.21 12:22:59,1.95,2.05,1.85,1.85,1275,28925,2.18,1.80,1.95
10.03.21 12:23:59,1.85,1.95,1.85,1.90,1025,28925,2.18,1.85,1.95
10.03.21 12:24:59,1.90,2.00,1.90,1.90,1175,29525,2.17,1.80,1.95
10.03.21 12:25:59,1.95,2.15,1.95,2.00,1675,29525,2.17,1.75,2.15
10.03.21 12:26:59,2.05,2.25,1.85,2.10,2050,29525,2.17,2.05,2.15
10.03.21 12:27:59,2.10,2.20,1.95,2.10,2225,28150,2.17,1.95,2.25
10.03.21 12:28:59,1.95,2.20,1.95,2.00,1825,28150,2.17,2.00,2.10
10.03.21 12:29:59,2.05,2.05,1.95,2.00,525,28150,2.17,2.00,2.05
10.03.21 12:30:59,2.10,2.25,2.10,2.20,625,28350,2.17,2.15,2.35
10.03.21 12:31:59,2.10,2.15,2.10,2.10,875,28350,2.17,2.10,2.15
10.03.21 12:32:59,2.20,2.30,2.10,2.25,2050,28350,2.17,2.20,2.45
10.03.21 12:33:59,2.45,2.45,2.15,2.20,1375,29350,2.17,2.15,2.25
10.03.21 12:34:59,2.20,2.30,2.15,2.15,775,29350,2.17,2.15,2.25
10.03.21 12:35:59,2.10,2.20,2.05,2.20,675,29350,2.17,2.10,2.20
10.03.21 12:36:59,2.20,2.20,2.10,2.15,600,29550,2.17,2.10,2.20
10.03.21 12:37:59,2.20,2.30,2.15,2.30,475,29550,2.17,2.25,2.35
10.03.21 12:38:59,2.15,2.25,2.15,2.20,475,29550,2.17,2.10,2.25
10.03.21 12:39:59,2.05,2.20,2.05,2.10,725,29700,2.17,2.05,2.20
10.03.21 12:40:59,2.15,2.30,2.10,2.30,550,29700,2.17,2.20,2.25
10.03.21 12:41:59,2.40,2.40,2.10,2.15,850,29700,2.17,2.20,2.30
10.03.21 12:42:59,2.20,2.30,2.15,2.20,950,29925,2.17,2.00,2.20
10.03.21 12:43:59,2.15,2.15,2.15,2.15,325,29925,2.17,2.10,2.20
10.03.21 12:44:59,2.20,2.20,2.15,2.20,675,29925,2.17,2.15,2.25
10.03.21 12:45:59,2.25,2.30,2.15,2.25,1475,29700,2.17,2.20,2.25
10.03.21 12:46:59,2.25,2.25,2.15,2.20,825,29700,2.17,2.20,2.35
10.03.21 12:47:59,2.25,2.30,2.20,2.20,550,29700,2.17,2.10,2.25
10.03.21 12:48:59,2.15,2.25,2.10,2.20,475,29700,2.17,2.10,2.20
10.03.21 12:49:59,2.15,2.15,2.15,2.15,400,29075,2.17,2.10,2.25
10.03.21 12:50:59,2.10,2.15,2.10,2.15,200,29075,2.17,2.05,2.15
10.03.21 12:51:59,2.15,2.20,2.15,2.15,625,28825,2.17,2.10,2.20
10.03.21 12:52:59,2.20,2.20,2.10,2.15,550,28825,2.17,2.05,2.15
10.03.21 12:53:59,2.15,2.15,2.10,2.15,1200,28825,2.17,2.05,2.15
10.03.21 12:54:59,2.15,2.15,2.15,2.15,125,28250,2.17,2.05,2.15
10.03.21 12:55:59,2.05,2.10,2.05,2.10,325,28250,2.17,2.05,2.15
10.03.21 12:56:59,2.10,2.10,2.00,2.05,175,28250,2.17,2.05,2.15
10.03.21 12:57:59,2.00,2.10,2.00,2.10,675,28050,2.17,2.00,2.20
10.03.21 12:58:59,2.05,2.15,2.00,2.05,325,28050,2.17,1.95,2.10
10.03.21 12:59:59,2.05,2.05,2.05,2.05,100,28050,2.17,1.95,2.10
10.03.21 13:00:59,2.00,2.05,2.00,2.05,200,28050,2.17,1.95,2.15
10.03.21 13:01:59,2.00,2.05,2.00,2.05,200,28050,2.17,2.00,2.10
10.03.21 13:02:59,2.10,2.10,1.90,1.90,450,28050,2.17,1.90,2.15
10.03.21 13:03:59,1.95,1.95,1.70,1.85,650,27925,2.17,1.85,1.95
10.03.21 13:04:59,1.85,1.90,1.70,1.75,2525,27925,2.16,1.65,1.75
10.03.21 13:05:59,1.75,1.75,1.60,1.60,2425,27925,2.16,1.50,1.65
10.03.21 13:06:59,1.55,1.65,1.55,1.60,1850,28150,2.16,1.50,1.60
10.03.21 13:07:59,1.70,1.70,1.50,1.55,1150,28150,2.15,1.40,1.60
10.03.21 13:08:59,1.65,1.65,1.50,1.60,625,28150,2.15,1.55,1.65
10.03.21 13:09:59,1.60,1.60,1.45,1.50,875,28275,2.15,1.45,1.55
10.03.21 13:10:59,1.55,1.55,1.50,1.55,450,28275,2.15,1.45,1.55
10.03.21 13:11:59,1.55,1.70,1.55,1.60,225,28275,2.15,1.50,1.60
10.03.21 13:12:59,1.55,1.55,1.55,1.55,50,28275,2.15,1.60,1.70
10.03.21 13:13:59,1.60,1.70,1.50,1.55,1100,27900,2.15,1.50,1.65
10.03.21 13:14:59,1.60,1.60,1.50,1.55,700,27900,2.14,1.45,1.70
10.03.21 13:15:59,1.55,1.65,1.55,1.65,725,28100,2.14,1.45,1.75
10.03.21 13:16:59,1.60,1.85,1.50,1.85,975,28100,2.14,1.75,1.95
10.03.21 13:17:59,1.90,2.05,1.80,1.90,1500,28100,2.14,1.80,1.95
10.03.21 13:18:59,1.95,1.95,1.85,1.85,900,28475,2.14,1.85,1.95
10.03.21 13:19:59,1.90,1.95,1.90,1.90,275,28475,2.14,1.75,2.00
10.03.21 13:20:59,1.95,2.00,1.80,1.85,1100,28475,2.14,1.80,1.90
10.03.21 13:21:59,1.85,1.85,1.55,1.65,1850,28475,2.14,1.60,1.70
10.03.21 13:22:59,1.55,1.60,1.55,1.55,475,28475,2.13,1.50,1.65
10.03.21 13:23:59,1.65,1.70,1.55,1.70,400,28475,2.13,1.70,1.75
10.03.21 13:24:59,1.75,1.75,1.65,1.70,250,28450,2.13,1.70,1.80
10.03.21 13:25:59,1.65,1.70,1.55,1.65,1325,28450,2.13,1.55,1.75
10.03.21 13:26:59,1.65,1.75,1.50,1.60,1500,28450,2.13,1.60,1.85
10.03.21 13:27:59,1.60,1.70,1.50,1.65,4425,27325,2.12,1.65,1.75
10.03.21 13:28:59,1.60,1.65,1.60,1.65,350,27325,2.12,1.60,1.70
10.03.21 13:29:59,1.70,1.75,1.55,1.60,300,27325,2.12,1.50,1.65
10.03.21 13:30:59,1.50,1.55,1.45,1.45,700,25850,2.12,1.50,1.60
10.03.21 13:31:59,1.45,1.55,1.45,1.45,725,25850,2.12,1.45,1.60
10.03.21 13:32:59,1.45,1.60,1.45,1.60,475,25850,2.11,1.45,1.65
10.03.21 13:33:59,1.55,1.60,1.35,1.50,1400,25800,2.11,1.30,1.45
10.03.21 13:34:59,1.40,1.50,1.35,1.35,775,25800,2.11,1.40,1.50
10.03.21 13:35:59,1.50,1.50,1.50,1.50,1150,25800,2.11,1.40,1.50
10.03.21 13:36:59,1.50,1.50,1.35,1.40,600,25800,2.11,1.30,1.45
10.03.21 13:37:59,1.30,1.50,1.30,1.50,200,25800,2.11,1.30,1.45
10.03.21 13:38:59,1.40,1.45,1.35,1.45,300,25800,2.11,1.35,1.45
10.03.21 13:39:59,1.35,1.40,1.30,1.40,575,25900,2.10,1.35,1.45
10.03.21 13:40:59,1.45,1.45,1.45,1.45,100,25900,2.10,1.30,1.45
10.03.21 13:41:59,1.35,1.35,1.25,1.30,400,25900,2.10,1.30,1.40
10.03.21 13:42:59,1.30,1.35,1.20,1.30,1175,25500,2.10,1.25,1.35
10.03.21 13:43:59,1.20,1.45,1.20,1.45,2175,25500,2.09,1.30,1.40
10.03.21 13:44:59,1.35,1.40,1.30,1.30,850,25500,2.09,1.25,1.30
10.03.21 13:45:59,1.30,1.30,1.30,1.30,25,25500,2.09,1.25,1.35
10.03.21 13:46:59,1.30,1.30,1.25,1.25,325,25450,2.09,1.20,1.30
10.03.21 13:47:59,1.25,1.30,1.25,1.25,200,25450,2.09,1.20,1.25
10.03.21 13:48:59,1.25,1.25,1.10,1.15,2225,25575,2.08,1.15,1.20
10.03.21 13:49:59,1.15,1.15,1.10,1.15,550,25575,2.08,1.10,1.25
10.03.21 13:50:59,1.15,1.15,1.10,1.15,2250,25575,2.07,1.00,1.15
10.03.21 13:51:59,1.15,1.15,1.10,1.10,1125,24550,2.07,1.05,1.10
10.03.21 13:52:59,1.10,1.10,1.00,1.10,1275,24550,2.07,1.05,1.15
10.03.21 13:53:59,1.05,1.10,1.00,1.10,800,24550,2.06,1.05,1.15
10.03.21 13:54:59,1.05,1.15,1.05,1.10,1075,24450,2.06,1.10,1.25
10.03.21 13:55:59,1.10,1.15,1.00,1.00,1925,24450,2.05,0.95,1.05
10.03.21 13:56:59,1.05,1.05,0.90,0.95,850,24450,2.05,0.85,1.00
10.03.21 13:57:59,0.95,1.00,0.80,0.80,1450,23550,2.05,0.80,0.95
10.03.21 13:58:59,0.85,0.90,0.80,0.85,1050,23550,2.04,0.80,1.00
10.03.21 13:59:59,0.90,0.90,0.80,0.90,500,23550,2.04,0.90,1.00
10.03.21 14:00:59,0.95,1.00,0.90,1.00,500,23100,2.04,0.85,1.05
10.03.21 14:01:59,0.95,1.00,0.80,0.95,800,23100,2.04,0.90,0.95
10.03.21 14:02:59,1.00,1.05,0.95,1.00,875,23100,2.03,0.85,1.05
10.03.21 14:03:59,0.95,1.00,0.85,0.95,550,22800,2.03,0.90,1.05
10.03.21 14:04:59,0.95,1.00,0.90,1.00,600,22800,2.03,0.85,1.10
10.03.21 14:05:59,1.00,1.05,0.95,0.95,100,22800,2.03,0.90,1.00
10.03.21 14:06:59,0.90,1.00,0.90,0.90,975,22850,2.03,0.80,1.05
10.03.21 14:07:59,0.90,0.90,0.90,0.90,100,22850,2.03,0.90,1.05
10.03.21 14:08:59,1.00,1.00,0.85,0.90,300,22850,2.02,0.85,1.05
10.03.21 14:09:59,0.95,1.00,0.80,0.90,1575,22675,2.02,0.85,0.90
10.03.21 14:10:59,0.85,0.90,0.85,0.90,350,22675,2.02,0.85,0.90
10.03.21 14:11:59,0.90,1.00,0.85,0.95,1875,22675,2.01,0.90,1.10
10.03.21 14:12:59,0.95,0.95,0.90,0.95,1400,23025,2.01,0.85,0.95
10.03.21 14:13:59,0.95,0.95,0.95,0.95,25,23025,2.01,0.85,0.95
10.03.21 14:15:59,0.95,1.10,0.90,1.00,2000,22875,2.00,0.95,1.05
10.03.21 14:16:59,1.05,1.05,0.90,0.90,1825,22875,2.00,0.90,1.05
10.03.21 14:17:59,0.95,0.95,0.85,0.95,1475,22875,1.99,0.85,0.90
10.03.21 14:18:59,0.90,0.90,0.85,0.85,1075,22900,1.99,0.85,0.90
10.03.21 14:19:59,0.80,0.80,0.80,0.80,500,22900,1.99,0.75,0.85
10.03.21 14:20:59,0.80,0.80,0.80,0.80,75,22900,1.98,0.75,0.90
10.03.21 14:21:59,0.80,0.80,0.80,0.80,50,22900,1.98,0.75,0.90
10.03.21 14:23:59,0.90,0.90,0.75,0.80,600,23425,1.98,0.80,0.90
10.03.21 14:24:59,0.90,0.90,0.90,0.90,225,23425,1.98,0.80,0.90
10.03.21 14:25:59,0.90,0.90,0.90,0.90,25,22975,1.98,0.80,0.85
10.03.21 14:26:59,0.80,0.85,0.75,0.80,925,22975,1.98,0.75,0.80
10.03.21 14:27:59,0.75,0.75,0.70,0.70,500,22475,1.98,0.70,0.75
10.03.21 14:28:59,0.70,0.75,0.65,0.65,775,22475,1.97,0.60,0.70
10.03.21 14:29:59,0.65,0.65,0.60,0.60,700,22475,1.97,0.55,0.65
10.03.21 14:30:59,0.65,0.85,0.60,0.60,550,21600,1.97,0.65,0.80
10.03.21 14:31:59,0.60,0.80,0.60,0.65,400,21600,1.97,0.60,0.65
10.03.21 14:32:59,0.60,0.65,0.55,0.60,350,21600,1.97,0.60,0.75
10.03.21 14:33:59,0.70,0.70,0.55,0.70,650,21650,1.96,0.55,0.80
10.03.21 14:34:59,0.60,0.70,0.55,0.65,875,21650,1.96,0.55,0.75
10.03.21 14:35:59,0.70,0.70,0.55,0.60,225,21650,1.96,0.55,0.65
10.03.21 14:36:59,0.55,0.65,0.55,0.65,975,21450,1.96,0.55,0.65
10.03.21 14:37:59,0.65,0.75,0.50,0.50,1100,21450,1.95,0.55,0.60
10.03.21 14:38:59,0.60,0.65,0.50,0.50,775,21450,1.95,0.50,0.55
10.03.21 14:39:59,0.55,0.55,0.40,0.40,1425,22125,1.94,0.35,0.45
10.03.21 14:40:59,0.40,0.45,0.40,0.40,300,22125,1.94,0.35,0.45
10.03.21 14:41:59,0.40,0.45,0.40,0.40,700,22125,1.94,0.35,0.50
10.03.21 14:42:59,0.40,0.45,0.40,0.45,550,21700,1.94,0.40,0.50
10.03.21 14:43:59,0.40,0.55,0.40,0.45,775,21700,1.93,0.35,0.45
10.03.21 14:45:59,0.40,0.45,0.40,0.40,400,21700,1.93,0.35,0.50
10.03.21 14:46:59,0.35,0.45,0.35,0.45,775,21800,1.93,0.40,0.50
10.03.21 14:47:59,0.40,0.50,0.40,0.40,425,21800,1.93,0.40,0.50
10.03.21 14:48:59,0.35,0.55,0.35,0.55,125,21800,1.92,0.30,0.60
10.03.21 14:49:59,0.50,0.50,0.40,0.40,125,21925,1.92,0.35,0.60
10.03.21 14:50:59,0.60,0.60,0.45,0.45,625,21925,1.92,0.30,0.60
10.03.21 14:51:59,0.40,0.50,0.35,0.40,700,22025,1.92,0.35,0.50
10.03.21 14:52:59,0.40,0.55,0.40,0.50,600,22025,1.92,0.45,0.55
10.03.21 14:53:59,0.55,0.60,0.45,0.50,500,22025,1.91,0.45,0.65
10.03.21 14:54:59,0.50,0.65,0.45,0.50,525,21800,1.91,0.40,0.65
10.03.21 14:55:59,0.50,0.70,0.50,0.55,825,21800,1.91,0.50,0.80
10.03.21 14:56:59,0.80,1.45,0.60,0.65,5250,21800,1.89,0.65,0.70
10.03.21 14:57:59,0.65,0.95,0.65,0.70,2175,21950,1.89,0.55,1.20
10.03.21 14:58:59,0.75,0.90,0.50,0.65,975,21950,1.88,0.50,0.85
10.03.21 14:59:59,0.60,0.80,0.60,0.60,375,21950,1.88,0.55,0.85
10.03.21 15:00:59,0.55,0.85,0.55,0.70,2150,21600,1.87,0.65,0.95
10.03.21 15:01:59,0.70,0.80,0.65,0.70,1525,21600,1.87,0.60,0.80
10.03.21 15:02:59,0.70,0.95,0.50,0.75,1300,21600,1.87,0.70,0.90
10.03.21 15:03:59,0.80,0.80,0.55,0.60,825,20275,1.86,0.50,0.75
10.03.21 15:04:59,0.60,0.65,0.40,0.45,2150,20275,1.86,0.40,0.70
10.03.21 15:05:59,0.50,0.60,0.45,0.45,1625,20275,1.85,0.30,0.80
10.03.21 15:06:59,0.40,0.55,0.30,0.30,325,20275,1.85,0.30,0.50
10.03.21 15:07:59,0.30,0.45,0.30,0.30,1125,21350,1.84,0.30,0.65
10.03.21 15:08:59,0.45,0.45,0.45,0.45,100,21350,1.84,0.30,0.55
10.03.21 15:09:59,0.45,0.45,0.30,0.40,650,21150,1.84,0.35,0.45
10.03.21 15:10:59,0.35,0.40,0.30,0.30,325,21150,1.84,0.30,0.45
10.03.21 15:11:59,0.35,0.35,0.30,0.30,50,21150,1.84,0.25,0.30
10.03.21 15:13:59,0.25,0.25,0.25,0.25,200,20925,1.84,0.20,0.25
10.03.21 15:14:59,0.20,0.20,0.20,0.20,325,20925,1.84,0.15,0.30
10.03.21 15:15:59,0.15,0.20,0.10,0.10,3150,20925,1.82,0.10,0.45
10.03.21 15:16:59,0.10,0.45,0.10,0.30,450,21900,1.82,0.10,0.35
10.03.21 15:17:59,0.30,0.30,0.10,0.10,3350,21900,1.81,0.10,0.20
10.03.21 15:18:59,0.10,0.10,0.10,0.10,175,19325,1.81,0.10,0.20
10.03.21 15:19:59,0.10,0.10,0.10,0.10,50,19325,1.81,0.10,0.20
10.03.21 15:20:59,0.10,0.10,0.10,0.10,75,19325,1.81,0.10,0.20
10.03.21 15:21:59,0.10,0.10,0.10,0.10,125,19325,1.80,0.10,0.20
10.03.21 15:23:59,0.15,0.15,0.10,0.15,1100,19100,1.80,0.10,0.15
10.03.21 15:24:59,0.10,0.10,0.05,0.05,1300,18175,1.79,0.05,0.10
10.03.21 15:25:59,0.05,0.30,0.05,0.30,1300,18175,1.79,0.00,0.30
10.03.21 15:26:59,0.10,0.10,0.10,0.10,325,18175,1.79,0.00,0.30
10.03.21 15:27:59,0.05,0.05,0.05,0.05,300,18175,1.79,0.00,0.50
10.03.21 15:28:59,0.05,0.50,0.05,0.50,75,17000,1.79,0.00,0.65
