0,1,2,3,4,5,6,7,8,9
06.08.21 09:31:59,205.00,205.00,205.00,205.00,25,0,205.00,210.05,215.75
06.08.21 09:32:59,210.65,210.65,210.65,210.65,25,0,207.82,208.65,213.95
06.08.21 09:37:59,189.00,189.00,189.00,189.00,25,0,201.55,195.55,200.40
06.08.21 09:38:59,203.55,203.55,203.55,203.55,25,75,202.05,200.55,206.85
06.08.21 09:41:59,201.55,201.55,201.55,201.55,75,75,202.63,203.55,208.45
06.08.21 09:43:59,204.40,204.40,204.40,204.40,175,175,202.86,198.55,203.85
06.08.21 09:45:59,199.05,199.05,199.05,199.05,25,0,202.61,205.05,211.45
06.08.21 09:47:59,206.55,206.55,206.55,206.55,25,0,202.85,196.05,202.35
06.08.21 09:52:59,203.95,203.95,203.95,203.95,100,0,202.53,199.05,203.95
06.08.21 09:54:59,195.95,196.95,195.95,196.95,75,350,201.67,192.00,198.85
06.08.21 10:00:59,192.25,192.25,192.25,192.25,25,300,201.27,193.55,199.95
06.08.21 10:01:59,199.05,199.05,199.05,199.05,25,0,201.19,195.55,200.95
06.08.21 10:03:59,198.45,198.45,198.45,198.45,50,0,200.78,205.55,210.75
06.08.21 10:07:59,206.85,206.85,206.85,206.85,125,325,201.72,203.55,208.95
06.08.21 10:10:59,198.40,198.40,198.40,198.40,50,325,201.53,196.05,202.95
06.08.21 10:13:59,176.55,176.55,176.55,176.55,100,375,199.61,174.05,181.85
06.08.21 10:14:59,185.00,185.00,185.00,185.00,25,375,199.24,182.05,187.95
06.08.21 10:15:59,192.00,192.00,192.00,192.00,50,400,198.86,191.15,196.95
06.08.21 10:19:59,193.80,193.80,193.80,193.80,50,425,198.51,190.55,193.10
06.08.21 10:35:59,161.05,161.05,161.05,161.05,75,425,196.23,156.55,161.45
06.08.21 10:36:59,156.55,156.55,156.55,156.55,25,0,195.39,150.15,154.95
06.08.21 10:38:59,149.95,149.95,149.95,149.95,25,0,194.44,148.55,153.45
06.08.21 10:47:59,155.00,155.00,155.00,155.00,50,500,192.86,151.85,156.95
06.08.21 10:49:59,144.50,144.50,144.50,144.50,125,500,188.47,145.55,149.95
06.08.21 10:55:59,133.50,133.50,133.50,133.50,50,475,186.54,135.55,139.85
06.08.21 10:56:59,140.00,140.00,140.00,140.00,25,0,185.74,142.55,148.45
06.08.21 11:01:59,152.00,152.00,152.00,152.00,250,550,180.78,151.55,156.20
06.08.21 11:06:59,143.00,143.00,143.00,143.00,100,800,178.68,143.55,147.45
06.08.21 11:13:59,147.85,147.85,147.85,147.85,75,900,177.34,141.05,146.45
06.08.21 11:15:59,140.00,140.00,140.00,140.00,100,950,175.45,138.55,142.85
06.08.21 11:18:59,147.20,147.20,147.20,147.20,50,850,174.75,146.55,153.95
06.08.21 11:27:59,150.00,150.00,150.00,150.00,25,825,174.45,148.05,152.90
06.08.21 11:30:59,150.60,150.60,148.05,148.05,125,850,173.02,146.75,149.95
06.08.21 11:31:59,145.65,145.65,145.65,145.65,25,850,172.71,143.65,147.65
06.08.21 11:32:59,144.65,144.65,144.65,144.65,50,0,172.08,139.05,143.95
06.08.21 11:54:59,143.65,143.65,143.65,143.65,50,950,171.46,141.55,146.90
06.08.21 11:58:59,144.95,144.95,144.95,144.95,25,950,171.17,143.55,148.45
06.08.21 12:05:59,146.00,146.00,146.00,146.00,125,950,169.87,138.55,142.20
06.08.21 12:08:59,144.95,144.95,144.95,144.95,25,0,169.61,140.70,144.95
06.08.21 12:15:59,148.45,148.45,145.20,145.20,50,950,169.16,145.75,147.40
06.08.21 12:18:59,143.95,143.95,143.95,143.95,25,975,168.92,142.05,145.25
06.08.21 12:21:59,145.05,145.05,145.05,145.05,25,1000,168.68,142.65,145.20
06.08.21 12:27:59,156.00,156.00,156.00,156.00,175,0,167.67,149.50,156.25
06.08.21 12:35:59,146.50,146.50,146.50,146.50,150,0,166.53,144.65,146.85
06.08.21 12:46:59,145.40,145.40,145.40,145.40,100,1050,165.82,141.80,146.40
06.08.21 12:48:59,142.80,142.80,142.80,142.80,25,0,165.63,142.70,145.95
06.08.21 12:49:59,142.75,142.75,142.75,142.75,50,1125,165.26,140.25,142.95
06.08.21 12:52:59,139.60,139.60,139.60,139.60,25,1100,165.05,137.70,139.15
06.08.21 12:55:59,139.90,139.90,139.90,139.90,25,1100,164.85,139.85,142.05
06.08.21 12:56:59,139.40,139.40,139.40,139.40,25,1100,164.65,139.85,143.30
06.08.21 12:57:59,141.90,141.90,141.90,141.90,25,1125,164.47,137.70,143.45
06.08.21 12:58:59,138.55,138.55,138.55,138.55,75,0,163.87,138.85,140.80
06.08.21 12:59:59,138.55,138.55,138.55,138.55,25,1125,163.68,136.05,141.40
06.08.21 13:00:59,121.50,121.50,121.50,121.50,225,1300,161.07,127.00,132.95
06.08.21 13:01:59,129.25,133.00,129.25,133.00,325,1300,158.56,133.35,135.05
06.08.21 13:04:59,131.65,131.65,131.65,131.65,25,1625,158.38,130.30,131.75
06.08.21 13:05:59,132.25,135.35,132.25,135.35,150,1625,157.46,134.00,135.30
06.08.21 13:10:59,133.20,133.20,133.20,133.20,25,1550,157.31,130.30,131.55
06.08.21 13:11:59,132.70,132.70,132.70,132.70,25,1550,157.15,131.10,132.30
06.08.21 13:14:59,133.90,133.90,133.90,133.90,25,0,157.01,133.80,135.80
06.08.21 13:17:59,130.65,130.65,130.65,130.65,100,1550,156.39,129.85,130.25
06.08.21 13:18:59,124.70,124.70,124.70,124.70,550,1550,153.13,128.45,129.45
06.08.21 13:21:59,120.95,120.95,118.55,120.95,75,2050,152.61,120.55,122.20
06.08.21 13:22:59,121.40,121.40,121.40,121.40,475,2050,149.77,121.60,122.45
06.08.21 13:23:59,122.40,122.40,122.40,122.40,125,2050,149.14,122.10,123.00
06.08.21 13:24:59,128.50,128.50,128.50,128.50,125,1650,148.69,129.50,130.60
06.08.21 13:25:59,138.00,138.00,138.00,138.00,225,1650,148.17,141.15,142.70
06.08.21 13:26:59,139.45,139.45,139.45,139.45,25,1650,148.13,139.50,140.70
06.08.21 13:28:59,139.50,139.50,139.50,139.50,25,1825,148.09,138.45,139.60
06.08.21 13:29:59,140.35,140.35,139.00,139.00,75,1825,147.98,136.85,138.00
06.08.21 13:31:59,134.80,134.80,134.80,134.80,25,1800,147.92,131.25,131.70
06.08.21 13:34:59,131.90,131.90,131.90,131.90,25,1800,147.86,130.40,131.65
06.08.21 13:39:59,128.90,128.90,128.90,128.90,50,1725,147.70,126.25,127.70
06.08.21 13:40:59,126.50,126.50,126.50,126.50,25,1725,147.61,128.45,129.65
06.08.21 13:41:59,130.70,130.70,130.70,130.70,75,0,147.41,128.45,129.45
06.08.21 13:43:59,133.50,133.50,133.50,133.50,25,1750,147.35,132.60,134.50
06.08.21 13:44:59,132.35,132.35,132.35,132.35,50,1750,147.23,130.10,131.20
06.08.21 13:46:59,130.50,130.50,130.50,130.50,25,1775,147.16,130.75,131.80
06.08.21 13:52:59,126.95,126.95,126.95,126.95,125,0,146.76,127.60,128.55
06.08.21 13:53:59,125.60,125.60,125.60,125.60,275,1775,145.82,124.85,126.00
06.08.21 13:56:59,127.00,127.00,127.00,127.00,150,2000,145.40,126.65,127.90
06.08.21 13:59:59,125.10,125.10,123.75,123.75,175,2150,144.88,122.70,124.55
06.08.21 14:03:59,124.65,124.65,124.40,124.40,100,2100,144.59,124.00,124.85
06.08.21 14:04:59,120.65,120.65,120.65,120.65,50,2100,144.43,120.30,122.20
06.08.21 14:05:59,120.65,120.65,120.65,120.65,25,0,144.35,122.40,123.85
06.08.21 14:07:59,129.00,129.00,129.00,129.00,100,2150,144.13,131.15,131.60
06.08.21 14:09:59,127.85,127.85,127.85,127.85,175,0,143.77,125.50,126.90
06.08.21 14:12:59,124.50,124.50,124.50,124.50,25,0,143.70,123.65,125.00
06.08.21 14:14:59,124.50,124.50,124.50,124.50,25,0,143.64,125.10,126.50
06.08.21 14:15:59,126.95,126.95,126.95,126.95,25,1900,143.58,126.10,127.50
06.08.21 14:16:59,125.55,126.65,125.55,126.65,225,1900,143.04,126.60,127.45
06.08.21 14:21:59,128.00,128.00,128.00,128.00,50,1975,142.94,128.35,130.05
06.08.21 14:26:59,125.10,125.10,125.10,125.10,25,2025,142.88,124.35,126.00
06.08.21 14:28:59,123.90,123.90,123.90,123.90,25,2050,142.82,121.45,122.80
06.08.21 14:30:59,124.55,124.55,124.55,124.55,75,2050,142.65,124.50,125.65
06.08.21 14:35:59,123.20,123.20,123.20,123.20,25,2125,142.58,124.70,125.90
06.08.21 14:36:59,123.75,123.75,123.75,123.75,25,2125,142.53,123.10,124.10
06.08.21 14:38:59,123.45,123.45,123.45,123.45,25,0,142.46,120.90,121.95
06.08.21 14:44:59,119.20,119.20,118.15,119.20,50,0,142.32,115.65,117.00
06.08.21 14:45:59,118.15,118.15,116.05,118.15,100,2175,142.01,118.05,119.70
06.08.21 14:46:59,118.65,118.65,118.65,118.65,25,0,141.94,117.95,119.20
06.08.21 14:48:59,116.60,119.00,115.85,119.00,125,2225,141.57,118.80,119.70
06.08.21 14:55:59,111.70,111.70,111.70,111.70,150,2200,141.05,106.65,109.45
06.08.21 14:56:59,111.35,111.35,109.40,111.35,50,0,140.86,112.65,113.60
06.08.21 14:57:59,114.00,114.00,114.00,114.00,350,2200,139.76,115.05,117.00
06.08.21 14:58:59,113.90,116.50,113.90,116.50,275,2575,138.99,115.75,116.75
06.08.21 15:00:59,116.00,116.00,112.00,112.00,275,2825,138.30,113.30,114.30
06.08.21 15:01:59,117.00,117.00,117.00,117.00,100,2825,138.07,113.60,115.15
06.08.21 15:02:59,115.50,115.50,114.85,114.85,75,2825,137.89,115.35,116.70
06.08.21 15:05:59,116.35,116.35,116.35,116.35,75,0,137.72,114.40,115.70
06.08.21 15:06:59,115.50,115.50,115.50,115.50,50,2800,137.60,115.50,116.10
06.08.21 15:07:59,115.50,115.50,115.50,115.50,50,2800,137.49,114.10,115.45
06.08.21 15:09:59,113.35,113.35,113.35,113.35,100,2800,137.24,113.15,114.60
06.08.21 15:10:59,119.50,119.50,119.50,119.50,375,2875,136.54,116.95,117.80
06.08.21 15:12:59,116.30,116.30,116.30,116.30,125,0,136.29,116.55,117.65
06.08.21 15:13:59,117.60,117.60,117.60,117.60,25,2825,136.24,115.80,118.20
06.08.21 15:15:59,116.80,119.80,116.80,119.80,200,2950,135.89,119.10,120.10
06.08.21 15:16:59,119.80,122.55,119.80,122.55,150,2950,135.68,122.15,123.20
06.08.21 15:17:59,123.05,123.05,123.05,123.05,175,2950,135.46,121.05,122.95
06.08.21 15:18:59,123.05,123.05,122.75,122.75,200,2950,135.22,121.00,122.90
06.08.21 15:19:59,123.85,125.35,123.85,125.35,175,3175,135.05,126.95,128.10
06.08.21 15:20:59,128.35,128.35,128.35,128.35,50,3175,135.03,137.50,139.05
06.08.21 15:21:59,138.30,138.30,138.30,138.30,100,3175,135.05,141.25,143.60
06.08.21 15:22:59,137.65,137.65,137.65,137.65,25,3275,135.05,137.95,139.35
06.08.21 15:24:59,138.90,138.90,138.90,138.90,325,3275,135.19,137.00,138.50
06.08.21 15:25:59,139.00,139.00,139.00,139.00,25,3000,135.20,138.95,141.70
06.08.21 15:26:59,135.80,135.80,135.80,135.80,300,3000,135.18,137.55,140.15
06.08.21 15:27:59,140.50,140.50,140.50,140.50,250,3000,135.28,133.85,142.05
06.08.21 15:28:59,141.90,141.90,141.15,141.15,550,3300,135.54,141.00,142.80
06.08.21 15:30:00,141.60,141.60,141.60,141.60,150,3300,135.61,125.00,146.80
09.08.21 09:15:59,134.45,134.45,122.75,122.75,50,3800,128.60,124.05,131.95
09.08.21 09:17:59,130.00,130.00,130.00,130.00,350,3775,130.82,133.05,139.50
09.08.21 09:18:59,135.50,140.85,135.50,135.50,750,3775,133.93,131.05,134.65
09.08.21 09:19:59,132.15,132.15,132.15,132.15,150,3775,133.81,133.20,136.80
09.08.21 09:20:59,136.10,136.10,136.10,136.10,25,4225,133.85,130.00,132.70
09.08.21 09:21:59,132.00,132.00,132.00,132.00,125,4225,133.55,132.95,134.95
09.08.21 09:22:59,131.80,132.50,131.80,132.50,75,4225,133.49,130.25,132.25
09.08.21 09:23:59,130.15,130.15,130.15,130.15,25,4475,133.44,127.00,129.50
09.08.21 09:25:59,122.10,122.10,122.10,122.10,200,0,132.27,122.50,124.90
09.08.21 09:26:59,122.50,122.50,122.50,122.50,25,4650,132.13,120.90,122.45
09.08.21 09:27:59,116.45,116.45,116.45,116.45,200,4650,130.85,116.10,117.65
09.08.21 09:28:59,116.00,116.00,114.50,116.00,200,4650,129.61,115.15,116.40
09.08.21 09:29:59,115.90,115.90,114.00,115.90,400,4525,127.37,114.85,116.65
09.08.21 09:30:59,116.35,117.10,116.35,117.10,700,4525,124.96,116.20,118.65
09.08.21 09:31:59,119.80,119.80,119.80,119.80,100,4525,124.81,120.20,121.95
09.08.21 09:32:59,122.25,125.45,122.25,125.45,250,4750,124.83,127.75,128.75
09.08.21 09:33:59,128.75,137.25,128.75,137.25,275,4750,125.49,135.40,138.05
09.08.21 09:34:59,138.25,138.25,138.25,138.25,25,4750,125.58,137.20,139.95
09.08.21 09:36:59,139.80,141.55,139.80,139.80,450,4975,126.91,141.90,144.20
09.08.21 09:37:59,149.30,150.00,149.30,149.30,450,4975,128.70,147.45,149.25
09.08.21 09:38:59,144.80,146.80,144.80,146.80,300,4650,129.70,146.80,148.20
09.08.21 09:39:59,151.40,151.40,151.40,151.40,100,4650,130.09,151.05,152.45
09.08.21 09:40:59,154.60,156.55,154.60,154.60,325,4650,131.47,154.50,155.60
09.08.21 09:41:59,175.00,175.00,175.00,175.00,200,4675,132.79,173.80,177.70
09.08.21 09:43:59,172.10,176.10,165.00,165.00,425,4675,135.37,164.95,166.65
09.08.21 09:45:59,167.35,167.35,167.35,167.35,2725,4750,145.80,166.90,168.30
09.08.21 09:46:59,169.60,169.60,169.60,169.60,100,4750,146.06,168.40,169.35
09.08.21 09:47:59,165.55,165.55,165.55,165.55,5075,10675,153.49,164.20,166.30
09.08.21 09:48:59,163.95,163.95,161.00,161.00,1925,10675,154.53,160.80,161.00
09.08.21 09:49:59,159.90,159.90,159.90,159.90,2275,10675,155.24,160.15,161.65
09.08.21 09:50:59,158.50,158.50,158.50,158.50,125,8675,155.26,155.75,157.50
09.08.21 09:51:59,153.60,161.10,153.60,161.10,2675,8675,155.32,162.05,163.00
09.08.21 09:52:59,171.85,171.85,171.85,171.85,1325,8675,155.79,170.95,172.10
09.08.21 09:53:59,179.55,191.65,179.50,189.00,2225,6550,158.51,190.60,192.45
09.08.21 09:54:59,192.30,192.95,189.00,189.00,500,6550,159.16,187.00,188.80
09.08.21 09:55:59,188.70,195.15,188.70,191.45,925,6550,160.32,190.60,192.05
09.08.21 09:56:59,191.90,191.90,183.35,185.60,1000,7000,161.36,184.35,186.00
09.08.21 09:57:59,177.35,177.35,177.35,177.35,125,7000,161.45,177.80,178.75
09.08.21 09:58:59,176.80,176.80,175.90,175.90,125,7000,161.52,175.10,176.35
09.08.21 09:59:59,175.75,179.20,173.10,178.30,325,7075,161.68,181.70,183.30
09.08.21 10:00:59,181.90,185.00,177.65,177.65,325,7075,161.90,177.95,179.20
09.08.21 10:02:59,177.60,181.05,177.60,180.65,125,7225,161.99,180.15,182.45
09.08.21 10:03:59,184.75,184.75,184.75,184.75,75,7225,162.05,182.80,184.35
09.08.21 10:04:59,180.60,181.95,179.25,181.95,100,7225,162.11,180.80,182.25
09.08.21 10:05:59,181.90,181.90,181.00,181.80,375,7275,162.37,181.30,183.10
09.08.21 10:06:59,180.85,180.85,180.85,180.85,25,7275,162.38,178.80,180.20
09.08.21 10:08:59,179.00,179.00,178.90,178.90,75,7275,162.43,176.90,178.55
09.08.21 10:10:59,181.50,181.50,168.45,168.45,250,7150,162.53,169.70,171.20
09.08.21 10:11:59,170.60,170.60,163.30,167.50,325,7300,162.57,166.75,168.25
09.08.21 10:12:59,165.90,168.15,165.90,168.15,100,7300,162.58,168.40,169.80
09.08.21 10:13:59,171.90,171.90,171.90,171.90,150,7300,162.63,175.90,177.45
09.08.21 10:15:59,178.50,178.50,169.90,169.90,100,7425,162.66,167.05,169.00
09.08.21 10:16:59,171.95,171.95,168.00,168.80,150,7425,162.70,168.50,170.15
09.08.21 10:17:59,165.70,165.70,165.70,165.70,25,7425,162.70,167.20,168.95
09.08.21 10:18:59,170.05,170.05,163.30,163.30,225,7550,162.73,166.35,167.75
09.08.21 10:20:59,163.00,168.85,163.00,168.85,225,7650,162.75,168.40,169.75
09.08.21 10:22:59,171.60,171.60,171.60,171.60,200,7650,162.81,171.35,173.75
09.08.21 10:23:59,171.45,171.45,168.40,168.40,50,7850,162.82,166.80,168.40
09.08.21 10:24:59,170.50,170.50,170.50,170.50,75,7850,162.84,168.05,170.05
09.08.21 10:25:59,170.85,179.00,170.85,179.00,575,7850,162.96,178.05,179.40
09.08.21 10:26:59,179.95,180.90,178.50,180.90,700,8375,163.32,179.95,181.40
09.08.21 10:27:59,179.95,179.95,172.95,172.95,525,8375,163.54,172.30,173.90
09.08.21 10:28:59,170.70,174.95,170.70,174.95,175,8375,163.58,175.75,177.95
09.08.21 10:29:59,175.10,175.10,175.10,175.10,75,8800,163.61,176.30,178.15
09.08.21 10:30:59,176.00,176.00,176.00,176.00,100,8800,163.65,173.85,176.20
09.08.21 10:31:59,175.95,175.95,175.95,175.95,25,8800,163.66,170.55,172.45
09.08.21 10:32:59,170.35,170.35,170.35,170.35,25,0,163.66,170.35,171.65
09.08.21 10:33:59,171.00,171.00,171.00,171.00,100,8800,163.68,169.95,171.00
09.08.21 10:35:59,168.25,168.25,168.25,168.25,25,0,163.68,166.45,168.20
09.08.21 10:38:59,160.00,160.00,160.00,160.00,25,8850,163.68,158.30,159.85
09.08.21 10:39:59,158.20,159.10,150.15,151.75,725,8850,163.47,151.35,153.50
09.08.21 10:40:59,150.55,150.55,150.55,150.55,50,8850,163.45,153.45,155.35
09.08.21 10:41:59,155.70,157.10,155.70,157.10,100,8850,163.43,158.10,159.50
09.08.21 10:42:59,158.60,158.60,158.60,158.60,75,8775,163.42,158.10,160.10
09.08.21 10:43:59,159.45,159.45,158.80,158.80,150,8775,163.40,156.70,158.85
09.08.21 10:44:59,159.10,159.10,159.10,159.10,50,8775,163.39,158.40,159.80
09.08.21 10:45:59,154.25,154.25,154.25,154.25,375,8825,163.28,153.70,155.35
09.08.21 10:46:59,151.95,151.95,151.95,151.95,25,8825,163.27,150.00,151.35
09.08.21 10:47:59,150.40,150.40,150.40,150.40,125,0,163.22,146.40,149.35
09.08.21 10:48:59,148.10,148.10,148.10,148.10,150,9050,163.15,147.75,149.20
09.08.21 10:50:59,140.00,140.00,136.75,136.75,100,9050,163.08,132.50,134.90
09.08.21 10:51:59,134.85,140.30,134.85,140.30,75,8975,163.03,142.05,143.05
09.08.21 10:52:59,142.55,142.55,142.55,142.55,25,8975,163.01,142.85,144.60
09.08.21 10:54:59,140.60,145.65,140.60,145.65,50,9025,162.99,146.45,148.55
09.08.21 10:55:59,145.45,145.45,145.45,145.45,25,9025,162.97,147.35,149.10
09.08.21 10:56:59,147.45,149.65,147.45,149.65,75,9050,162.94,148.85,150.35
09.08.21 10:57:59,150.35,151.20,150.00,150.00,175,9050,162.88,143.80,145.90
09.08.21 10:58:59,144.95,144.95,144.95,144.95,175,9050,162.78,143.80,145.45
09.08.21 10:59:59,143.80,143.80,143.80,143.80,50,9050,162.76,143.60,145.30
09.08.21 11:00:59,141.35,141.35,141.35,141.35,100,9150,162.70,142.25,143.90
09.08.21 11:01:59,141.00,141.00,141.00,141.00,25,9150,162.68,140.90,142.55
09.08.21 11:03:59,143.25,143.95,143.25,143.95,125,9275,162.61,143.55,145.05
09.08.21 11:04:59,144.55,144.55,144.55,144.55,175,0,162.53,144.55,145.90
09.08.21 11:05:59,144.55,144.55,144.55,144.55,25,9325,162.52,143.50,145.05
09.08.21 11:06:59,142.00,142.00,141.30,141.30,100,9325,162.46,139.50,140.75
09.08.21 11:07:59,138.75,140.05,138.75,140.05,150,9325,162.36,140.45,141.65
09.08.21 11:09:59,141.70,141.70,141.70,141.70,175,9300,162.26,141.20,143.15
09.08.21 11:10:59,140.25,142.60,140.25,142.60,150,9300,162.18,142.25,143.60
09.08.21 11:12:59,148.00,151.55,148.00,151.05,750,9375,161.90,151.80,153.05
09.08.21 11:13:59,152.90,152.90,152.70,152.70,50,9375,161.89,150.35,151.70
09.08.21 11:14:59,151.40,151.40,151.40,151.40,175,9925,161.84,150.10,151.25
09.08.21 11:15:59,150.45,153.30,150.45,153.30,400,9925,161.74,153.35,154.35
09.08.21 11:16:59,153.30,153.30,153.30,153.30,175,9925,161.70,153.80,154.85
09.08.21 11:17:59,153.15,153.90,153.15,153.90,225,9925,161.65,152.25,153.85
09.08.21 11:18:59,150.00,150.00,149.65,149.65,50,10100,161.64,150.00,151.60
09.08.21 11:20:59,146.75,146.75,146.75,146.75,75,10100,161.61,149.80,151.50
09.08.21 11:21:59,152.00,152.00,152.00,152.00,50,10175,161.59,149.00,151.00
09.08.21 11:23:59,154.05,154.05,154.05,154.05,25,10175,161.59,152.70,154.75
09.08.21 11:24:59,156.35,158.65,156.35,158.65,350,10125,161.52,154.90,156.35
09.08.21 11:26:59,160.00,160.40,160.00,160.40,75,10125,161.52,158.50,160.00
09.08.21 11:27:59,157.05,157.05,157.05,157.05,25,10175,161.52,156.15,157.50
09.08.21 11:28:59,157.60,157.60,157.60,157.60,25,10175,161.51,152.95,154.50
09.08.21 11:29:59,153.15,153.15,151.40,151.40,50,10175,161.50,151.50,152.95
09.08.21 11:30:59,150.05,150.05,148.60,149.90,150,10175,161.46,149.00,150.20
09.08.21 11:33:59,152.25,153.85,152.25,153.85,175,10225,161.42,151.30,153.15
09.08.21 11:35:59,158.45,158.45,158.45,158.45,75,10225,161.41,158.15,159.40
09.08.21 11:36:59,158.35,158.35,158.35,158.35,50,0,161.41,157.15,158.85
09.08.21 11:38:59,155.25,155.25,155.25,155.25,100,10300,161.39,154.00,155.40
09.08.21 11:39:59,156.35,156.35,156.35,156.35,25,10275,161.39,155.10,156.55
09.08.21 11:40:59,155.85,155.85,155.85,155.85,50,0,161.38,155.15,156.20
09.08.21 11:42:59,155.50,155.50,155.50,155.50,25,0,161.38,155.45,157.35
09.08.21 11:44:59,152.75,152.75,152.75,152.75,100,10250,161.36,149.95,151.50
09.08.21 11:45:59,147.45,147.45,147.45,147.45,600,10300,161.19,147.30,148.25
09.08.21 11:46:59,145.00,145.65,143.65,145.65,175,10300,161.12,142.75,144.15
09.08.21 11:47:59,142.85,144.45,142.00,142.00,125,10800,161.06,140.90,142.20
09.08.21 11:48:59,143.20,145.30,143.20,145.30,125,10800,161.01,143.85,144.95
09.08.21 11:49:59,143.70,147.25,143.70,147.25,150,10800,160.95,146.80,147.80
09.08.21 11:51:59,147.25,147.25,147.25,147.25,25,0,160.94,144.40,145.65
09.08.21 11:53:59,145.90,145.90,145.90,145.90,50,10600,160.93,143.20,144.45
09.08.21 11:54:59,143.00,143.00,143.00,143.00,25,10675,160.91,142.85,143.70
09.08.21 11:55:59,144.00,144.00,144.00,144.00,75,10675,160.89,142.30,143.30
09.08.21 11:56:59,143.00,143.00,143.00,143.00,275,10675,160.76,140.05,141.15
09.08.21 11:57:59,141.25,144.60,141.25,144.60,200,10675,160.66,144.95,146.00
09.08.21 11:58:59,142.85,142.85,142.85,142.85,25,10675,160.65,142.95,143.85
09.08.21 11:59:59,144.00,144.20,143.25,144.20,550,10675,160.44,143.70,144.70
09.08.21 12:00:59,144.20,144.20,144.20,144.20,75,11175,160.41,145.25,146.05
09.08.21 12:01:59,143.55,144.75,143.55,144.75,550,11175,160.20,144.05,145.30
09.08.21 12:02:59,142.85,142.85,142.85,142.85,125,11175,160.15,141.10,142.65
09.08.21 12:03:59,136.95,136.95,136.95,136.95,50,10975,160.12,137.85,138.90
09.08.21 12:04:59,138.75,138.75,138.65,138.65,150,10975,160.05,138.20,139.30
09.08.21 12:05:59,139.90,139.90,139.90,139.90,150,10975,159.98,141.00,142.00
09.08.21 12:07:59,138.45,138.45,138.45,138.45,25,10875,159.97,138.30,139.35
09.08.21 12:08:59,137.15,140.90,137.15,140.20,225,10875,159.86,140.10,141.10
09.08.21 12:09:59,140.10,141.90,140.10,141.90,100,10875,159.82,140.45,141.55
09.08.21 12:10:59,141.30,142.25,141.30,142.25,150,10875,159.75,141.65,142.70
09.08.21 12:11:59,142.70,145.30,142.70,145.30,100,10875,159.72,145.25,146.30
09.08.21 12:12:59,145.25,145.25,145.25,145.25,50,10725,159.70,143.70,144.35
09.08.21 12:13:59,144.35,144.35,144.35,144.35,175,10725,159.65,142.95,144.20
09.08.21 12:14:59,142.35,142.35,142.35,142.35,25,10725,159.64,141.45,142.85
09.08.21 12:16:59,137.40,137.40,136.50,136.50,125,10825,159.57,138.20,139.55
09.08.21 12:17:59,139.65,139.65,139.65,139.65,75,10825,159.54,138.85,140.55
09.08.21 12:18:59,138.85,140.80,138.00,138.15,225,10850,159.43,137.40,138.95
09.08.21 12:19:59,137.95,137.95,134.45,134.45,125,10850,159.37,130.80,132.50
09.08.21 12:20:59,131.00,131.80,127.70,130.50,450,10850,159.08,130.15,131.50
09.08.21 12:21:59,130.20,130.95,128.50,128.50,175,10850,158.96,129.10,130.15
09.08.21 12:22:59,128.90,128.90,125.60,125.60,275,10850,158.78,125.45,126.60
09.08.21 12:23:59,125.30,125.30,124.30,124.30,75,10850,158.72,125.60,126.50
09.08.21 12:24:59,126.50,127.00,126.50,127.00,50,11000,158.68,126.95,127.90
09.08.21 12:25:59,129.15,133.50,129.15,133.50,475,11000,158.40,133.60,134.75
09.08.21 12:26:59,133.00,133.00,133.00,133.00,125,11000,158.33,132.70,133.75
09.08.21 12:27:59,135.00,135.00,135.00,135.00,75,11375,158.29,132.95,134.10
09.08.21 12:28:59,133.30,133.30,133.30,133.30,100,11375,158.24,133.20,134.60
09.08.21 12:29:59,130.00,130.00,128.15,128.15,775,11375,157.78,127.50,128.80
09.08.21 12:30:59,126.20,133.35,126.20,133.35,100,11600,157.72,135.20,136.30
09.08.21 12:33:59,134.90,134.90,131.85,131.85,50,11600,157.69,132.75,134.00
09.08.21 12:34:59,133.25,133.25,133.25,133.25,25,11600,157.68,134.80,135.90
09.08.21 12:39:59,136.05,136.05,136.05,136.05,25,11525,157.67,134.60,136.35
09.08.21 12:40:59,135.00,135.85,135.00,135.85,50,11525,157.65,136.05,137.70
09.08.21 12:41:59,139.55,139.55,138.95,139.35,225,11525,157.56,138.15,139.75
09.08.21 12:42:59,138.25,139.05,138.25,139.05,50,11525,157.54,138.15,139.85
09.08.21 12:43:59,138.45,138.45,137.45,137.45,50,11525,157.52,138.25,139.60
09.08.21 12:44:59,139.55,139.55,139.55,139.55,25,11525,157.51,138.85,140.55
09.08.21 12:45:59,138.00,138.00,138.00,138.00,25,11550,157.50,136.75,138.05
09.08.21 12:48:59,134.75,134.75,134.75,134.75,25,11550,157.49,134.25,135.40
09.08.21 12:49:59,135.40,135.45,135.40,135.45,50,11575,157.46,134.85,136.40
09.08.21 12:50:59,135.25,135.25,131.95,131.95,175,11575,157.38,131.35,132.45
09.08.21 12:51:59,133.35,133.35,132.60,133.20,75,11550,157.34,131.80,133.00
09.08.21 12:53:59,133.85,133.85,133.85,133.85,100,11550,157.29,133.15,134.55
09.08.21 12:54:59,132.55,132.55,132.55,132.55,50,11550,157.27,129.25,130.55
09.08.21 12:55:59,127.85,129.30,127.85,128.05,125,11550,157.19,128.05,129.75
09.08.21 12:56:59,128.90,128.90,128.65,128.65,50,11550,157.16,127.85,128.85
09.08.21 12:57:59,129.65,130.75,129.50,130.75,150,11550,157.08,129.95,132.00
09.08.21 12:58:59,130.70,130.70,130.70,130.70,25,11550,157.07,130.55,131.80
09.08.21 13:01:59,131.25,133.70,131.25,133.70,100,11500,157.01,131.05,132.70
09.08.21 13:02:59,131.70,131.70,131.70,131.70,25,11500,157.00,131.20,132.35
09.08.21 13:03:59,133.30,133.30,133.30,133.30,25,11500,156.99,132.60,133.80
09.08.21 13:04:59,132.70,132.70,132.70,132.70,25,11500,156.98,131.95,133.05
09.08.21 13:05:59,132.60,132.60,132.60,132.60,50,11500,156.95,131.35,132.45
09.08.21 13:06:59,130.80,130.80,130.80,130.80,25,11500,156.94,130.20,131.15
09.08.21 13:07:59,130.70,131.50,130.70,131.50,50,11500,156.91,131.40,132.65
09.08.21 13:08:59,129.10,129.10,129.10,129.10,100,11500,156.86,130.00,131.20
09.08.21 13:09:59,129.30,129.30,127.70,127.70,150,11425,156.77,127.75,128.50
09.08.21 13:10:59,123.70,123.70,114.40,116.50,400,11425,156.48,114.80,116.25
09.08.21 13:11:59,115.00,118.95,115.00,118.65,800,11425,155.87,118.25,119.40
09.08.21 13:13:59,119.00,119.00,119.00,119.00,50,11550,155.83,120.65,121.80
09.08.21 13:14:59,129.25,129.25,129.25,129.25,200,11550,155.71,128.85,129.75
09.08.21 13:15:59,126.85,130.75,126.85,130.75,250,11700,155.58,127.80,128.85
09.08.21 13:18:59,126.05,126.05,123.95,123.95,75,11675,155.54,121.00,121.95
09.08.21 13:19:59,126.15,127.15,125.95,127.15,225,11675,155.41,125.90,126.30
09.08.21 13:20:59,127.60,128.90,127.60,128.90,75,11675,155.37,128.65,129.75
09.08.21 13:22:59,132.50,134.05,130.05,131.15,325,11725,155.22,131.90,133.10
09.08.21 13:23:59,132.50,135.00,132.15,132.15,1375,11725,154.68,132.10,133.00
09.08.21 13:24:59,132.50,132.50,132.50,132.50,75,11725,154.65,130.35,131.25
09.08.21 13:26:59,125.30,125.55,124.55,124.55,75,12575,154.61,122.85,123.85
09.08.21 13:27:59,119.50,121.10,119.50,121.10,275,12450,154.43,120.90,122.10
09.08.21 13:28:59,121.90,122.20,121.90,121.90,75,12450,154.38,120.95,121.80
09.08.21 13:29:59,122.25,122.25,119.80,119.80,325,12450,154.19,119.50,120.85
09.08.21 13:30:59,120.70,120.70,117.80,118.75,750,12775,153.71,120.90,121.60
09.08.21 13:31:59,120.70,120.70,119.70,119.75,150,12775,153.61,119.50,120.25
09.08.21 13:32:59,119.15,119.75,119.15,119.75,50,12775,153.58,118.20,119.00
09.08.21 13:33:59,117.30,118.50,114.10,118.50,325,12625,153.36,118.85,119.85
09.08.21 13:34:59,118.30,118.30,118.30,118.30,50,12625,153.33,117.15,117.80
09.08.21 13:35:59,115.15,116.85,113.35,115.00,300,12625,153.12,113.95,114.75
09.08.21 13:36:59,112.00,117.05,112.00,115.35,550,12700,152.75,115.75,116.15
09.08.21 13:37:59,116.15,116.15,114.35,115.70,400,12700,152.49,115.05,115.75
09.08.21 13:38:59,111.35,113.25,110.10,112.90,475,12700,152.15,112.20,113.35
09.08.21 13:39:59,113.00,113.75,111.90,111.90,675,12825,151.69,109.65,110.45
09.08.21 13:40:59,110.65,110.65,103.55,104.40,1000,12825,150.91,105.15,106.05
09.08.21 13:41:59,102.50,104.25,100.10,103.00,1400,12825,149.79,102.35,103.00
09.08.21 13:42:59,103.55,104.00,101.25,103.60,425,12800,149.46,103.05,103.95
09.08.21 13:43:59,104.50,107.25,103.25,106.85,700,12800,148.95,106.60,107.30
09.08.21 13:44:59,106.80,106.80,103.35,103.55,1575,12800,147.82,103.25,104.30
09.08.21 13:45:59,103.00,103.00,97.30,97.30,2400,13400,146.05,96.45,97.60
09.08.21 13:46:59,96.30,98.70,95.00,98.70,1650,13400,144.81,98.20,99.20
09.08.21 13:47:59,100.25,106.00,100.25,106.00,500,13400,144.49,104.60,105.60
09.08.21 13:48:59,104.80,105.15,101.85,102.85,625,14800,144.11,101.25,102.10
09.08.21 13:49:59,101.85,102.00,100.20,102.00,150,14800,144.02,101.70,102.70
09.08.21 13:50:59,100.05,102.35,100.05,102.35,1150,14800,143.29,101.65,102.35
09.08.21 13:51:59,103.40,106.00,103.40,106.00,400,15525,143.07,104.75,106.00
09.08.21 13:52:59,105.05,105.35,102.85,105.30,700,15525,142.67,105.05,105.75
09.08.21 13:53:59,104.65,108.50,104.65,108.50,275,15525,142.53,107.25,108.10
09.08.21 13:54:59,106.50,106.50,105.40,105.40,275,15800,142.39,107.05,108.15
09.08.21 13:55:59,106.50,110.60,106.50,110.60,225,15800,142.28,108.45,109.45
09.08.21 13:56:59,108.75,108.75,108.40,108.40,75,15800,142.25,107.55,108.55
09.08.21 13:57:59,107.85,109.45,107.40,109.45,250,15550,142.13,107.75,108.65
09.08.21 13:58:59,107.40,108.35,106.75,107.10,325,15550,141.97,105.55,106.80
09.08.21 13:59:59,106.80,106.80,106.80,106.80,25,15550,141.96,106.25,107.25
09.08.21 14:00:59,110.75,110.75,110.75,110.75,50,15375,141.94,111.45,112.50
09.08.21 14:01:59,112.20,112.20,111.45,111.90,75,15375,141.91,111.00,111.90
09.08.21 14:03:59,110.40,111.60,110.05,111.60,100,15450,141.86,111.60,112.45
09.08.21 14:04:59,111.60,111.60,111.40,111.40,225,15450,141.77,111.75,112.25
09.08.21 14:05:59,112.50,114.00,112.50,113.15,75,15450,141.74,113.30,114.45
09.08.21 14:06:59,114.60,117.25,114.60,117.25,125,15475,141.69,116.65,117.35
09.08.21 14:07:59,115.05,115.05,112.95,113.10,150,15475,141.63,113.20,114.20
09.08.21 14:08:59,113.40,115.75,113.40,115.75,75,15475,141.60,114.85,115.70
09.08.21 14:09:59,114.10,114.10,111.40,112.15,175,15700,141.54,111.95,112.60
09.08.21 14:10:59,109.55,109.55,109.55,109.55,50,15700,141.51,109.65,110.55
09.08.21 14:11:59,110.00,110.00,110.00,110.00,50,15700,141.49,110.80,111.65
09.08.21 14:12:59,113.55,117.05,113.55,115.95,475,15775,141.33,116.40,116.75
09.08.21 14:13:59,117.15,126.90,117.15,125.75,1150,15775,141.06,125.10,126.05
09.08.21 14:14:59,123.75,126.75,122.20,126.00,1250,15775,140.79,125.35,126.15
09.08.21 14:15:59,125.65,126.90,123.80,126.90,150,16575,140.76,124.40,125.10
09.08.21 14:16:59,126.70,126.70,121.60,121.60,950,16575,140.56,122.10,122.65
09.08.21 14:18:59,121.65,121.65,117.70,118.40,375,17075,140.46,118.35,119.50
09.08.21 14:19:59,121.60,123.00,120.80,123.00,325,17075,140.38,123.80,124.55
09.08.21 14:20:59,124.75,125.70,123.05,124.55,500,17075,140.28,124.55,125.55
09.08.21 14:21:59,124.35,125.30,123.85,123.85,200,17075,140.24,125.35,126.25
09.08.21 14:22:59,124.30,124.30,123.35,123.35,50,17350,140.23,121.95,123.05
09.08.21 14:23:59,118.90,119.45,118.00,118.30,275,17350,140.15,118.35,119.25
09.08.21 14:24:59,118.55,118.55,118.55,118.55,25,17350,140.15,121.35,122.40
09.08.21 14:25:59,122.50,128.20,122.50,127.05,1650,17450,139.87,126.50,127.30
09.08.21 14:26:59,126.10,127.40,125.90,127.40,2500,17450,139.47,126.65,127.55
09.08.21 14:27:59,127.40,127.40,125.30,125.30,1125,19625,139.30,126.10,127.00
09.08.21 14:28:59,129.85,130.95,129.85,130.95,300,19625,139.27,129.75,131.30
09.08.21 14:29:59,130.30,138.90,130.30,138.90,125,19625,139.27,138.15,139.25
09.08.21 14:30:59,138.80,143.40,138.80,143.00,1200,19500,139.31,143.10,143.55
09.08.21 14:31:59,143.55,143.55,135.05,135.05,1100,19500,139.29,134.05,134.75
09.08.21 14:32:59,135.40,139.45,135.40,138.00,1450,19500,139.28,138.00,138.75
09.08.21 14:33:59,139.00,142.65,139.00,140.10,275,18025,139.29,140.25,141.20
09.08.21 14:34:59,140.25,141.10,137.65,137.65,225,18025,139.29,136.45,137.30
09.08.21 14:35:59,136.75,136.75,136.75,136.75,75,18025,139.29,136.10,137.35
09.08.21 14:36:59,136.60,138.30,136.60,138.30,75,18000,139.28,138.25,139.60
09.08.21 14:37:59,139.50,139.50,139.50,139.50,25,18000,139.28,137.65,139.00
09.08.21 14:38:59,139.80,143.95,139.80,143.95,175,18000,139.29,140.75,142.50
09.08.21 14:40:59,145.35,145.35,145.35,145.35,25,17875,139.29,144.05,145.35
09.08.21 14:41:59,142.00,142.00,138.45,138.45,675,17875,139.29,137.50,138.50
09.08.21 14:42:59,132.90,132.90,132.90,132.90,150,17775,139.28,130.65,131.45
09.08.21 14:43:59,124.00,124.00,124.00,124.00,325,17775,139.25,124.80,126.60
09.08.21 14:44:59,126.05,126.05,126.05,126.05,175,17775,139.22,125.70,126.70
09.08.21 14:45:59,123.85,125.45,120.20,120.20,350,17600,139.16,120.80,121.75
09.08.21 14:46:59,121.60,125.95,121.60,125.95,200,17600,139.13,125.90,127.05
09.08.21 14:47:59,126.20,126.20,126.20,126.20,50,17600,139.12,125.15,126.15
09.08.21 14:49:59,123.45,123.45,123.45,123.45,150,0,139.10,122.15,122.95
09.08.21 14:50:59,124.90,126.35,123.80,126.00,150,17775,139.08,126.25,127.00
09.08.21 14:51:59,124.85,124.85,123.90,123.90,225,17775,139.04,122.95,123.85
09.08.21 14:52:59,123.10,125.05,122.75,125.05,500,17900,138.96,124.15,125.35
09.08.21 14:54:59,123.45,123.45,123.45,123.45,25,17900,138.96,122.90,124.20
09.08.21 14:56:59,121.25,122.95,120.15,122.95,200,17800,138.92,121.95,122.85
09.08.21 14:57:59,123.10,124.20,123.10,124.20,75,17800,138.91,122.10,123.35
09.08.21 14:58:59,121.60,121.60,121.60,121.60,25,17950,138.90,121.50,122.65
09.08.21 14:59:59,121.60,121.60,121.60,121.60,75,17950,138.89,121.70,123.40
09.08.21 15:00:59,128.55,128.55,128.55,128.55,300,18125,138.85,128.15,129.05
09.08.21 15:01:59,134.70,134.70,129.80,132.80,900,18125,138.79,131.90,132.90
09.08.21 15:02:59,133.35,133.35,129.65,129.65,175,18125,138.78,130.30,131.35
09.08.21 15:03:59,130.65,133.00,130.65,133.00,650,18125,138.73,131.40,132.45
09.08.21 15:04:59,130.95,131.35,129.70,129.70,175,18300,138.72,129.55,130.60
09.08.21 15:05:59,132.00,132.15,131.30,132.15,325,18300,138.70,132.95,134.15
09.08.21 15:07:59,133.65,133.65,133.65,133.65,350,18325,138.68,133.25,134.20
09.08.21 15:08:59,136.05,138.10,136.05,138.10,250,18325,138.67,137.35,138.15
09.08.21 15:09:59,138.15,138.15,136.30,137.05,350,18800,138.66,137.35,138.70
09.08.21 15:10:59,139.80,146.10,139.80,146.10,425,18800,138.69,144.70,145.75
09.08.21 15:11:59,144.45,144.45,144.45,144.45,25,18800,138.69,139.90,140.85
09.08.21 15:12:59,140.90,140.90,139.85,139.85,200,18675,138.69,139.90,140.55
09.08.21 15:13:59,140.75,141.95,140.75,141.00,175,18675,138.70,140.50,141.50
09.08.21 15:14:59,140.00,140.00,140.00,140.00,25,18675,138.70,139.30,140.45
09.08.21 15:15:59,141.00,142.55,141.00,142.55,50,18675,138.70,141.45,142.55
09.08.21 15:16:59,141.90,141.90,141.90,141.90,225,18550,138.71,141.10,141.95
09.08.21 15:17:59,141.95,141.95,141.95,141.95,25,18550,138.71,140.95,142.00
09.08.21 15:18:59,142.00,142.65,142.00,142.65,1400,18550,138.76,141.15,142.25
09.08.21 15:20:59,143.60,143.60,143.60,143.60,125,18575,138.76,144.50,145.80
09.08.21 15:21:59,145.90,146.45,144.65,146.45,425,18725,138.79,145.75,146.35
09.08.21 15:22:59,145.70,146.90,145.05,145.05,300,18725,138.81,144.40,145.25
09.08.21 15:23:59,146.60,146.80,146.35,146.35,100,18725,138.82,147.05,148.20
09.08.21 15:24:59,147.45,147.75,146.00,146.00,225,18725,138.84,146.10,147.25
09.08.21 15:25:59,147.30,147.40,143.45,143.45,250,18550,138.86,143.40,144.30
09.08.21 15:26:59,143.55,144.65,142.80,144.10,1425,18550,138.92,144.10,145.50
09.08.21 15:27:59,144.75,144.75,144.75,144.75,450,19925,138.94,145.25,146.50
09.08.21 15:28:59,146.90,149.00,146.90,149.00,675,19925,138.99,146.05,147.50
09.08.21 15:30:00,146.60,146.60,146.60,146.60,150,19925,139.00,144.80,146.75
10.08.21 09:15:59,140.15,140.15,140.15,140.15,25,19825,140.15,74.55,139.10
10.08.21 09:16:59,151.95,161.85,139.85,161.85,1925,19825,154.05,158.85,161.60
10.08.21 09:17:59,156.40,159.85,156.40,158.20,125,21150,154.28,156.90,159.70
10.08.21 09:18:59,160.25,160.25,153.20,157.25,1000,21150,155.08,156.05,157.75
10.08.21 09:19:59,155.00,155.00,153.55,153.55,125,21150,155.04,157.60,159.55
10.08.21 09:20:59,159.90,175.00,159.90,175.00,2350,21700,162.60,169.60,171.50
10.08.21 09:21:59,171.05,173.00,168.70,168.70,175,21700,162.82,166.50,168.25
10.08.21 09:22:59,166.50,169.30,159.05,168.00,1975,21700,163.29,168.85,170.00
10.08.21 09:23:59,169.35,169.35,163.75,165.50,1825,22200,163.91,165.35,167.05
10.08.21 09:24:59,166.50,168.95,163.75,168.95,4450,22200,164.93,168.60,168.95
10.08.21 09:25:59,169.85,169.85,159.00,159.00,1125,22200,165.12,165.55,167.00
10.08.21 09:26:59,168.30,175.00,168.30,174.05,600,24875,165.44,174.50,176.00
10.08.21 09:27:59,176.80,185.05,176.20,185.05,625,24875,166.01,185.20,186.65
10.08.21 09:28:59,186.50,190.85,185.00,188.50,3100,24875,169.63,189.20,190.40
10.08.21 09:29:59,189.85,190.85,183.10,185.10,3400,24425,172.32,187.20,188.25
10.08.21 09:30:59,188.20,188.20,183.70,183.70,600,24425,172.68,186.35,187.10
10.08.21 09:31:59,187.45,187.45,180.45,181.85,1225,24425,173.23,180.50,182.10
10.08.21 09:32:59,181.55,181.55,175.45,179.55,375,27200,173.30,179.35,180.80
10.08.21 09:33:59,182.85,182.85,179.95,179.95,300,27200,173.39,180.45,181.30
10.08.21 09:34:59,180.00,181.30,177.00,177.00,275,27200,173.45,177.15,178.85
10.08.21 09:35:59,177.80,181.40,177.45,177.80,375,27600,173.52,179.45,180.75
10.08.21 09:36:59,183.10,186.35,183.10,184.90,575,27600,173.77,183.85,185.45
10.08.21 09:37:59,183.00,184.75,181.65,181.65,1025,27600,174.11,182.35,183.70
10.08.21 09:38:59,183.65,183.65,177.80,182.10,825,27925,174.28,180.70,182.00
10.08.21 09:39:59,180.65,184.70,180.65,184.70,750,27925,174.51,183.70,184.65
10.08.21 09:40:59,183.75,186.55,183.40,184.50,2050,27925,175.16,184.50,185.35
10.08.21 09:41:59,184.55,185.10,184.00,184.80,475,29975,175.30,183.60,184.65
10.08.21 09:42:59,183.70,183.70,183.70,183.70,25,29975,175.31,182.70,184.25
10.08.21 09:43:59,180.80,180.80,171.60,171.60,1925,29975,175.30,174.20,175.00
10.08.21 09:44:59,171.60,172.55,168.80,169.30,3625,32500,174.83,169.50,170.90
10.08.21 09:45:59,170.90,171.15,168.75,171.15,775,32500,174.72,171.45,172.45
10.08.21 09:46:59,173.25,175.05,173.25,175.05,750,32500,174.70,174.00,175.15
10.08.21 09:47:59,177.65,177.65,171.00,171.00,175,34550,174.71,170.75,171.55
10.08.21 09:48:59,171.10,181.05,171.10,180.80,625,34550,174.77,179.45,180.85
10.08.21 09:49:59,178.50,186.00,178.50,185.60,1200,34550,175.02,184.65,185.85
10.08.21 09:50:59,186.00,200.65,185.30,200.65,1450,35075,175.54,199.05,200.20
10.08.21 09:51:59,202.05,208.35,202.05,204.00,725,35075,176.03,204.80,205.90
10.08.21 09:52:59,206.55,210.00,204.50,205.40,1250,35075,176.93,204.65,206.00
10.08.21 09:53:59,207.35,215.85,206.05,214.70,725,35400,177.46,214.10,215.40
10.08.21 09:54:59,214.70,218.25,209.25,209.25,1075,35400,178.30,210.00,211.05
10.08.21 09:55:59,209.90,213.35,208.30,208.30,200,35400,178.44,209.05,210.30
10.08.21 09:56:59,210.10,215.70,208.90,215.70,800,35400,178.96,214.55,216.60
10.08.21 09:57:59,215.80,218.95,214.40,214.40,1350,35400,180.02,214.40,215.90
10.08.21 09:58:59,212.50,215.80,212.50,214.05,300,35400,180.23,211.95,213.80
10.08.21 09:59:59,209.15,209.15,208.00,208.00,100,35975,180.29,206.60,208.10
10.08.21 10:00:59,208.00,208.80,201.55,201.55,300,35975,180.45,202.20,203.75
10.08.21 10:01:59,200.00,203.45,200.00,200.90,1125,35975,180.93,200.80,202.00
10.08.21 10:02:59,200.55,201.25,197.95,201.25,925,35750,181.27,201.15,203.20
10.08.21 10:03:59,202.25,202.25,197.15,202.15,550,35750,181.46,200.65,201.80
10.08.21 10:04:59,202.00,208.75,200.75,207.50,1775,35750,182.30,205.65,206.65
10.08.21 10:05:59,205.10,210.80,205.10,210.80,225,37075,182.41,210.25,210.70
10.08.21 10:06:59,209.90,211.60,206.40,209.55,1425,37075,183.12,207.60,209.00
10.08.21 10:07:59,209.55,210.70,206.10,206.10,325,37075,183.27,204.40,205.95
10.08.21 10:08:59,205.70,205.70,198.35,199.05,400,37475,183.39,197.05,198.50
10.08.21 10:09:59,197.75,198.30,192.40,195.45,600,37475,183.53,195.20,196.30
10.08.21 10:10:59,198.40,198.70,196.60,196.60,425,37475,183.64,195.10,196.55
10.08.21 10:11:59,196.60,199.95,196.25,198.75,1025,37275,183.89,198.25,199.85
10.08.21 10:12:59,199.00,203.75,199.00,203.00,100,37275,183.92,201.65,203.30
10.08.21 10:13:59,205.45,206.35,204.95,204.95,300,37275,184.03,206.50,208.30
10.08.21 10:15:59,209.75,209.75,205.35,205.35,100,37500,184.07,204.20,205.45
10.08.21 10:16:59,203.10,203.10,197.95,198.90,1175,37500,184.37,198.85,198.90
10.08.21 10:17:59,198.90,198.90,196.80,198.90,1150,38400,184.63,195.25,195.95
10.08.21 10:18:59,195.95,198.30,195.95,196.15,100,38400,184.65,195.30,196.70
10.08.21 10:19:59,194.90,197.65,194.00,197.65,450,38400,184.74,194.85,196.20
10.08.21 10:20:59,195.00,199.30,195.00,198.30,550,38400,184.84,194.45,195.60
10.08.21 10:21:59,195.00,195.40,187.20,187.20,1450,39100,185.03,188.70,189.70
10.08.21 10:22:59,188.10,188.10,181.15,183.15,425,39100,185.02,185.60,186.50
10.08.21 10:23:59,186.90,189.95,184.60,189.95,725,40050,185.05,187.70,189.30
10.08.21 10:24:59,190.45,190.60,188.80,190.20,525,40050,185.09,188.90,190.25
10.08.21 10:25:59,190.20,193.60,190.20,193.60,250,40050,185.11,193.20,194.35
10.08.21 10:26:59,195.40,195.55,193.20,193.20,375,38925,185.17,193.05,193.95
10.08.21 10:27:59,190.85,193.15,189.45,193.15,475,38925,185.22,191.70,192.85
10.08.21 10:28:59,193.00,194.10,192.10,194.10,400,38925,185.26,192.25,193.35
10.08.21 10:29:59,191.25,191.25,186.20,186.20,150,39350,185.27,184.20,184.95
10.08.21 10:30:59,183.30,183.30,173.00,175.85,3275,39350,184.97,174.85,175.95
10.08.21 10:31:59,174.60,182.50,174.60,182.05,450,39350,184.93,182.10,183.15
10.08.21 10:32:59,184.30,187.70,184.30,187.70,225,39350,184.93,187.10,188.10
10.08.21 10:33:59,186.05,186.05,183.75,184.20,75,39325,184.93,183.45,184.30
10.08.21 10:34:59,182.05,183.15,181.45,183.15,200,39325,184.92,184.05,185.25
10.08.21 10:35:59,185.45,188.00,185.45,188.00,200,39425,184.93,188.55,189.00
10.08.21 10:36:59,190.75,192.30,190.75,191.30,425,39425,184.96,190.05,191.10
10.08.21 10:37:59,190.70,190.85,189.95,189.95,250,39425,184.98,189.15,190.00
10.08.21 10:38:59,190.05,190.05,184.80,184.80,825,40100,185.02,183.70,184.80
10.08.21 10:39:59,183.80,185.40,183.80,185.40,200,40100,185.02,185.40,186.55
10.08.21 10:40:59,186.40,187.10,185.40,185.40,250,40100,185.02,185.40,186.00
10.08.21 10:41:59,183.90,183.90,183.90,183.90,100,40100,185.02,182.10,183.25
10.08.21 10:42:59,184.55,185.90,184.55,185.55,300,40275,185.02,184.95,185.70
10.08.21 10:43:59,184.25,186.00,181.80,185.30,500,40275,185.02,184.10,185.25
10.08.21 10:44:59,181.65,181.75,179.85,181.10,175,40575,185.01,180.45,181.65
10.08.21 10:45:59,180.00,180.00,177.95,177.95,175,40575,184.99,176.95,178.15
10.08.21 10:46:59,178.50,180.95,178.50,180.95,175,40575,184.98,181.20,182.05
10.08.21 10:47:59,182.55,182.55,181.55,182.00,75,40600,184.98,182.65,183.75
10.08.21 10:48:59,184.00,186.55,184.00,186.20,125,40600,184.98,186.50,187.65
10.08.21 10:49:59,188.35,188.35,185.60,187.15,175,40600,184.98,186.95,187.90
10.08.21 10:50:59,185.55,185.55,185.55,185.55,25,40625,184.98,183.65,184.90
10.08.21 10:52:59,183.40,190.90,183.40,190.90,225,40625,184.99,193.30,194.50
10.08.21 10:53:59,194.40,198.15,194.00,198.15,575,40725,185.07,199.10,200.00
10.08.21 10:54:59,199.90,202.40,198.00,201.45,800,40725,185.23,200.80,202.20
10.08.21 10:55:59,200.00,201.70,196.85,196.85,675,40725,185.36,195.45,196.55
10.08.21 10:56:59,198.15,202.10,198.15,200.80,325,41200,185.42,200.20,201.75
10.08.21 10:57:59,203.10,205.00,199.50,202.00,525,41200,185.53,200.90,202.05
10.08.21 10:58:59,196.40,200.85,196.40,200.85,75,41200,185.55,199.60,200.60
10.08.21 10:59:59,199.90,199.90,198.05,198.70,150,41275,185.57,197.00,197.95
10.08.21 11:00:59,194.65,194.65,191.80,191.80,400,41275,185.62,194.25,194.85
10.08.21 11:01:59,193.20,196.75,193.20,195.20,3775,41275,186.06,193.55,194.35
10.08.21 11:02:59,193.55,193.80,192.20,192.65,425,40325,186.10,192.20,193.40
10.08.21 11:03:59,191.60,191.60,189.70,190.25,575,40325,186.13,190.85,192.35
10.08.21 11:04:59,193.00,197.35,193.00,197.35,75,40325,186.14,196.75,197.35
10.08.21 11:05:59,196.75,202.35,196.65,200.40,800,40675,186.28,199.45,200.80
10.08.21 11:06:59,203.35,205.95,203.35,204.00,425,40675,186.37,205.75,207.05
10.08.21 11:07:59,205.95,205.95,203.15,204.40,400,40675,186.45,204.10,205.20
10.08.21 11:08:59,203.90,204.00,200.70,200.70,550,40650,186.55,199.80,200.95
10.08.21 11:09:59,202.65,203.00,202.30,202.65,375,40650,186.62,199.00,200.05
10.08.21 11:10:59,201.50,201.50,196.45,196.45,175,40650,186.65,195.20,196.55
10.08.21 11:11:59,195.50,196.40,185.95,189.50,1700,40500,186.69,187.15,188.85
10.08.21 11:12:59,189.10,189.10,186.45,187.95,150,40500,186.69,185.95,187.20
10.08.21 11:13:59,187.00,187.00,187.00,187.00,25,40500,186.69,187.45,188.50
10.08.21 11:14:59,187.45,189.10,186.80,186.80,75,40575,186.69,186.55,188.25
10.08.21 11:15:59,184.25,191.85,184.25,191.85,75,40575,186.69,191.75,192.75
10.08.21 11:16:59,190.95,191.60,190.00,190.00,425,40575,186.71,188.60,189.75
10.08.21 11:17:59,190.95,190.95,190.95,190.95,50,40800,186.71,191.40,192.75
10.08.21 11:18:59,191.95,193.25,190.00,193.25,175,40800,186.72,190.90,192.30
10.08.21 11:19:59,191.90,191.90,187.90,187.90,250,40800,186.73,189.60,190.90
10.08.21 11:20:59,189.60,189.60,189.00,189.05,100,40525,186.73,188.80,190.10
10.08.21 11:22:59,190.00,190.00,189.00,189.00,425,40525,186.75,188.50,190.30
10.08.21 11:23:59,189.05,189.05,189.00,189.00,175,40675,186.75,188.90,189.80
10.08.21 11:24:59,190.95,190.95,190.95,190.95,25,40675,186.75,190.55,191.40
10.08.21 11:25:59,191.65,191.90,190.45,190.45,500,40675,186.78,191.40,192.55
10.08.21 11:26:59,194.40,194.40,194.40,194.40,250,40675,186.80,191.25,192.50
10.08.21 11:27:59,193.60,193.60,190.95,193.10,200,41000,186.81,191.25,192.35
10.08.21 11:28:59,191.45,191.45,191.35,191.35,50,41000,186.81,188.25,189.30
10.08.21 11:29:59,188.05,188.40,188.05,188.05,125,41000,186.82,187.25,188.55
10.08.21 11:30:59,187.65,187.65,186.60,186.60,275,41100,186.82,188.25,189.75
10.08.21 11:32:59,190.80,190.80,190.80,190.80,25,41100,186.82,191.05,192.65
10.08.21 11:33:59,190.75,190.80,190.75,190.80,575,40775,186.85,192.15,193.10
10.08.21 11:35:59,195.90,195.90,194.70,194.95,700,40775,186.92,193.90,194.85
10.08.21 11:36:59,194.95,195.60,194.95,195.60,125,40850,186.93,189.05,190.05
10.08.21 11:37:59,186.65,186.65,186.65,186.65,100,40850,186.93,188.65,189.60
10.08.21 11:38:59,191.40,191.40,189.75,189.75,150,40850,186.94,188.95,190.25
10.08.21 11:41:59,188.00,188.00,187.85,187.85,75,41000,186.94,188.50,189.15
10.08.21 11:43:59,190.70,190.70,190.70,190.70,25,40875,186.94,189.90,191.10
10.08.21 11:44:59,192.00,192.00,192.00,192.00,25,40875,186.94,191.10,192.45
10.08.21 11:46:59,195.00,197.60,192.15,192.60,275,40875,186.96,188.65,189.60
10.08.21 11:47:59,186.35,186.35,185.30,185.30,450,40875,186.96,190.90,191.95
10.08.21 11:48:59,200.85,200.85,200.85,200.85,50,41175,186.97,198.40,200.10
10.08.21 11:49:59,203.15,203.85,202.25,202.25,325,41175,187.02,200.10,201.55
10.08.21 11:50:59,201.90,203.35,200.85,202.15,325,41275,187.07,201.95,203.35
10.08.21 11:51:59,200.20,200.20,198.05,198.85,275,41275,187.11,197.85,199.15
10.08.21 11:52:59,197.55,199.10,196.50,199.10,150,41275,187.12,198.05,199.50
10.08.21 11:53:59,200.25,200.25,197.75,197.75,225,41275,187.15,196.95,198.35
10.08.21 11:54:59,199.20,199.30,199.20,199.30,50,41600,187.16,196.65,197.90
10.08.21 11:55:59,196.15,196.25,195.95,195.95,175,41600,187.18,194.80,196.00
10.08.21 11:56:59,199.35,199.55,199.35,199.55,50,41600,187.18,198.60,199.70
10.08.21 11:57:59,199.25,201.50,199.25,201.50,100,41700,187.20,200.10,201.90
10.08.21 11:58:59,201.50,201.50,200.45,200.45,225,41700,187.23,199.10,200.35
10.08.21 11:59:59,201.95,203.00,201.80,201.80,250,41700,187.27,201.55,203.20
10.08.21 12:00:59,204.75,204.85,200.20,200.20,175,41800,187.30,200.40,201.90
10.08.21 12:01:59,201.20,201.65,199.75,200.90,200,41800,187.33,200.25,201.55
10.08.21 12:03:59,200.00,200.00,200.00,200.00,25,41550,187.33,199.75,201.10
10.08.21 12:04:59,199.80,199.80,199.80,199.80,25,41550,187.34,199.10,200.35
10.08.21 12:05:59,198.95,198.95,194.00,197.40,350,41550,187.37,195.05,196.20
10.08.21 12:06:59,196.10,196.10,196.10,196.10,25,41625,187.37,197.65,198.95
10.08.21 12:07:59,197.90,199.20,197.90,199.20,150,41625,187.39,195.85,197.40
10.08.21 12:08:59,197.95,199.20,197.90,197.90,100,41625,187.40,198.35,199.60
10.08.21 12:09:59,197.75,197.75,197.75,197.75,25,41700,187.40,196.90,198.00
10.08.21 12:10:59,198.00,198.00,197.85,197.85,100,41700,187.41,196.85,197.95
10.08.21 12:11:59,196.90,196.90,193.70,193.70,100,41700,187.42,193.60,194.55
10.08.21 12:12:59,194.35,195.60,194.35,195.60,100,41700,187.43,195.85,196.90
10.08.21 12:15:59,194.30,194.30,193.35,193.35,75,41700,187.43,193.50,194.60
10.08.21 12:17:59,194.50,199.75,194.50,199.75,50,41700,187.44,197.70,199.05
10.08.21 12:18:59,197.10,197.10,197.10,197.10,25,41775,187.44,199.10,199.90
10.08.21 12:19:59,198.55,199.65,197.00,197.00,125,41775,187.45,198.25,199.25
10.08.21 12:21:59,198.15,198.15,198.15,198.15,25,41775,187.46,197.75,198.95
10.08.21 12:22:59,196.10,196.60,194.70,195.00,300,41775,187.48,195.00,196.25
10.08.21 12:23:59,196.50,196.50,196.50,196.50,50,41775,187.49,195.15,196.45
10.08.21 12:24:59,195.00,195.85,194.00,194.00,300,41875,187.51,192.05,192.90
10.08.21 12:25:59,193.95,196.40,193.95,196.40,75,41875,187.51,195.40,196.50
10.08.21 12:28:59,196.45,196.45,196.45,196.45,75,42025,187.52,193.75,195.40
10.08.21 12:29:59,192.05,192.05,192.05,192.05,275,42025,187.54,192.00,192.95
10.08.21 12:30:59,194.40,194.40,194.40,194.40,100,42025,187.55,193.00,194.50
10.08.21 12:31:59,189.10,189.10,189.10,189.10,625,41950,187.57,190.90,192.20
10.08.21 12:32:59,188.40,189.45,187.05,188.00,250,41950,187.57,188.30,189.50
10.08.21 12:34:59,189.20,189.20,189.20,189.20,25,42400,187.57,189.20,190.80
10.08.21 12:35:59,190.30,190.30,189.00,189.00,75,42400,187.57,189.00,189.95
10.08.21 12:36:59,188.10,191.65,187.00,191.65,150,42450,187.57,191.20,192.55
10.08.21 12:37:59,189.90,189.90,188.30,188.30,125,42450,187.57,188.10,189.55
10.08.21 12:38:59,188.55,189.45,187.20,189.45,125,42450,187.57,187.50,188.85
10.08.21 12:39:59,188.05,189.95,188.05,189.95,50,42550,187.57,188.45,189.70
10.08.21 12:40:59,187.05,189.30,181.55,181.55,1475,42550,187.53,176.90,179.70
10.08.21 12:41:59,177.45,183.15,177.45,180.00,575,42550,187.49,179.25,180.50
10.08.21 12:42:59,180.15,184.00,180.15,184.00,125,43475,187.48,183.70,184.85
10.08.21 12:43:59,185.65,187.70,185.05,187.70,300,43475,187.48,187.25,188.70
10.08.21 12:44:59,187.00,188.45,187.00,188.45,100,43475,187.48,187.05,188.15
10.08.21 12:45:59,186.00,186.00,183.50,183.55,125,43600,187.48,187.10,188.80
10.08.21 12:46:59,185.95,185.95,185.95,185.95,25,43600,187.48,184.55,186.15
10.08.21 12:48:59,188.60,188.60,185.55,185.55,175,43525,187.48,185.90,187.20
10.08.21 12:50:59,181.40,182.35,181.40,182.35,75,43525,187.47,184.70,185.95
10.08.21 12:51:59,184.80,184.80,182.05,183.90,325,43425,187.46,182.15,183.50
10.08.21 12:52:59,183.20,183.20,175.90,176.60,675,43425,187.41,177.15,178.45
10.08.21 12:53:59,176.90,179.30,176.90,179.30,275,43425,187.39,179.20,180.40
10.08.21 12:54:59,182.50,182.50,180.80,182.10,400,43875,187.37,181.40,182.55
10.08.21 12:55:59,181.95,182.00,179.70,179.70,325,43875,187.35,178.70,180.20
10.08.21 12:56:59,180.25,180.90,179.70,179.70,200,43875,187.33,178.10,179.90
10.08.21 12:57:59,179.75,182.15,179.75,181.05,225,43975,187.32,179.60,181.25
10.08.21 12:58:59,181.00,181.00,181.00,181.00,25,43975,187.32,179.00,181.05
10.08.21 12:59:59,176.70,176.70,176.70,176.70,125,43975,187.31,174.65,175.95
10.08.21 13:00:59,175.00,179.90,170.00,179.90,600,44275,187.23,179.25,180.55
10.08.21 13:01:59,180.10,180.10,180.00,180.00,200,44275,187.22,178.10,179.35
10.08.21 13:02:59,179.10,179.10,179.10,179.10,50,44275,187.21,179.30,180.65
10.08.21 13:03:59,181.00,195.95,181.00,195.95,1125,44150,187.27,191.40,199.10
10.08.21 13:04:59,194.60,201.15,194.60,195.50,350,44150,187.30,195.20,196.20
10.08.21 13:05:59,195.00,196.65,194.70,194.70,175,44150,187.32,191.05,192.40
10.08.21 13:06:59,194.50,194.50,194.35,194.35,100,44650,187.32,192.90,194.35
10.08.21 13:07:59,191.75,191.75,191.75,191.75,25,44650,187.32,193.45,195.10
10.08.21 13:09:59,191.95,191.95,189.75,189.75,50,44625,187.33,189.00,190.60
10.08.21 13:10:59,190.60,190.60,189.00,189.05,75,44625,187.33,191.15,191.85
10.08.21 13:11:59,191.90,191.90,191.90,191.90,100,44625,187.33,190.80,191.90
10.08.21 13:12:59,191.90,191.90,185.00,185.00,325,44300,187.33,184.05,185.60
10.08.21 13:13:59,188.00,188.00,187.90,187.90,275,44300,187.34,186.00,187.70
10.08.21 13:14:59,186.20,186.20,184.25,184.25,75,44300,187.33,184.25,185.55
10.08.21 13:15:59,179.95,179.95,179.00,179.80,575,44725,187.30,179.95,181.55
10.08.21 13:16:59,180.45,180.45,179.15,180.00,350,44725,187.27,184.55,186.15
10.08.21 13:17:59,188.95,188.95,187.00,188.50,150,44725,187.27,188.55,189.85
10.08.21 13:18:59,188.70,189.05,187.50,189.05,400,44775,187.28,187.20,188.15
10.08.21 13:19:59,189.05,189.05,186.85,186.85,275,44775,187.28,183.70,185.25
10.08.21 13:20:59,183.30,183.40,181.55,181.55,150,44775,187.27,184.80,186.15
10.08.21 13:21:59,184.20,184.20,181.80,183.35,300,44975,187.26,181.30,183.10
10.08.21 13:22:59,181.20,184.00,181.20,182.55,325,44975,187.25,182.10,183.60
10.08.21 13:23:59,184.00,184.85,184.00,184.85,50,44975,187.25,185.85,187.25
10.08.21 13:24:59,185.50,185.75,184.05,184.05,375,45200,187.24,184.15,185.85
10.08.21 13:25:59,183.20,183.20,179.05,181.00,225,45200,187.23,179.50,180.55
10.08.21 13:27:59,183.70,183.70,183.70,183.70,125,45150,187.22,182.55,183.75
10.08.21 13:28:59,186.05,186.05,184.75,184.75,700,45150,187.21,184.00,185.20
10.08.21 13:31:59,186.40,186.40,186.40,186.40,50,45675,187.21,183.80,184.45
10.08.21 13:33:59,186.40,186.40,183.40,183.40,175,45675,187.21,183.90,184.95
10.08.21 13:35:59,183.90,183.90,183.90,183.90,25,45675,187.21,184.35,185.60
10.08.21 13:36:59,185.30,185.30,185.30,185.30,25,45775,187.21,185.00,186.35
10.08.21 13:37:59,188.45,188.45,188.05,188.05,200,45775,187.21,187.35,188.80
10.08.21 13:38:59,188.90,188.90,188.90,188.90,100,45775,187.21,188.25,190.25
10.08.21 13:39:59,188.75,191.05,188.10,188.10,325,45775,187.22,187.05,188.50
10.08.21 13:40:59,187.00,187.80,185.85,187.80,350,45650,187.21,185.90,187.45
10.08.21 13:41:59,186.85,187.25,186.85,187.25,100,45650,187.21,185.80,187.05
10.08.21 13:43:59,182.10,182.10,182.10,182.10,25,45800,187.21,181.20,181.95
10.08.21 13:44:59,183.15,184.65,183.15,184.65,125,45800,187.21,184.10,185.10
10.08.21 13:45:59,182.65,183.25,181.80,181.80,125,45850,187.20,181.00,182.20
10.08.21 13:46:59,181.10,181.10,181.10,181.10,50,45850,187.20,183.60,184.75
10.08.21 13:47:59,183.60,183.60,183.60,183.60,25,0,187.20,182.15,183.20
10.08.21 13:48:59,181.50,181.50,181.50,181.50,50,45850,187.20,181.65,182.55
10.08.21 13:49:59,181.50,181.50,172.85,175.05,450,45850,187.16,173.60,175.05
10.08.21 13:50:59,173.80,177.05,173.80,177.05,125,45850,187.14,172.00,173.40
10.08.21 13:51:59,170.70,170.70,157.10,157.10,1200,45975,186.93,156.70,158.15
10.08.21 13:52:59,157.25,162.55,150.00,162.55,1125,45975,186.62,162.00,163.00
10.08.21 13:53:59,163.00,163.50,160.35,162.20,700,45975,186.48,162.05,163.10
10.08.21 13:54:59,161.50,161.50,150.00,150.00,450,46700,186.36,148.90,149.85
10.08.21 13:55:59,150.00,155.05,150.00,152.20,375,46700,186.25,151.75,152.50
10.08.21 13:56:59,151.75,153.30,148.35,153.30,450,46700,186.12,152.45,153.45
10.08.21 13:57:59,153.20,155.50,153.15,155.50,300,46675,186.04,154.55,155.75
10.08.21 13:58:59,155.95,160.30,155.95,158.00,525,46675,185.92,156.25,157.45
10.08.21 13:59:59,158.05,158.05,152.65,152.65,400,46675,185.81,150.10,151.20
10.08.21 14:00:59,149.80,149.80,141.50,144.60,500,46850,185.64,142.30,144.05
10.08.21 14:01:59,142.10,143.35,133.40,133.50,800,46850,185.34,134.45,135.45
10.08.21 14:02:59,135.85,142.90,135.15,142.70,925,46850,185.00,140.90,141.75
10.08.21 14:03:59,140.00,147.00,140.00,147.00,1100,46650,184.64,146.80,147.55
10.08.21 14:04:59,146.30,146.40,144.00,144.00,100,46650,184.60,142.00,143.15
10.08.21 14:05:59,141.75,141.75,138.65,139.85,450,46650,184.44,137.85,139.00
10.08.21 14:06:59,137.80,137.80,133.30,135.00,500,46400,184.25,134.70,135.30
10.08.21 14:07:59,134.70,142.40,132.85,140.00,600,46400,184.02,139.90,140.80
10.08.21 14:08:59,140.35,140.35,134.55,137.60,900,46400,183.69,138.20,139.25
10.08.21 14:09:59,135.00,137.00,128.30,128.30,1150,45975,183.23,126.40,128.70
10.08.21 14:10:59,128.35,129.05,123.45,123.50,1875,45975,182.42,123.10,124.90
10.08.21 14:11:59,125.60,128.15,121.30,127.85,825,45975,182.05,127.55,128.50
10.08.21 14:12:59,127.55,129.65,124.85,129.65,700,46725,181.76,128.40,129.45
10.08.21 14:13:59,129.65,130.45,124.50,124.50,2150,46725,180.87,123.95,125.15
10.08.21 14:14:59,124.40,124.40,118.80,123.70,2875,46725,179.62,122.95,123.90
10.08.21 14:15:59,120.00,135.20,118.95,135.20,2125,47625,178.84,132.75,134.00
10.08.21 14:16:59,134.00,138.80,132.55,137.25,1375,47625,178.40,134.90,136.50
10.08.21 14:17:59,134.40,134.40,127.95,128.15,225,47625,178.33,128.10,129.50
10.08.21 14:18:59,130.40,131.00,125.50,128.70,575,47525,178.12,125.85,126.85
10.08.21 14:19:59,126.85,128.75,126.85,128.75,150,47525,178.06,130.05,131.30
10.08.21 14:20:59,132.35,135.00,132.10,132.10,875,47525,177.79,133.05,134.00
10.08.21 14:21:59,133.00,136.25,133.00,136.25,225,46950,177.72,133.60,134.70
10.08.21 14:22:59,132.00,132.00,129.15,130.00,475,46950,177.56,131.50,132.65
10.08.21 14:23:59,130.80,134.30,130.40,134.30,3000,46950,176.62,133.85,134.95
10.08.21 14:24:59,132.85,134.10,132.85,134.10,350,48600,176.52,131.50,132.55
10.08.21 14:25:59,131.65,132.00,129.25,131.05,1425,48600,176.08,131.30,132.35
10.08.21 14:26:59,131.80,133.65,131.00,131.00,3125,48600,175.17,131.25,132.10
10.08.21 14:27:59,131.20,134.00,130.40,130.40,900,48875,174.91,130.20,131.20
10.08.21 14:28:59,131.20,131.20,127.55,127.55,150,48875,174.86,125.75,126.80
10.08.21 14:29:59,125.00,131.75,125.00,131.40,3050,48875,173.96,130.85,131.85
10.08.21 14:30:59,132.00,132.95,130.50,130.50,700,47300,173.77,129.75,130.60
10.08.21 14:31:59,129.05,129.05,126.55,126.55,125,47300,173.73,126.45,127.60
10.08.21 14:32:59,125.55,126.45,123.35,126.30,525,47300,173.57,127.00,128.20
10.08.21 14:33:59,128.65,131.55,128.25,131.55,1675,47000,173.10,131.40,132.30
10.08.21 14:34:59,131.70,131.90,129.50,131.65,1775,47000,172.63,131.15,131.95
10.08.21 14:35:59,132.25,133.30,129.70,133.05,850,47000,172.42,132.80,133.60
10.08.21 14:36:59,133.75,137.25,133.75,137.25,375,46250,172.33,136.80,137.75
10.08.21 14:37:59,138.00,138.00,135.00,136.00,800,46250,172.16,133.75,135.05
10.08.21 14:38:59,137.60,137.60,134.90,134.90,150,46250,172.12,135.65,136.55
10.08.21 14:39:59,135.45,135.45,133.75,133.75,125,46250,172.09,133.30,133.95
10.08.21 14:40:59,134.50,134.50,132.50,133.10,200,46000,172.04,132.40,133.20
10.08.21 14:41:59,132.40,135.40,132.40,134.75,2550,46000,171.44,134.85,135.80
10.08.21 14:42:59,135.00,135.00,133.60,134.05,125,45150,171.41,133.65,135.10
10.08.21 14:43:59,134.75,136.00,134.25,134.25,2200,45150,170.94,135.00,136.20
10.08.21 14:44:59,135.00,135.45,131.80,132.25,550,45150,170.82,131.65,132.45
10.08.21 14:45:59,131.90,131.90,129.85,130.00,325,44150,170.74,131.00,132.35
10.08.21 14:46:59,132.70,135.00,131.60,135.00,175,44150,170.70,133.70,134.60
10.08.21 14:47:59,135.10,135.95,134.90,135.15,650,44150,170.56,134.55,135.40
10.08.21 14:48:59,136.20,136.95,136.20,136.95,175,44150,170.53,136.35,137.20
10.08.21 14:49:59,134.95,135.30,134.15,135.30,450,44075,170.43,135.20,136.20
10.08.21 14:50:59,136.00,136.00,134.75,135.10,2975,44075,169.83,135.90,136.85
10.08.21 14:51:59,135.95,135.95,135.20,135.50,250,43175,169.78,134.60,135.45
10.08.21 14:52:59,135.85,135.85,134.90,134.90,150,43175,169.75,135.25,136.20
10.08.21 14:54:59,135.75,137.65,135.75,137.65,275,43125,169.70,137.60,138.50
10.08.21 14:55:59,137.25,139.50,136.35,136.45,425,43125,169.62,135.30,135.90
10.08.21 14:56:59,135.70,135.70,134.35,135.05,150,43125,169.59,134.15,135.00
10.08.21 14:57:59,135.00,136.95,135.00,136.95,175,43125,169.56,135.00,135.85
10.08.21 14:58:59,135.80,135.80,135.80,135.80,25,43375,169.55,135.45,136.55
10.08.21 14:59:59,135.40,135.40,133.70,134.00,575,43375,169.44,134.30,135.75
10.08.21 15:00:59,137.10,139.05,136.15,139.05,350,43600,169.37,138.25,139.10
10.08.21 15:01:59,137.55,137.55,137.55,137.55,25,43600,169.37,137.65,138.70
10.08.21 15:02:59,137.85,141.65,137.80,139.30,625,43600,169.26,139.40,140.15
10.08.21 15:03:59,139.25,139.25,134.55,134.55,225,43600,169.22,132.90,133.25
10.08.21 15:04:59,134.50,134.50,128.65,131.80,1150,43600,168.98,131.65,132.00
10.08.21 15:05:59,132.00,134.80,132.00,133.75,275,43600,168.92,132.85,133.45
10.08.21 15:06:59,133.70,133.70,132.30,132.30,125,43600,168.90,132.80,133.65
10.08.21 15:07:59,133.10,133.10,133.10,133.10,25,43700,168.89,133.20,134.10
10.08.21 15:08:59,134.00,134.00,134.00,134.00,100,43700,168.87,134.10,135.15
10.08.21 15:09:59,134.95,134.95,134.95,134.95,25,0,168.87,133.80,134.70
10.08.21 15:10:59,137.00,137.60,136.15,137.60,150,43700,168.84,137.45,138.25
10.08.21 15:11:59,138.15,138.15,137.10,137.10,150,43700,168.81,136.55,137.10
10.08.21 15:12:59,137.10,137.10,135.75,136.35,175,43750,168.78,136.35,137.15
10.08.21 15:13:59,135.75,136.05,134.25,134.55,325,43750,168.72,135.10,135.90
10.08.21 15:14:59,136.00,136.00,134.40,134.40,275,43750,168.67,134.35,134.95
10.08.21 15:15:59,135.05,136.45,135.05,136.40,600,44250,168.56,135.55,136.25
10.08.21 15:16:59,135.20,135.35,131.75,131.75,725,44250,168.42,131.25,132.00
10.08.21 15:17:59,130.80,131.75,129.85,131.40,400,44250,168.33,130.05,130.95
10.08.21 15:18:59,130.75,132.80,130.75,132.60,350,44350,168.26,131.95,132.60
10.08.21 15:19:59,133.45,133.45,133.05,133.05,700,44350,168.12,132.40,132.95
10.08.21 15:20:59,134.35,135.25,133.70,134.05,950,44350,167.95,134.45,135.15
10.08.21 15:21:59,133.45,134.30,131.20,133.10,650,44350,167.82,132.80,133.70
10.08.21 15:22:59,134.00,134.00,132.35,133.45,750,44325,167.68,133.05,133.90
10.08.21 15:23:59,133.55,134.05,132.80,133.10,900,44325,167.51,133.25,134.00
10.08.21 15:24:59,134.10,134.20,132.45,133.70,550,44625,167.41,132.80,133.90
10.08.21 15:25:59,134.10,134.70,134.10,134.70,225,44625,167.37,133.85,135.00
10.08.21 15:26:59,132.65,132.65,131.15,132.00,2175,44625,166.96,130.90,132.00
10.08.21 15:27:59,131.30,132.05,131.30,132.05,300,44825,166.90,132.05,132.25
10.08.21 15:28:59,130.85,131.45,129.95,131.45,950,44825,166.72,130.05,131.35
10.08.21 15:30:00,130.10,131.10,129.65,130.35,350,44825,166.65,129.15,130.80
11.08.21 09:16:59,166.95,166.95,144.95,155.00,5425,44375,155.12,152.10,154.05
11.08.21 09:17:59,148.55,149.60,148.55,149.60,4050,48425,153.69,149.35,151.05
11.08.21 09:18:59,147.25,153.30,142.85,148.80,4200,48425,152.21,148.00,149.90
11.08.21 09:19:59,145.50,152.75,145.50,152.30,2250,48425,151.74,149.80,151.50
11.08.21 09:20:59,151.95,155.00,149.75,152.50,1025,52875,151.79,154.40,155.80
11.08.21 09:21:59,153.00,153.60,149.65,150.85,1675,52875,151.76,150.35,151.70
11.08.21 09:22:59,148.35,151.00,146.40,146.40,575,52875,151.65,146.05,147.50
11.08.21 09:23:59,145.80,147.60,143.20,147.15,375,53125,151.55,146.55,147.70
11.08.21 09:24:59,145.90,147.45,143.40,147.45,300,53125,151.46,146.50,147.85
11.08.21 09:25:59,144.30,146.75,144.30,146.75,775,53125,151.24,145.75,146.45
11.08.21 09:26:59,145.00,151.20,145.00,151.20,450,53650,151.19,150.95,152.00
11.08.21 09:27:59,148.60,152.25,148.60,150.00,600,53650,151.15,148.30,149.25
11.08.21 09:28:59,148.90,153.15,148.65,149.85,625,53650,151.14,150.55,151.45
11.08.21 09:29:59,150.80,154.05,150.80,153.70,600,54175,151.20,152.10,153.45
11.08.21 09:30:59,155.00,156.10,154.45,155.00,275,54175,151.25,154.40,155.50
11.08.21 09:31:59,154.90,155.00,153.30,153.85,150,54175,151.27,152.95,153.95
11.08.21 09:32:59,152.80,152.80,144.20,147.05,1300,54750,151.17,146.80,147.85
11.08.21 09:33:59,148.75,150.00,147.00,147.00,350,54750,151.13,146.20,147.35
11.08.21 09:34:59,147.20,147.20,145.25,147.05,800,54750,150.98,145.65,146.70
11.08.21 09:35:59,143.20,143.55,141.70,143.55,1800,55275,150.40,144.05,144.70
11.08.21 09:36:59,145.50,145.50,141.25,141.25,1525,55275,150.05,140.40,141.20
11.08.21 09:37:59,138.65,140.00,131.95,135.25,2575,55275,148.83,134.65,135.50
11.08.21 09:38:59,135.50,135.50,130.40,130.85,1425,56800,148.13,130.95,131.75
11.08.21 09:39:59,130.00,131.50,126.00,127.80,1875,56800,147.10,127.05,128.10
11.08.21 09:40:59,126.20,126.50,118.75,120.25,3000,56800,145.16,118.80,120.00
11.08.21 09:41:59,118.75,123.00,116.25,120.00,1825,57650,144.00,119.05,119.95
11.08.21 09:42:59,119.35,121.35,116.65,120.10,2650,57650,142.43,119.65,120.00
11.08.21 09:43:59,120.00,122.40,120.00,120.90,1400,57650,141.76,122.05,122.90
11.08.21 09:44:59,122.05,126.05,120.00,126.05,2075,55900,140.90,125.60,126.20
11.08.21 09:45:59,126.20,132.45,126.20,131.35,1200,55900,140.63,129.80,130.95
11.08.21 09:46:59,129.75,129.75,118.40,118.65,1550,55900,139.99,119.25,120.50
11.08.21 09:47:59,121.70,123.10,118.00,120.35,3700,55925,138.58,120.00,120.25
11.08.21 09:48:59,119.95,123.15,119.45,120.75,1675,55925,138.04,120.95,121.65
11.08.21 09:49:59,120.80,123.45,119.60,119.60,750,55925,137.80,120.00,120.80
11.08.21 09:50:59,120.80,122.05,117.00,117.00,925,55925,137.52,118.25,118.95
11.08.21 09:51:59,117.95,123.20,117.95,123.20,1875,55925,137.00,123.00,123.80
11.08.21 09:52:59,124.85,124.85,116.30,116.30,850,55925,136.74,116.55,117.20
11.08.21 09:53:59,115.90,118.55,115.30,115.60,1000,56075,136.40,115.00,115.85
11.08.21 09:54:59,115.05,115.25,108.45,110.80,3500,56075,135.04,111.40,112.15
11.08.21 09:55:59,111.20,115.50,111.15,112.30,1625,56075,134.49,111.35,112.10
11.08.21 09:56:59,111.40,112.00,108.40,110.10,1450,57275,133.95,110.80,111.55
11.08.21 09:57:59,110.05,113.65,108.35,112.50,1750,57275,133.34,112.55,113.40
11.08.21 09:58:59,113.80,116.50,111.40,113.15,750,57275,133.14,111.80,112.55
11.08.21 09:59:59,111.95,115.00,111.65,111.65,550,58650,132.98,111.50,112.25
11.08.21 10:00:59,111.00,111.00,107.40,110.20,750,58650,132.72,108.55,109.25
11.08.21 10:01:59,110.10,113.05,109.30,109.90,625,58650,132.52,110.15,110.90
11.08.21 10:02:59,111.30,112.95,110.90,110.90,250,58775,132.45,109.35,110.10
11.08.21 10:03:59,109.95,109.95,103.30,105.40,1200,58775,132.01,105.80,106.45
11.08.21 10:04:59,106.05,108.00,105.85,106.80,1650,58775,131.45,105.10,105.80
11.08.21 10:05:59,105.80,107.05,104.85,107.00,2650,59975,130.57,105.65,106.50
11.08.21 10:06:59,105.00,105.65,98.60,100.15,3400,59975,129.31,100.10,100.75
11.08.21 10:07:59,100.10,100.10,95.70,96.00,3850,59975,127.86,96.20,97.00
11.08.21 10:08:59,96.90,97.10,94.85,96.95,1925,60800,127.13,95.80,96.45
11.08.21 10:09:59,95.60,96.75,90.40,90.40,3375,60800,125.89,90.20,90.75
11.08.21 10:10:59,92.65,100.50,92.65,98.05,5700,60800,124.27,97.60,98.30
11.08.21 10:11:59,96.95,96.95,95.35,95.75,875,58650,124.01,96.05,96.80
11.08.21 10:12:59,96.25,99.10,95.85,99.10,1550,58650,123.58,96.65,97.35
11.08.21 10:13:59,97.40,98.50,95.95,98.50,1375,58650,123.21,97.85,98.30
11.08.21 10:14:59,98.30,100.25,98.15,98.60,775,58675,123.02,97.25,97.90
11.08.21 10:15:59,96.20,99.45,96.00,99.05,900,58675,122.80,98.15,99.05
11.08.21 10:16:59,98.45,98.85,97.35,98.30,775,58675,122.61,98.15,98.90
11.08.21 10:17:59,99.00,100.55,98.00,100.55,925,59825,122.40,101.10,101.50
11.08.21 10:18:59,100.60,102.25,100.60,102.25,350,59825,122.33,101.10,101.65
11.08.21 10:19:59,101.65,103.15,100.80,103.15,1125,59825,122.11,101.00,101.75
11.08.21 10:20:59,101.05,101.70,100.25,101.00,500,60550,122.00,100.85,101.20
11.08.21 10:21:59,101.00,103.70,101.00,102.00,1775,60550,121.67,102.00,102.85
11.08.21 10:22:59,102.35,102.35,98.70,98.70,2500,60550,121.18,98.35,99.20
11.08.21 10:23:59,100.15,100.15,98.30,99.10,375,59250,121.11,99.00,99.65
11.08.21 10:24:59,98.40,99.00,97.15,97.35,600,59250,120.98,97.05,97.30
11.08.21 10:25:59,96.70,97.50,96.50,97.00,400,59250,120.89,96.55,97.30
11.08.21 10:26:59,96.40,96.80,95.90,96.15,1025,58950,120.66,96.25,97.05
11.08.21 10:27:59,97.05,97.05,95.95,96.65,1225,58950,120.39,95.95,96.60
11.08.21 10:28:59,95.95,97.35,95.15,96.15,1400,58950,120.09,96.45,96.90
11.08.21 10:29:59,97.20,97.25,92.95,92.95,925,59825,119.89,92.10,92.95
11.08.21 10:30:59,92.65,93.50,86.30,88.55,5725,59825,118.40,86.50,87.55
11.08.21 10:31:59,86.70,88.70,83.45,86.15,3650,59825,117.45,85.85,86.85
11.08.21 10:32:59,87.05,88.85,85.40,87.35,1725,63250,117.04,87.05,87.95
11.08.21 10:33:59,87.00,88.70,85.80,85.80,3400,63250,116.24,85.75,86.65
11.08.21 10:34:59,86.70,89.30,86.40,88.20,3550,63250,115.48,87.85,88.70
11.08.21 10:35:59,89.85,90.80,87.95,87.95,3675,62750,114.78,87.55,88.00
11.08.21 10:36:59,88.00,88.00,84.50,85.00,800,62750,114.61,84.95,85.55
11.08.21 10:37:59,84.90,88.65,84.90,87.60,3500,62750,113.92,87.65,88.25
11.08.21 10:38:59,87.65,88.50,86.20,87.55,725,62600,113.78,87.00,87.60
11.08.21 10:39:59,86.00,86.45,85.15,85.15,725,62600,113.64,84.10,84.85
11.08.21 10:40:59,84.10,85.50,81.85,83.70,6675,62600,112.31,83.60,83.80
11.08.21 10:41:59,83.80,86.20,83.30,84.00,1175,64725,112.09,82.75,83.55
11.08.21 10:42:59,83.30,87.25,83.30,85.40,825,64725,111.95,85.30,86.10
11.08.21 10:43:59,86.35,86.35,83.75,86.35,400,64725,111.88,85.05,85.65
11.08.21 10:44:59,85.55,87.75,85.55,87.10,600,65275,111.78,86.15,86.75
11.08.21 10:45:59,86.85,89.80,86.45,87.95,675,65275,111.67,88.55,89.00
11.08.21 10:46:59,88.85,90.00,88.70,89.60,850,65275,111.55,88.75,89.55
11.08.21 10:47:59,89.60,89.60,86.30,86.30,875,66100,111.41,85.05,85.65
11.08.21 10:48:59,85.00,85.00,81.80,82.45,2025,66100,111.04,82.50,83.05
11.08.21 10:49:59,82.30,82.95,79.10,79.65,3700,66100,110.34,79.55,80.25
11.08.21 10:50:59,79.00,80.30,78.00,79.50,2600,68800,109.84,79.30,79.95
11.08.21 10:51:59,79.00,80.00,77.55,77.75,1825,68800,109.49,77.75,78.20
11.08.21 10:52:59,78.90,79.85,77.60,79.85,2025,68800,109.11,79.40,80.10
11.08.21 10:53:59,80.10,81.30,79.25,80.85,725,71100,108.99,80.95,81.50
11.08.21 10:54:59,81.50,81.50,80.10,80.35,2125,71100,108.63,79.90,80.45
11.08.21 10:55:59,80.20,82.70,80.10,80.40,975,71100,108.48,80.40,80.90
11.08.21 10:56:59,80.05,80.05,77.00,79.25,2075,71550,108.11,78.85,79.45
11.08.21 10:57:59,78.50,80.20,77.25,77.25,900,71550,107.96,77.05,77.75
11.08.21 10:58:59,77.55,79.90,77.55,77.75,1525,71550,107.70,78.35,79.15
11.08.21 10:59:59,78.85,79.30,78.25,79.30,750,72600,107.57,78.90,79.75
11.08.21 11:00:59,78.00,80.90,78.00,80.90,1250,72600,107.37,79.95,80.80
11.08.21 11:01:59,79.85,81.60,78.05,78.05,950,72600,107.23,77.55,78.20
11.08.21 11:02:59,78.00,80.95,77.30,80.95,1050,72375,107.06,80.25,80.90
11.08.21 11:03:59,80.25,82.00,80.25,80.85,125,72375,107.04,81.25,81.90
11.08.21 11:04:59,80.85,81.55,80.85,81.35,675,72375,106.94,80.45,81.20
11.08.21 11:05:59,81.20,84.05,81.20,83.75,925,71675,106.82,82.70,83.40
11.08.21 11:06:59,82.90,82.90,80.30,80.30,375,71675,106.77,80.05,80.65
11.08.21 11:07:59,81.40,84.15,81.40,84.15,200,71675,106.74,83.20,84.00
11.08.21 11:08:59,84.95,86.80,84.95,85.00,550,71775,106.68,84.10,84.70
11.08.21 11:09:59,84.85,85.70,84.85,85.40,200,71775,106.66,84.20,85.10
11.08.21 11:10:59,85.05,85.05,83.00,84.00,300,71775,106.62,82.85,83.55
11.08.21 11:11:59,83.05,83.05,83.00,83.00,50,71775,106.61,82.85,83.40
11.08.21 11:13:59,81.55,81.55,80.60,80.60,1650,71825,106.38,80.65,81.40
11.08.21 11:14:59,81.90,81.90,80.45,80.45,600,71725,106.30,80.35,81.00
11.08.21 11:15:59,79.25,80.15,78.40,79.50,2325,71725,105.96,78.30,78.85
11.08.21 11:16:59,78.00,78.95,76.20,78.45,1650,71725,105.71,77.85,78.65
11.08.21 11:17:59,77.10,78.30,77.05,77.60,850,71250,105.59,77.05,77.55
11.08.21 11:18:59,78.40,78.40,76.75,77.55,600,71250,105.50,76.55,77.25
11.08.21 11:19:59,78.05,78.05,78.05,78.05,200,71250,105.47,78.05,78.75
11.08.21 11:20:59,78.00,78.00,78.00,78.00,475,71075,105.40,77.30,77.80
11.08.21 11:21:59,77.00,78.50,77.00,77.25,1400,71075,105.20,76.55,77.05
11.08.21 11:22:59,76.70,79.40,76.70,79.40,1225,71075,105.03,78.70,79.35
11.08.21 11:23:59,80.05,83.15,79.55,82.65,1675,69450,104.82,81.95,82.45
11.08.21 11:24:59,81.95,83.80,81.00,81.80,1425,69450,104.66,81.95,82.50
11.08.21 11:25:59,81.25,81.50,80.10,81.10,1500,69450,104.48,81.45,82.15
11.08.21 11:26:59,82.10,82.10,82.10,82.10,550,69450,104.42,82.15,82.75
11.08.21 11:27:59,82.35,82.35,82.35,82.35,225,68425,104.39,82.05,82.70
11.08.21 11:28:59,81.10,82.65,81.10,82.65,400,68425,104.35,81.80,82.40
11.08.21 11:29:59,82.40,82.40,82.40,82.40,100,68600,104.34,82.20,82.40
11.08.21 11:30:59,82.45,82.45,82.45,82.45,75,68600,104.33,83.00,83.80
11.08.21 11:31:59,82.70,82.70,82.70,82.70,325,68600,104.29,81.20,81.75
11.08.21 11:32:59,80.40,80.40,80.40,80.40,100,67800,104.28,79.55,80.35
11.08.21 11:33:59,79.00,80.65,79.00,80.65,1150,67800,104.14,80.70,81.00
11.08.21 11:34:59,83.30,83.30,83.30,83.30,125,67800,104.13,82.65,83.40
11.08.21 11:35:59,84.30,84.30,84.30,84.30,250,67800,104.10,81.65,82.15
11.08.21 11:36:59,82.75,82.75,81.15,81.15,100,67975,104.09,82.25,82.85
11.08.21 11:37:59,83.55,83.55,83.55,83.55,75,67975,104.09,84.05,84.60
11.08.21 11:38:59,82.80,82.80,82.80,82.80,350,67925,104.05,82.95,83.70
11.08.21 11:39:59,82.80,82.80,82.00,82.00,575,67925,103.99,81.10,81.60
11.08.21 11:40:59,82.50,82.50,82.50,82.50,50,67925,103.98,82.25,82.80
11.08.21 11:41:59,81.05,81.05,81.05,81.05,150,67500,103.97,80.15,80.75
11.08.21 11:42:59,83.35,83.35,83.35,83.35,50,67500,103.96,83.60,83.90
11.08.21 11:43:59,83.55,83.55,83.55,83.55,125,67500,103.95,84.05,84.35
11.08.21 11:44:59,84.60,84.60,84.60,84.60,50,67500,103.94,83.55,84.10
11.08.21 11:45:59,81.75,81.75,81.75,81.75,75,67550,103.94,82.80,83.50
11.08.21 11:46:59,82.45,82.45,82.25,82.25,375,67550,103.90,82.25,82.75
11.08.21 11:47:59,82.30,82.30,82.30,82.30,75,67550,103.89,82.25,82.70
11.08.21 11:48:59,82.65,82.65,81.85,81.85,125,67550,103.87,81.45,82.00
11.08.21 11:50:59,81.30,81.30,81.30,81.30,100,67675,103.86,79.90,80.65
11.08.21 11:51:59,82.15,82.15,82.15,82.15,100,67675,103.85,82.90,83.55
11.08.21 11:52:59,84.00,84.00,84.00,84.00,125,0,103.84,83.35,83.95
11.08.21 11:54:59,80.55,80.55,80.55,80.55,300,67625,103.81,78.75,79.30
11.08.21 11:55:59,77.85,77.85,77.85,77.85,575,67625,103.74,80.25,81.00
11.08.21 11:56:59,82.35,83.90,82.35,83.90,1625,66925,103.56,83.45,84.20
11.08.21 11:57:59,82.45,82.45,82.45,82.45,1525,66925,103.42,82.00,82.60
11.08.21 11:58:59,81.25,81.25,81.25,81.25,375,66925,103.38,81.05,81.45
11.08.21 11:59:59,80.90,80.90,80.90,80.90,125,66450,103.37,80.70,81.50
11.08.21 12:00:59,81.50,81.50,80.10,80.10,200,66450,103.34,80.80,81.25
11.08.21 12:01:59,80.25,80.25,80.25,80.25,225,66450,103.32,80.20,80.70
11.08.21 12:02:59,82.30,82.30,81.70,81.70,175,66400,103.30,80.85,81.30
11.08.21 12:03:59,80.25,80.25,80.25,80.25,50,0,103.30,80.55,81.10
11.08.21 12:05:59,82.50,82.50,82.50,82.50,100,66400,103.29,82.20,82.75
11.08.21 12:06:59,81.55,81.55,81.55,81.55,25,65675,103.28,80.40,81.05
11.08.21 12:07:59,81.05,81.05,81.05,81.05,50,0,103.28,81.65,82.10
11.08.21 12:08:59,82.55,82.55,82.55,82.55,50,65675,103.27,82.00,82.55
11.08.21 12:09:59,84.05,84.05,84.05,84.05,200,65700,103.25,82.35,83.00
11.08.21 12:10:59,81.90,81.90,80.70,80.70,175,65700,103.24,83.30,83.95
11.08.21 12:12:59,83.60,83.70,83.60,83.70,150,65625,103.22,83.60,84.25
11.08.21 12:13:59,84.35,84.35,84.35,84.35,100,65625,103.21,83.85,84.55
11.08.21 12:14:59,84.10,84.10,84.10,84.10,25,65625,103.21,84.30,84.65
11.08.21 12:15:59,84.10,85.00,84.10,85.00,300,65625,103.18,84.35,84.85
11.08.21 12:16:59,83.60,83.60,83.60,83.60,25,65625,103.18,84.75,85.00
11.08.21 12:17:59,85.00,85.00,85.00,85.00,125,65625,103.17,84.65,85.20
11.08.21 12:18:59,85.30,85.30,84.35,84.35,200,65475,103.15,84.90,85.40
11.08.21 12:19:59,86.45,86.70,86.45,86.70,1200,65475,103.06,86.30,86.85
11.08.21 12:20:59,86.45,88.00,85.90,87.05,850,64750,102.99,86.40,86.95
11.08.21 12:21:59,86.60,88.15,86.15,86.40,500,64750,102.95,85.50,86.10
11.08.21 12:22:59,86.00,86.00,85.65,85.65,725,64750,102.90,84.00,84.50
11.08.21 12:23:59,84.15,86.25,84.00,85.55,450,64750,102.86,84.35,85.15
11.08.21 12:24:59,84.80,86.60,84.80,86.60,525,64500,102.82,86.45,87.10
11.08.21 12:25:59,85.60,86.35,85.60,86.35,50,64500,102.81,86.25,86.80
11.08.21 12:26:59,87.05,87.05,87.05,87.05,50,64500,102.81,87.45,87.95
11.08.21 12:27:59,87.10,87.25,85.90,85.90,300,64425,102.79,86.45,87.00
11.08.21 12:28:59,87.00,88.05,87.00,87.20,700,64425,102.74,86.65,87.20
11.08.21 12:29:59,87.55,87.55,86.55,86.55,400,64425,102.71,86.55,87.05
11.08.21 12:30:59,88.25,88.25,87.05,87.05,475,64100,102.68,86.95,87.55
11.08.21 12:31:59,87.45,87.45,86.80,86.80,125,64100,102.67,86.55,87.15
11.08.21 12:32:59,87.20,87.20,86.70,86.70,475,64100,102.63,85.95,86.55
11.08.21 12:33:59,85.70,85.70,85.70,85.70,25,63725,102.63,86.65,87.20
11.08.21 12:34:59,86.40,86.60,86.40,86.60,325,63725,102.61,86.15,86.65
11.08.21 12:35:59,86.70,87.45,85.65,85.65,800,63175,102.55,85.65,86.05
11.08.21 12:36:59,85.65,86.20,85.25,85.25,425,63175,102.52,84.95,85.55
11.08.21 12:37:59,85.25,85.25,85.20,85.20,1125,63175,102.43,84.65,85.20
11.08.21 12:38:59,86.10,86.10,86.10,86.10,50,63175,102.42,87.15,87.75
11.08.21 12:39:59,88.60,88.60,87.85,87.85,2600,63450,102.26,87.25,88.10
11.08.21 12:40:59,87.65,87.65,87.65,87.65,250,63450,102.24,87.25,88.10
11.08.21 12:41:59,87.65,87.65,87.65,87.65,375,63450,102.22,85.75,86.75
11.08.21 12:42:59,83.90,83.90,83.90,83.90,1475,64200,102.10,83.05,83.65
11.08.21 12:43:59,83.55,83.55,83.55,83.55,75,64200,102.09,84.05,84.75
11.08.21 12:44:59,84.35,84.35,83.05,83.05,225,64200,102.07,82.15,83.00
11.08.21 12:45:59,84.35,84.35,84.35,84.35,175,63675,102.06,84.05,84.80
11.08.21 12:46:59,85.45,85.45,85.45,85.45,125,63675,102.05,84.65,85.20
11.08.21 12:47:59,84.90,84.90,84.30,84.30,75,63675,102.04,84.00,84.60
11.08.21 12:48:59,84.00,84.00,84.00,84.00,175,63575,102.03,83.90,84.50
11.08.21 12:49:59,78.80,82.25,78.80,82.25,1225,63575,101.91,81.80,82.30
11.08.21 12:50:59,82.00,84.25,82.00,83.60,400,63575,101.88,82.65,83.20
11.08.21 12:51:59,83.45,83.45,83.25,83.25,75,63525,101.87,83.05,83.45
11.08.21 12:52:59,82.75,82.75,82.75,82.75,25,63525,101.87,81.60,82.15
11.08.21 12:53:59,82.80,83.00,82.75,82.75,100,63525,101.86,81.75,82.25
11.08.21 12:54:59,83.40,83.40,83.40,83.40,25,63600,101.86,82.75,83.50
11.08.21 12:56:59,82.20,82.20,82.20,82.20,100,63600,101.85,82.20,82.80
11.08.21 12:57:59,82.50,82.50,81.25,81.85,150,63525,101.84,80.85,81.45
11.08.21 12:58:59,82.85,82.85,82.85,82.85,350,63525,101.81,82.95,83.50
11.08.21 12:59:59,82.80,82.80,82.80,82.80,75,63525,101.80,82.00,82.70
11.08.21 13:00:59,82.75,82.75,82.70,82.70,125,63375,101.79,82.05,82.60
11.08.21 13:02:59,81.05,81.05,80.00,80.00,300,63375,101.76,80.35,80.85
11.08.21 13:03:59,80.20,80.20,80.20,80.20,200,63600,101.74,79.55,80.00
11.08.21 13:04:59,79.35,79.35,78.70,78.70,75,63600,101.74,79.10,79.75
11.08.21 13:05:59,77.85,77.85,77.85,77.85,150,63600,101.72,79.70,80.65
11.08.21 13:06:59,79.80,79.80,79.80,79.80,25,63500,101.72,79.70,80.40
11.08.21 13:07:59,80.50,80.50,80.50,80.50,150,63500,101.70,80.00,80.45
11.08.21 13:08:59,80.35,80.35,80.35,80.35,25,63500,101.70,80.20,80.95
11.08.21 13:09:59,81.70,81.70,81.50,81.50,250,63475,101.68,79.40,80.10
11.08.21 13:11:59,81.50,81.50,81.50,81.50,75,63475,101.67,80.65,81.25
11.08.21 13:12:59,81.25,81.25,79.80,79.80,375,63425,101.64,78.95,79.55
11.08.21 13:14:59,79.20,79.20,79.20,79.20,50,63425,101.63,78.70,79.20
11.08.21 13:15:59,79.00,79.00,79.00,79.00,425,63700,101.59,78.55,79.05
11.08.21 13:16:59,79.00,79.00,78.90,78.90,125,63700,101.58,78.80,79.10
11.08.21 13:17:59,79.35,79.35,79.35,79.35,100,63700,101.57,78.70,79.55
11.08.21 13:18:59,79.00,79.50,79.00,79.50,75,63950,101.56,79.75,80.40
11.08.21 13:19:59,79.60,79.80,79.60,79.80,150,63950,101.55,79.70,80.25
11.08.21 13:20:59,84.10,84.10,83.90,83.90,725,63950,101.49,84.35,85.05
11.08.21 13:21:59,85.00,87.20,83.30,87.20,1125,63600,101.41,86.00,87.00
11.08.21 13:22:59,84.85,85.50,84.60,85.50,550,63600,101.37,85.05,85.95
11.08.21 13:23:59,85.00,87.50,85.00,87.50,800,63600,101.32,87.60,88.35
11.08.21 13:24:59,88.60,88.60,88.45,88.45,750,63500,101.28,88.45,89.25
11.08.21 13:25:59,89.05,90.65,88.55,90.25,1075,63500,101.23,88.60,89.25
11.08.21 13:26:59,89.00,89.80,88.65,89.80,325,63500,101.21,88.80,89.50
11.08.21 13:27:59,89.25,89.25,85.75,85.75,225,63825,101.20,85.45,85.85
11.08.21 13:28:59,86.05,86.05,85.00,85.00,550,63825,101.16,85.10,85.50
11.08.21 13:29:59,85.10,87.60,85.10,87.60,550,63825,101.13,86.30,87.15
11.08.21 13:30:59,86.55,86.55,84.70,84.70,300,63850,101.11,84.95,85.50
11.08.21 13:31:59,86.10,86.10,86.10,86.10,100,63850,101.10,85.45,86.05
11.08.21 13:32:59,86.25,86.25,86.25,86.25,225,63850,101.09,85.60,86.35
11.08.21 13:34:59,87.45,87.45,87.45,87.45,375,63800,101.06,87.80,88.60
11.08.21 13:35:59,88.10,90.50,88.10,90.50,1275,63800,101.00,90.30,91.05
11.08.21 13:36:59,90.80,91.85,90.80,91.00,725,63225,100.97,90.95,91.70
11.08.21 13:37:59,91.50,92.05,89.85,89.85,1575,63225,100.91,89.00,89.70
11.08.21 13:38:59,89.85,89.85,89.85,89.85,400,63225,100.89,90.05,90.95
11.08.21 13:39:59,88.25,89.30,88.25,89.30,925,63825,100.84,89.15,90.10
11.08.21 13:40:59,90.45,90.45,90.45,90.45,575,63825,100.82,89.30,89.85
11.08.21 13:41:59,88.00,90.90,88.00,90.90,1050,63825,100.77,90.10,90.85
11.08.21 13:42:59,90.95,90.95,90.95,90.95,400,63150,100.75,90.00,90.70
11.08.21 13:43:59,89.45,89.45,89.45,89.45,950,63150,100.71,88.85,89.65
11.08.21 13:44:59,90.80,92.20,90.80,92.20,975,63150,100.67,91.55,92.05
11.08.21 13:45:59,91.90,92.15,91.90,92.15,600,62150,100.65,92.10,93.00
11.08.21 13:46:59,92.00,92.00,90.00,90.00,875,62150,100.62,90.30,90.85
11.08.21 13:47:59,90.55,90.90,90.55,90.90,75,62150,100.61,90.10,90.90
11.08.21 13:48:59,90.50,90.50,89.00,89.00,825,62025,100.58,89.25,89.80
11.08.21 13:49:59,89.10,89.10,89.10,89.10,1625,62025,100.50,88.95,89.65
11.08.21 13:50:59,89.40,89.85,89.40,89.85,2775,62025,100.38,90.45,91.15
11.08.21 13:51:59,90.05,90.05,90.05,90.05,550,61200,100.36,89.80,90.55
11.08.21 13:52:59,89.70,91.00,89.70,91.00,425,61200,100.34,90.95,91.45
11.08.21 13:53:59,91.60,91.60,91.60,91.60,200,61200,100.34,91.55,92.20
11.08.21 13:54:59,92.10,95.00,92.10,95.00,850,61475,100.31,94.25,95.25
11.08.21 13:55:59,95.30,95.70,93.10,93.35,1925,61475,100.27,93.05,93.70
11.08.21 13:56:59,93.45,94.35,92.60,92.85,675,61475,100.26,92.00,92.60
11.08.21 13:57:59,92.00,92.10,90.85,92.10,1750,61000,100.20,91.80,92.55
11.08.21 13:58:59,92.55,92.55,92.55,92.55,25,61000,100.20,92.30,93.05
11.08.21 13:59:59,92.65,92.65,92.40,92.40,50,61000,100.19,91.95,92.70
11.08.21 14:00:59,91.50,91.50,89.60,89.60,525,61250,100.18,89.55,90.25
11.08.21 14:01:59,89.50,89.75,88.00,88.00,275,61250,100.16,86.55,87.50
11.08.21 14:02:59,86.65,86.65,85.00,86.15,350,61250,100.14,85.65,86.35
11.08.21 14:03:59,86.45,87.40,86.45,87.35,225,61250,100.13,86.75,87.30
11.08.21 14:04:59,87.40,88.50,87.05,87.75,475,61250,100.11,87.90,88.40
11.08.21 14:05:59,85.40,85.70,85.40,85.70,650,61250,100.07,84.65,85.40
11.08.21 14:06:59,84.95,84.95,82.60,82.60,100,61050,100.06,82.50,83.05
11.08.21 14:07:59,82.55,85.25,82.25,85.25,400,61050,100.04,84.90,85.50
11.08.21 14:08:59,85.40,85.40,85.05,85.05,50,61050,100.04,84.95,85.50
11.08.21 14:09:59,84.95,87.90,84.95,87.15,350,61150,100.02,87.05,87.50
11.08.21 14:10:59,88.15,89.00,87.90,87.90,1100,61150,99.97,87.55,88.05
11.08.21 14:11:59,86.95,87.60,86.80,87.00,350,61150,99.95,86.90,87.55
11.08.21 14:12:59,85.95,85.95,84.00,85.65,400,61775,99.93,85.45,86.20
11.08.21 14:14:59,84.00,84.55,84.00,84.55,100,61775,99.93,84.85,85.45
11.08.21 14:15:59,83.60,85.85,83.60,85.85,650,61800,99.89,85.85,86.65
11.08.21 14:16:59,86.80,86.85,85.45,86.85,525,61800,99.86,86.65,87.30
11.08.21 14:17:59,86.90,86.90,85.30,85.30,325,61800,99.84,85.15,86.00
11.08.21 14:18:59,85.75,85.75,85.75,85.75,25,61525,99.84,84.90,85.80
11.08.21 14:19:59,86.75,86.75,85.90,85.90,75,61525,99.84,85.40,85.95
11.08.21 14:20:59,86.75,86.75,86.75,86.75,50,61525,99.84,86.10,86.75
11.08.21 14:21:59,86.05,86.05,84.35,84.90,250,60975,99.82,85.60,86.25
11.08.21 14:22:59,85.95,86.85,85.95,86.85,50,60975,99.82,85.55,86.30
11.08.21 14:23:59,85.00,85.65,85.00,85.65,275,60975,99.81,85.55,85.90
11.08.21 14:24:59,85.25,85.25,85.25,85.25,200,60950,99.79,84.70,85.30
11.08.21 14:25:59,85.75,85.75,85.00,85.00,950,60950,99.74,84.70,85.75
11.08.21 14:26:59,84.50,85.25,84.50,85.25,325,60950,99.72,85.00,85.60
11.08.21 14:27:59,85.00,85.40,85.00,85.40,300,61500,99.71,84.70,85.35
11.08.21 14:28:59,84.00,84.00,79.00,80.60,300,61500,99.69,80.20,80.85
11.08.21 14:29:59,79.80,79.80,74.20,75.00,2025,61500,99.51,74.05,74.70
11.08.21 14:30:59,74.60,75.75,72.90,74.60,850,62050,99.43,75.75,75.95
11.08.21 14:31:59,75.25,77.55,75.25,77.55,775,62050,99.37,77.55,78.00
11.08.21 14:32:59,77.40,77.40,75.85,75.90,3125,62050,99.11,75.80,76.00
11.08.21 14:33:59,76.00,76.50,75.50,75.95,925,65775,99.03,75.50,76.00
11.08.21 14:34:59,76.00,76.00,74.90,74.90,1625,65775,98.90,75.10,75.75
11.08.21 14:35:59,76.00,77.00,76.00,77.00,1300,65775,98.79,76.50,77.10
11.08.21 14:36:59,77.20,78.25,76.35,77.05,1050,68825,98.71,77.05,77.65
11.08.21 14:37:59,77.50,77.95,76.30,77.05,550,68825,98.67,76.95,77.40
11.08.21 14:38:59,76.95,77.30,76.95,77.30,100,68825,98.66,77.05,77.45
11.08.21 14:39:59,77.70,77.70,77.10,77.10,1175,69175,98.57,76.55,77.00
11.08.21 14:40:59,76.30,76.45,76.30,76.45,50,69175,98.57,76.85,77.35
11.08.21 14:41:59,77.20,77.20,76.00,76.10,2200,69175,98.40,75.95,76.10
11.08.21 14:42:59,75.80,75.90,75.20,75.60,825,68325,98.34,75.30,75.90
11.08.21 14:43:59,75.30,75.30,75.25,75.25,100,68325,98.33,74.65,75.20
11.08.21 14:44:59,74.90,74.90,74.90,74.90,325,68325,98.30,74.90,75.50
11.08.21 14:45:59,76.00,78.15,76.00,78.15,850,69350,98.24,78.25,79.00
11.08.21 14:46:59,78.45,79.70,76.95,77.10,1375,69350,98.14,76.80,77.45
11.08.21 14:47:59,77.10,77.10,77.10,77.10,250,69350,98.12,76.10,76.80
11.08.21 14:48:59,76.65,76.65,75.00,75.00,50,68750,98.12,75.55,76.00
11.08.21 14:49:59,75.75,75.95,74.85,75.00,350,68750,98.09,74.85,75.35
11.08.21 14:50:59,74.85,76.50,74.85,75.00,700,68750,98.04,75.55,76.05
11.08.21 14:51:59,75.30,75.45,71.80,72.45,1200,68550,97.93,72.85,73.45
11.08.21 14:52:59,72.75,72.75,71.25,71.45,925,68550,97.85,71.00,71.45
11.08.21 14:53:59,71.35,72.20,70.85,72.20,1400,68550,97.72,72.75,73.25
11.08.21 14:54:59,72.70,73.95,71.00,72.05,900,68700,97.64,71.75,72.40
11.08.21 14:55:59,71.50,71.50,71.25,71.50,1700,68700,97.49,71.50,72.10
11.08.21 14:56:59,71.50,71.50,70.65,70.65,125,68700,97.48,70.50,71.10
11.08.21 14:57:59,71.45,72.00,71.45,71.85,275,69000,97.46,71.85,72.10
11.08.21 14:58:59,71.85,71.85,70.50,70.50,825,69000,97.39,70.90,71.30
11.08.21 14:59:59,70.05,70.90,69.85,70.10,975,69000,97.30,70.10,70.85
11.08.21 15:00:59,71.35,73.70,70.85,72.15,1050,69150,97.21,72.20,72.90
11.08.21 15:01:59,73.50,75.10,72.75,74.45,3475,69150,96.95,73.80,74.40
11.08.21 15:02:59,73.95,75.00,73.95,75.00,875,69150,96.89,74.75,75.25
11.08.21 15:03:59,74.55,75.55,74.55,75.50,1500,66950,96.78,75.00,75.60
11.08.21 15:04:59,76.00,76.65,75.80,76.45,625,66950,96.74,76.35,77.00
11.08.21 15:05:59,76.75,76.80,75.10,76.20,875,66950,96.68,76.35,76.95
11.08.21 15:06:59,76.55,77.00,75.00,77.00,575,66025,96.64,77.40,77.70
11.08.21 15:07:59,78.30,78.65,77.00,77.10,1225,66025,96.57,77.00,77.35
11.08.21 15:08:59,78.20,78.50,77.80,78.35,875,66025,96.51,78.35,78.85
11.08.21 15:09:59,78.35,78.35,77.55,77.75,975,65525,96.46,77.70,78.15
11.08.21 15:10:59,78.45,78.45,75.30,75.60,3775,65525,96.21,75.60,76.15
11.08.21 15:11:59,76.50,78.15,76.35,77.80,5450,65525,95.89,77.80,78.00
11.08.21 15:12:59,77.70,78.85,77.00,77.65,3800,72575,95.68,77.25,77.70
11.08.21 15:13:59,77.30,77.30,75.15,76.75,4000,72575,95.44,76.30,76.75
11.08.21 15:14:59,77.00,77.00,74.80,74.80,2450,72575,95.30,74.90,75.75
11.08.21 15:15:59,75.15,76.60,75.05,75.45,3350,76050,95.10,74.95,75.60
11.08.21 15:16:59,74.95,75.85,74.85,75.05,2175,76050,94.97,74.80,75.55
11.08.21 15:17:59,74.55,74.55,74.55,74.55,3850,76050,94.74,74.55,74.95
11.08.21 15:18:59,74.95,74.95,74.95,74.95,3050,83200,94.56,74.45,74.90
11.08.21 15:19:59,74.45,74.45,74.05,74.05,5650,83200,94.23,73.95,74.50
11.08.21 15:20:59,73.20,73.20,73.20,73.20,2500,83200,94.09,73.20,73.65
11.08.21 15:21:59,73.65,74.00,73.65,74.00,3825,85625,93.87,73.60,74.00
11.08.21 15:22:59,74.00,75.00,74.00,74.15,2675,85625,93.72,74.30,74.45
11.08.21 15:23:59,74.60,74.60,74.60,74.60,375,85625,93.70,74.35,74.75
11.08.21 15:24:59,73.45,74.35,73.45,74.35,3675,86325,93.50,74.00,74.50
11.08.21 15:25:59,74.50,74.75,73.00,73.30,3500,86325,93.32,73.00,73.40
11.08.21 15:26:59,74.05,74.05,72.20,72.70,2625,86325,93.17,72.30,72.60
11.08.21 15:27:59,72.30,72.60,71.00,71.00,3100,84425,92.99,70.85,71.50
11.08.21 15:28:59,71.05,71.15,69.70,70.10,3250,84425,92.80,69.65,69.95
11.08.21 15:30:00,70.00,70.00,66.00,66.00,3975,84425,92.54,66.05,71.85
12.08.21 09:15:59,69.95,70.00,69.95,70.00,50,86375,69.97,54.15,77.75
12.08.21 09:16:59,74.25,78.80,74.25,74.25,5175,86375,74.93,73.55,74.45
12.08.21 09:18:59,76.10,81.60,75.05,80.90,7625,86850,76.23,80.30,80.85
12.08.21 09:19:59,80.75,81.20,76.00,76.50,3100,86850,76.62,76.55,77.25
12.08.21 09:20:59,77.00,78.25,71.00,75.00,4675,87800,76.17,75.45,76.20
12.08.21 09:21:59,75.50,76.10,70.75,75.90,4725,87800,75.71,74.55,75.10
12.08.21 09:22:59,74.75,74.75,69.00,69.30,3150,87800,75.20,69.35,69.85
12.08.21 09:23:59,70.00,71.00,69.70,69.70,975,88350,75.04,70.40,71.00
12.08.21 09:24:59,70.10,70.10,61.35,63.35,4075,88350,73.84,61.30,61.90
12.08.21 09:25:59,61.05,61.05,57.35,59.10,4650,88350,72.06,58.25,58.80
12.08.21 09:26:59,58.60,59.55,57.00,57.75,5275,87900,70.39,57.20,57.75
12.08.21 09:27:59,57.05,58.70,56.90,57.50,6350,87900,68.77,57.15,57.75
12.08.21 09:28:59,57.85,60.80,57.85,60.45,3525,87900,68.17,59.95,60.50
12.08.21 09:29:59,60.50,60.50,57.20,57.95,6475,88025,67.14,58.15,58.75
12.08.21 09:30:59,58.00,59.00,57.00,57.00,5625,88025,66.33,56.85,57.30
12.08.21 09:31:59,56.85,57.25,55.55,57.10,6025,88025,65.50,56.75,57.15
12.08.21 09:32:59,56.65,58.55,56.35,57.00,1750,83175,65.30,56.75,57.15
12.08.21 09:33:59,57.40,58.10,56.80,56.80,7900,83175,64.53,56.65,57.35
12.08.21 09:34:59,56.65,57.05,54.50,54.50,6450,83175,63.91,54.40,54.85
12.08.21 09:35:59,53.85,53.85,51.05,52.20,7500,81950,63.00,51.60,52.00
12.08.21 09:36:59,51.60,53.20,51.35,53.20,1475,81950,62.83,52.90,53.35
12.08.21 09:37:59,52.90,55.75,52.90,55.75,4100,81950,62.50,55.35,55.85
12.08.21 09:38:59,55.50,56.75,54.15,56.35,1800,80975,62.38,55.70,56.00
12.08.21 09:39:59,55.85,58.00,55.35,55.35,3075,80975,62.22,55.10,55.55
12.08.21 09:40:59,54.70,56.60,54.70,55.80,2950,80975,62.04,55.80,56.10
12.08.21 09:41:59,55.45,55.95,55.45,55.95,775,77750,62.00,56.75,57.10
12.08.21 09:42:59,56.40,56.40,53.35,53.85,2475,77750,61.84,53.00,53.45
12.08.21 09:43:59,53.20,54.55,52.05,52.30,1800,77750,61.70,51.80,52.30
12.08.21 09:44:59,52.25,54.10,52.25,53.25,1225,75150,61.61,53.10,53.50
12.08.21 09:45:59,52.00,54.25,51.75,52.75,1975,75150,61.47,52.75,53.15
12.08.21 09:46:59,52.80,54.45,52.80,54.45,1850,75150,61.35,54.10,54.70
12.08.21 09:47:59,54.25,55.50,53.70,54.35,4075,75700,61.13,54.15,54.50
12.08.21 09:48:59,54.35,55.30,53.65,54.95,2600,75700,61.00,54.65,55.00
12.08.21 09:49:59,54.55,55.65,53.30,55.00,1650,75700,60.91,54.25,54.80
12.08.21 09:50:59,54.30,55.55,54.30,55.40,1225,76075,60.85,54.90,55.25
12.08.21 09:51:59,55.05,56.45,53.65,56.30,1950,76075,60.77,55.35,55.75
12.08.21 09:52:59,55.60,56.85,55.60,56.30,2575,76075,60.68,55.85,56.30
12.08.21 09:53:59,56.75,57.90,56.00,56.20,2075,77425,60.62,56.55,56.95
12.08.21 09:54:59,57.10,59.05,57.10,58.90,1300,77425,60.60,58.25,58.60
12.08.21 09:55:59,58.20,58.50,56.95,57.70,900,77425,60.58,57.80,58.20
12.08.21 09:56:59,57.35,58.05,57.05,57.05,1625,77150,60.55,57.05,57.60
12.08.21 09:57:59,57.00,58.30,54.00,56.95,7450,77150,60.37,56.65,57.05
12.08.21 09:58:59,56.90,58.00,56.15,56.70,2050,77150,60.32,56.80,57.10
12.08.21 09:59:59,56.75,57.75,55.30,56.95,2125,77125,60.27,56.95,57.50
12.08.21 10:00:59,57.50,59.95,57.20,58.90,2125,77125,60.24,59.00,59.55
12.08.21 10:01:59,59.95,62.80,59.75,61.85,2400,77125,60.24,60.50,61.05
12.08.21 10:02:59,61.30,66.10,61.30,66.10,4025,76650,60.35,65.65,66.10
12.08.21 10:03:59,66.00,66.00,62.25,64.30,2925,76650,60.42,64.30,64.40
12.08.21 10:04:59,64.30,67.85,62.95,66.80,5000,76650,60.60,66.30,66.85
12.08.21 10:05:59,66.50,68.25,66.50,67.55,2225,73925,60.70,67.65,68.15
12.08.21 10:06:59,68.40,71.50,68.40,70.05,3050,73925,60.86,70.10,70.70
12.08.21 10:07:59,71.10,71.10,67.75,67.75,1575,73925,60.94,68.10,68.80
12.08.21 10:08:59,68.40,69.65,68.25,69.45,700,75100,60.97,68.85,69.35
12.08.21 10:09:59,69.30,69.85,67.95,67.95,1350,75100,61.03,67.60,68.00
12.08.21 10:10:59,67.70,67.95,62.40,62.40,3300,75100,61.10,62.20,62.75
12.08.21 10:11:59,62.40,64.45,61.90,64.45,1075,73800,61.11,64.25,64.70
12.08.21 10:12:59,63.75,63.75,61.70,62.40,1225,73800,61.12,61.70,62.15
12.08.21 10:13:59,61.80,63.15,61.40,63.15,1225,73800,61.12,63.00,63.45
12.08.21 10:14:59,62.35,63.00,62.35,63.00,750,75225,61.13,61.95,62.45
12.08.21 10:15:59,62.40,64.35,62.40,63.10,2175,75225,61.16,62.60,63.25
12.08.21 10:16:59,62.80,62.80,60.45,61.05,375,75225,61.16,60.70,61.30
12.08.21 10:17:59,62.00,62.20,61.25,61.40,325,75525,61.16,60.95,61.55
12.08.21 10:18:59,60.95,61.60,60.70,61.05,2725,75525,61.16,60.10,60.70
12.08.21 10:19:59,61.30,61.30,61.30,61.30,525,75525,61.16,60.75,61.20
12.08.21 10:20:59,60.10,60.10,60.10,60.10,3375,76075,61.14,59.60,60.00
12.08.21 10:21:59,60.45,61.65,60.15,61.40,3975,76075,61.12,60.95,61.45
12.08.21 10:22:59,61.30,63.05,60.90,62.75,900,76075,61.13,62.25,62.75
12.08.21 10:23:59,62.60,64.20,62.60,63.50,850,76850,61.14,64.10,64.60
12.08.21 10:24:59,64.30,64.65,62.70,64.25,1325,76850,61.16,64.00,64.45
12.08.21 10:25:59,63.80,65.10,63.10,63.25,2725,76850,61.20,62.85,63.40
12.08.21 10:26:59,63.50,64.35,61.95,61.95,2625,76125,61.23,61.75,62.30
12.08.21 10:27:59,62.00,64.15,62.00,63.35,3000,76125,61.26,63.25,63.80
12.08.21 10:28:59,63.00,64.50,63.00,63.60,350,76125,61.27,63.45,63.95
12.08.21 10:29:59,63.40,63.40,62.25,63.15,1175,76125,61.28,62.60,63.20
12.08.21 10:30:59,62.05,63.00,62.00,62.00,650,77600,61.28,62.15,62.65
12.08.21 10:31:59,62.05,62.05,58.50,58.50,1050,77600,61.28,59.00,59.55
12.08.21 10:32:59,58.45,61.05,57.80,61.00,1700,78900,61.26,60.85,61.20
12.08.21 10:33:59,61.60,63.05,61.55,63.05,450,78900,61.26,62.40,62.95
12.08.21 10:34:59,62.55,63.15,62.40,62.40,450,78900,61.26,62.50,63.05
12.08.21 10:35:59,62.95,63.00,62.30,62.40,1175,78725,61.27,62.55,63.05
12.08.21 10:36:59,62.20,62.35,61.80,62.35,725,78725,61.27,62.35,62.85
12.08.21 10:37:59,62.85,63.60,62.05,62.05,850,78725,61.28,62.25,62.60
12.08.21 10:38:59,63.00,64.85,63.00,64.20,1075,78825,61.29,63.40,64.00
12.08.21 10:39:59,63.30,63.45,62.70,63.15,1625,78825,61.31,62.95,63.50
12.08.21 10:40:59,62.40,62.40,61.85,61.85,450,78825,61.31,61.70,62.20
12.08.21 10:41:59,61.45,61.45,60.20,61.15,700,78150,61.31,60.40,60.75
12.08.21 10:42:59,60.40,60.50,58.55,58.80,1225,78150,61.30,58.60,59.05
12.08.21 10:43:59,58.55,59.55,58.00,59.55,625,78150,61.29,59.15,59.65
12.08.21 10:44:59,59.50,60.20,58.70,58.70,1800,78550,61.28,58.85,59.35
12.08.21 10:45:59,58.60,58.60,56.55,57.75,1025,78550,61.26,58.55,58.90
12.08.21 10:46:59,58.70,59.20,58.05,58.70,1925,78550,61.24,59.00,59.30
12.08.21 10:47:59,58.75,59.35,58.55,59.25,1425,79075,61.23,58.85,59.30
12.08.21 10:48:59,59.40,59.40,59.40,59.40,450,79075,61.22,59.30,59.70
12.08.21 10:49:59,59.90,60.00,59.25,59.90,600,79075,61.22,59.25,59.65
12.08.21 10:50:59,59.90,59.90,59.90,59.90,175,78875,61.22,59.80,60.15
12.08.21 10:51:59,60.60,61.70,60.60,61.15,1175,78875,61.22,61.00,61.35
12.08.21 10:52:59,61.65,61.65,60.45,61.40,1300,78875,61.21,60.95,61.30
12.08.21 10:53:59,61.00,61.15,60.35,60.70,825,79575,61.21,60.60,60.95
12.08.21 10:54:59,60.60,61.35,60.45,61.35,425,79575,61.21,61.00,61.30
12.08.21 10:55:59,61.50,61.50,61.50,61.50,300,79575,61.21,61.40,61.65
12.08.21 10:56:59,61.90,62.50,61.55,61.60,1150,79575,61.21,62.10,62.45
12.08.21 10:57:59,61.35,62.00,60.85,62.00,1025,79350,61.22,62.50,62.95
12.08.21 10:58:59,63.40,64.05,62.70,63.45,575,79350,61.22,63.00,63.60
12.08.21 10:59:59,62.90,63.90,61.05,61.05,2175,79125,61.23,60.90,61.25
12.08.21 11:00:59,60.80,60.80,58.70,59.35,1625,79125,61.22,59.25,59.50
12.08.21 11:01:59,59.55,60.80,59.55,60.80,925,79125,61.21,60.85,61.20
12.08.21 11:02:59,60.75,60.75,59.80,60.50,500,79525,61.21,60.35,60.75
12.08.21 11:03:59,60.50,61.75,60.25,61.75,775,79525,61.21,61.70,62.25
12.08.21 11:04:59,61.40,61.60,60.60,60.60,950,79525,61.21,60.30,60.70
12.08.21 11:05:59,60.05,60.55,60.05,60.55,325,79525,61.21,60.50,60.85
12.08.21 11:06:59,59.50,59.50,59.50,59.50,275,79775,61.21,59.50,59.80
12.08.21 11:07:59,60.20,60.55,59.70,60.00,375,79775,61.20,59.85,60.30
12.08.21 11:08:59,60.25,60.80,60.00,60.00,425,79500,61.20,60.10,60.45
12.08.21 11:09:59,60.20,60.20,60.20,60.20,475,79500,61.20,60.90,61.40
12.08.21 11:10:59,60.40,61.40,60.20,60.75,725,79500,61.20,60.60,61.05
12.08.21 11:11:59,60.45,60.90,59.50,59.50,350,78850,61.20,59.40,59.80
12.08.21 11:12:59,59.50,59.50,58.30,58.30,250,78850,61.20,58.20,58.55
12.08.21 11:13:59,58.60,58.85,58.60,58.85,100,78850,61.19,59.10,59.45
12.08.21 11:14:59,59.05,59.05,59.05,59.05,175,79350,61.19,58.85,59.20
12.08.21 11:15:59,59.05,59.05,59.05,59.05,75,79350,61.19,58.90,59.20
12.08.21 11:16:59,59.20,59.20,56.90,56.90,1200,79350,61.17,56.80,57.25
12.08.21 11:17:59,57.55,57.70,57.40,57.70,225,79825,61.17,57.65,57.95
12.08.21 11:18:59,58.00,59.00,58.00,58.85,700,79825,61.16,58.60,59.15
12.08.21 11:19:59,59.50,60.65,59.50,59.75,1125,79825,61.16,59.40,59.80
12.08.21 11:20:59,60.60,60.60,60.05,60.05,75,79825,61.16,59.65,59.90
12.08.21 11:21:59,59.50,59.50,59.50,59.50,50,79125,61.16,58.90,59.25
12.08.21 11:23:59,58.95,58.95,57.40,58.40,1025,79575,61.15,58.25,58.80
12.08.21 11:24:59,57.60,58.25,57.60,57.75,450,79575,61.14,57.70,58.05
12.08.21 11:25:59,57.80,58.30,57.80,58.30,750,79575,61.13,58.50,58.90
12.08.21 11:26:59,58.90,58.90,58.90,58.90,100,79575,61.13,58.55,59.00
12.08.21 11:27:59,57.85,60.95,57.85,60.00,2525,79950,61.12,59.70,60.05
12.08.21 11:28:59,60.05,60.35,59.70,60.25,550,79950,61.12,59.90,60.40
12.08.21 11:29:59,59.75,59.75,58.40,58.40,1475,80475,61.10,58.95,59.40
12.08.21 11:30:59,58.75,58.75,58.75,58.75,50,80475,61.10,59.15,59.45
12.08.21 11:31:59,60.00,60.05,58.75,58.75,1400,80475,61.09,58.25,58.75
12.08.21 11:32:59,56.70,56.85,52.25,52.85,3775,82025,60.99,52.70,53.30
12.08.21 11:33:59,52.65,57.25,52.65,56.70,900,82025,60.97,56.40,56.85
12.08.21 11:34:59,55.60,55.80,55.10,55.70,1650,82025,60.94,55.30,55.65
12.08.21 11:35:59,54.80,55.15,53.95,55.15,825,82750,60.92,55.25,55.65
12.08.21 11:36:59,55.30,55.85,52.40,52.40,1400,82750,60.88,51.55,52.15
12.08.21 11:37:59,53.20,55.80,52.40,55.40,3625,82750,60.80,54.90,55.40
12.08.21 11:38:59,54.90,55.90,53.70,54.45,1650,80825,60.76,54.55,54.75
12.08.21 11:39:59,54.65,56.25,54.40,54.50,450,80825,60.75,55.50,55.90
12.08.21 11:40:59,55.60,56.55,55.00,55.15,975,80825,60.73,55.25,55.65
12.08.21 11:41:59,55.35,55.35,53.30,54.80,1575,80575,60.69,53.60,54.25
12.08.21 11:42:59,54.20,54.80,53.90,54.20,425,80575,60.68,54.65,55.05
12.08.21 11:43:59,54.90,56.20,54.80,56.20,525,80575,60.67,55.55,55.80
12.08.21 11:44:59,56.05,57.05,55.90,56.35,1000,80125,60.66,55.95,56.35
12.08.21 11:45:59,56.00,56.40,55.70,56.15,300,80125,60.65,56.15,56.55
12.08.21 11:46:59,55.75,56.95,55.75,56.95,1150,80125,60.64,56.60,57.00
12.08.21 11:47:59,57.00,58.45,56.95,57.40,1850,80050,60.62,57.20,57.55
12.08.21 11:48:59,57.60,58.00,57.20,57.70,375,80050,60.61,58.15,58.65
12.08.21 11:49:59,58.10,58.40,57.55,58.15,775,80050,60.61,58.30,58.65
12.08.21 11:50:59,58.75,58.75,56.55,56.55,275,80475,60.60,56.60,56.95
12.08.21 11:51:59,57.20,57.90,57.10,57.90,425,80475,60.60,58.20,58.50
12.08.21 11:52:59,57.85,58.50,57.85,58.40,425,80475,60.59,57.90,58.15
12.08.21 11:53:59,58.00,58.15,56.00,56.00,2425,81050,60.56,55.75,56.10
12.08.21 11:54:59,55.80,56.50,55.80,56.50,150,81050,60.56,56.50,56.85
12.08.21 11:55:59,57.80,57.80,57.80,57.80,450,81050,60.56,57.15,57.60
12.08.21 11:56:59,57.15,58.00,56.80,56.80,1725,81900,60.54,57.05,57.45
12.08.21 11:57:59,57.10,57.10,57.10,57.10,275,81900,60.53,57.25,57.60
12.08.21 11:58:59,56.50,56.50,56.50,56.50,1725,81900,60.51,55.95,56.55
12.08.21 11:59:59,56.40,56.40,56.40,56.40,575,82500,60.50,56.05,56.55
12.08.21 12:00:59,56.50,56.95,55.85,56.95,1700,82500,60.48,57.40,57.70
12.08.21 12:01:59,57.70,57.70,57.10,57.10,525,82500,60.47,57.25,57.65
12.08.21 12:02:59,56.55,56.55,56.55,56.55,325,82500,60.47,56.75,57.15
12.08.21 12:03:59,57.70,58.35,57.70,57.70,1000,81275,60.46,57.55,57.90
12.08.21 12:04:59,57.60,57.60,56.90,56.90,375,81275,60.46,56.90,57.25
12.08.21 12:05:59,56.20,56.20,56.20,56.20,275,81900,60.45,56.55,57.00
12.08.21 12:06:59,57.05,59.50,57.05,58.70,2050,81900,60.44,58.45,58.95
12.08.21 12:07:59,58.20,58.70,57.70,58.20,375,81900,60.43,58.20,58.55
12.08.21 12:08:59,58.00,58.60,56.95,57.10,1000,81600,60.42,57.10,57.30
12.08.21 12:09:59,57.30,57.95,57.00,57.00,1175,81600,60.41,56.65,57.00
12.08.21 12:10:59,56.95,57.10,56.70,57.10,200,81600,60.41,56.80,57.10
12.08.21 12:11:59,56.10,56.10,56.10,56.10,250,81600,60.41,55.85,56.25
12.08.21 12:12:59,57.30,57.55,57.10,57.35,725,81650,60.40,57.05,57.40
12.08.21 12:13:59,57.35,57.35,55.80,55.80,325,81650,60.39,55.50,55.80
12.08.21 12:14:59,56.20,56.20,56.20,56.20,875,81650,60.38,56.25,56.70
12.08.21 12:15:59,55.90,55.90,55.90,55.90,500,81125,60.37,56.05,56.50
12.08.21 12:16:59,56.10,56.10,54.00,54.00,1450,81125,60.35,53.95,54.35
12.08.21 12:17:59,55.80,55.80,55.80,55.80,325,81125,60.34,55.50,55.75
12.08.21 12:18:59,56.85,56.85,56.85,56.85,925,81125,60.33,56.40,56.80
12.08.21 12:19:59,53.80,53.80,53.80,53.80,1675,81125,60.30,53.75,54.05
12.08.21 12:20:59,53.55,55.15,53.55,54.60,3500,83950,60.23,54.40,54.75
12.08.21 12:21:59,54.65,55.60,54.65,55.40,250,83950,60.23,55.15,55.55
12.08.21 12:23:59,55.40,55.40,55.20,55.20,825,83950,60.22,54.45,54.90
12.08.21 12:24:59,54.55,54.55,54.55,54.55,725,83950,60.20,54.05,54.50
12.08.21 12:25:59,52.30,52.30,52.30,52.30,2100,83950,60.15,52.40,52.70
12.08.21 12:26:59,55.05,57.50,54.75,56.95,4400,83950,60.09,55.95,56.30
12.08.21 12:27:59,56.45,57.00,56.20,56.80,350,83075,60.08,56.95,57.35
12.08.21 12:28:59,56.40,57.40,56.30,57.40,550,83075,60.08,57.25,57.65
12.08.21 12:29:59,57.10,58.60,56.40,57.15,550,83075,60.07,57.40,57.70
12.08.21 12:30:59,58.10,63.70,57.45,60.45,7200,83225,60.07,60.40,60.80
12.08.21 12:31:59,60.60,60.70,58.55,58.85,2700,83225,60.07,58.70,59.10
12.08.21 12:32:59,59.65,61.10,59.20,61.10,1600,83225,60.07,60.30,60.75
12.08.21 12:33:59,60.65,61.95,59.45,60.40,1375,85775,60.07,60.05,60.50
12.08.21 12:34:59,59.60,60.85,59.10,59.70,175,85775,60.07,59.45,59.80
12.08.21 12:35:59,59.95,60.00,57.70,57.70,525,85775,60.07,57.85,58.30
12.08.21 12:36:59,58.20,60.60,58.20,60.60,1125,85350,60.07,60.25,60.55
12.08.21 12:37:59,60.60,60.95,58.80,58.80,1200,85350,60.07,59.15,59.60
12.08.21 12:38:59,59.00,60.25,59.00,60.00,1200,85350,60.07,59.45,59.80
12.08.21 12:39:59,60.75,60.75,59.10,59.50,1575,86025,60.07,59.30,59.70
12.08.21 12:40:59,59.75,59.75,58.50,58.90,1725,86025,60.06,58.40,58.95
12.08.21 12:41:59,58.70,58.95,57.65,57.65,1825,86025,60.05,57.20,57.60
12.08.21 12:42:59,57.15,58.45,57.15,58.45,1275,87550,60.04,58.70,59.05
12.08.21 12:43:59,58.55,59.30,58.55,59.30,400,87550,60.04,59.50,59.90
12.08.21 12:44:59,59.55,59.55,59.55,59.55,250,87550,60.04,59.45,59.80
12.08.21 12:45:59,60.50,60.50,60.50,60.50,525,87575,60.04,60.40,60.70
12.08.21 12:46:59,60.80,60.80,59.50,60.10,600,87575,60.04,59.90,60.25
12.08.21 12:47:59,59.75,60.85,59.75,60.85,175,87575,60.04,60.75,61.20
12.08.21 12:48:59,60.80,60.80,60.80,60.80,75,87400,60.04,60.65,61.10
12.08.21 12:49:59,59.95,60.55,59.40,60.55,750,87400,60.04,60.35,60.80
12.08.21 12:50:59,61.00,61.00,61.00,61.00,400,87400,60.05,60.75,61.00
12.08.21 12:51:59,60.55,60.55,60.55,60.55,1000,87800,60.05,60.25,60.55
12.08.21 12:52:59,60.45,60.45,59.90,60.45,375,87800,60.05,60.35,60.80
12.08.21 12:53:59,59.95,59.95,59.95,59.95,425,87800,60.05,60.20,60.55
12.08.21 12:54:59,59.70,60.15,58.45,60.15,1250,88500,60.05,59.30,59.55
12.08.21 12:55:59,60.10,60.10,60.10,60.10,50,88500,60.05,59.50,59.75
12.08.21 12:56:59,58.90,58.90,58.90,58.90,1300,88500,60.04,58.70,59.00
12.08.21 12:57:59,63.50,63.50,60.55,61.05,5875,88350,60.07,60.95,61.35
12.08.21 12:58:59,61.30,61.30,55.55,59.25,4000,88350,60.04,58.25,58.80
12.08.21 12:59:59,58.65,60.95,58.65,60.55,675,88350,60.04,60.65,61.00
12.08.21 13:00:59,60.50,60.90,58.45,58.75,900,87450,60.04,59.20,59.55
12.08.21 13:01:59,59.00,59.75,58.10,58.40,3325,87450,60.03,59.00,59.15
12.08.21 13:02:59,59.15,59.15,58.85,58.85,425,87450,60.03,58.50,58.85
12.08.21 13:03:59,58.00,58.00,58.00,58.00,1025,90375,60.03,57.70,58.15
12.08.21 13:04:59,58.15,58.15,58.15,58.15,300,90375,60.02,57.70,58.10
12.08.21 13:05:59,57.90,58.80,57.90,58.80,4100,90375,60.01,58.70,59.10
12.08.21 13:06:59,59.45,59.45,59.40,59.40,325,91450,60.01,58.80,59.15
12.08.21 13:07:59,58.85,58.85,58.85,58.85,325,91450,60.01,58.30,58.60
12.08.21 13:08:59,57.00,57.00,57.00,57.00,1425,91450,60.00,57.00,57.35
12.08.21 13:09:59,56.35,56.35,56.35,56.35,725,91000,60.00,56.25,56.65
12.08.21 13:10:59,55.65,56.80,55.60,56.80,1825,91000,59.98,56.70,57.05
12.08.21 13:11:59,57.15,57.95,57.15,57.95,200,91000,59.98,57.05,57.40
12.08.21 13:12:59,55.80,55.80,55.80,55.80,175,92075,59.98,56.10,56.35
12.08.21 13:13:59,56.00,56.00,56.00,56.00,175,92075,59.98,55.70,56.10
12.08.21 13:14:59,55.60,56.15,55.60,56.15,725,92075,59.97,55.65,56.00
12.08.21 13:15:59,55.05,55.05,55.05,55.05,1775,92275,59.94,54.95,55.30
12.08.21 13:16:59,55.65,58.10,55.55,56.80,4375,92275,59.89,56.55,56.90
12.08.21 13:17:59,57.00,57.00,55.60,55.95,725,92275,59.89,55.80,56.20
12.08.21 13:18:59,55.80,56.00,55.75,56.00,150,91075,59.89,55.80,56.20
12.08.21 13:19:59,55.80,57.05,55.80,57.05,1375,91075,59.87,56.85,57.30
12.08.21 13:20:59,56.00,56.00,56.00,56.00,1025,91075,59.86,55.95,56.35
12.08.21 13:21:59,56.00,56.00,56.00,56.00,1625,91150,59.85,55.95,56.40
12.08.21 13:22:59,56.70,56.70,56.70,56.70,525,91150,59.85,56.45,56.80
12.08.21 13:23:59,56.85,56.85,56.65,56.65,1875,91150,59.83,56.05,56.35
12.08.21 13:24:59,55.95,55.95,55.95,55.95,700,92350,59.82,55.55,55.95
12.08.21 13:25:59,57.60,57.60,57.60,57.60,1075,92350,59.82,57.35,57.75
12.08.21 13:26:59,56.90,57.10,56.20,57.10,850,92350,59.81,56.85,57.25
12.08.21 13:27:59,56.30,57.80,56.30,57.80,675,92600,59.81,57.25,57.65
12.08.21 13:28:59,58.65,58.65,58.65,58.65,1850,92600,59.80,58.45,58.95
12.08.21 13:29:59,58.50,60.00,58.40,60.00,750,92600,59.80,59.45,59.85
12.08.21 13:30:59,59.95,60.95,58.80,60.95,1950,93400,59.80,60.70,61.10
12.08.21 13:31:59,60.90,61.75,60.00,60.00,2650,93400,59.80,59.60,60.05
12.08.21 13:32:59,60.15,61.50,60.15,61.50,650,93400,59.81,61.20,61.55
12.08.21 13:33:59,62.25,63.05,61.15,61.40,1175,92900,59.81,61.40,61.85
12.08.21 13:34:59,61.95,61.95,60.25,60.65,1200,92900,59.82,59.75,60.20
12.08.21 13:35:59,60.60,62.05,60.55,60.55,475,92900,59.82,60.60,61.10
12.08.21 13:36:59,61.20,61.20,60.85,60.85,125,93525,59.82,60.45,60.85
12.08.21 13:37:59,59.40,59.40,59.40,59.40,150,93525,59.82,59.00,59.30
12.08.21 13:38:59,62.00,62.90,61.45,62.90,1275,93525,59.82,63.20,63.60
12.08.21 13:39:59,63.75,64.25,62.15,62.65,2650,93575,59.85,62.20,62.65
12.08.21 13:40:59,64.70,65.00,62.60,62.75,1525,93575,59.86,62.75,63.15
12.08.21 13:41:59,63.90,65.00,62.00,62.00,1525,93575,59.88,61.55,62.05
12.08.21 13:42:59,62.15,62.20,61.60,61.60,475,94825,59.88,60.50,60.80
12.08.21 13:43:59,60.85,62.15,60.60,62.15,350,94825,59.88,61.10,61.45
12.08.21 13:44:59,61.45,61.90,60.65,61.90,650,94825,59.88,62.35,62.75
12.08.21 13:45:59,62.50,64.00,62.50,63.75,1525,94425,59.89,64.05,64.55
12.08.21 13:46:59,64.70,64.70,63.10,63.60,900,94425,59.90,63.65,64.05
12.08.21 13:47:59,63.60,63.65,62.45,62.45,1025,94425,59.91,62.35,62.75
12.08.21 13:48:59,62.70,63.00,57.45,57.70,1350,95775,59.91,57.20,57.80
12.08.21 13:49:59,58.05,60.45,58.05,60.40,2400,95775,59.90,60.40,60.80
12.08.21 13:50:59,60.80,61.25,59.90,60.50,800,95775,59.91,60.25,60.60
12.08.21 13:51:59,60.25,60.30,59.45,59.45,1300,96125,59.91,59.35,59.80
12.08.21 13:52:59,59.80,61.00,59.80,60.90,475,96125,59.91,60.40,60.90
12.08.21 13:53:59,61.00,62.65,60.90,62.30,425,96125,59.91,61.85,62.20
12.08.21 13:54:59,61.85,63.15,61.85,62.55,1875,96200,59.92,62.75,63.15
12.08.21 13:55:59,62.50,63.50,61.85,63.50,450,96200,59.92,63.55,64.00
12.08.21 13:56:59,63.55,64.50,61.15,61.15,1675,96200,59.93,60.85,61.25
12.08.21 13:57:59,61.20,62.10,61.20,61.60,775,97450,59.94,61.15,61.55
12.08.21 13:58:59,61.40,61.85,59.70,61.00,1075,97450,59.94,61.00,61.40
12.08.21 13:59:59,61.40,61.90,59.85,60.90,1875,97450,59.94,60.80,61.00
12.08.21 14:00:59,61.45,61.45,59.55,60.70,1850,98225,59.95,60.30,60.70
12.08.21 14:01:59,60.20,60.55,59.55,59.95,1150,98225,59.95,59.70,60.00
12.08.21 14:02:59,60.10,60.10,60.10,60.10,100,98225,59.95,59.65,60.00
12.08.21 14:03:59,59.60,62.00,59.60,61.40,4150,100175,59.95,60.60,61.00
12.08.21 14:04:59,60.95,63.15,60.95,62.25,1375,100175,59.96,61.60,62.05
12.08.21 14:05:59,62.65,62.80,60.60,61.90,1150,100175,59.96,61.90,62.35
12.08.21 14:06:59,62.35,62.90,59.35,60.70,2875,99525,59.97,60.70,60.95
12.08.21 14:07:59,60.95,62.80,60.95,61.95,1850,99525,59.98,61.60,62.10
12.08.21 14:08:59,62.00,62.20,59.90,60.25,1625,99525,59.98,60.25,60.75
12.08.21 14:09:59,60.80,61.65,59.50,59.65,2575,99300,59.98,59.70,60.00
12.08.21 14:10:59,60.00,60.35,57.50,57.50,3275,99300,59.97,57.55,57.90
12.08.21 14:11:59,57.90,57.90,53.90,54.70,3900,99300,59.93,54.45,54.80
12.08.21 14:12:59,54.45,57.25,53.90,55.85,3200,99600,59.90,55.45,55.85
12.08.21 14:13:59,56.65,57.80,56.20,56.90,3025,99600,59.88,56.40,56.90
12.08.21 14:14:59,56.30,57.35,54.80,54.95,2725,99600,59.86,54.05,54.55
12.08.21 14:15:59,53.95,54.55,51.80,53.75,4025,101475,59.80,53.35,53.70
12.08.21 14:16:59,53.00,55.95,53.00,54.55,3600,101475,59.76,54.25,54.60
12.08.21 14:17:59,54.85,56.95,54.85,55.75,4575,101475,59.72,55.55,56.00
12.08.21 14:18:59,56.00,56.70,54.90,55.90,2550,103950,59.70,55.45,55.80
12.08.21 14:19:59,55.60,56.25,54.10,54.10,1700,103950,59.69,54.05,54.45
12.08.21 14:20:59,54.15,54.90,52.90,54.70,4775,103950,59.63,54.50,54.85
12.08.21 14:21:59,55.15,55.15,53.10,53.75,3025,104525,59.60,53.35,53.85
12.08.21 14:22:59,53.50,55.20,53.50,54.40,1600,104525,59.58,54.00,54.35
12.08.21 14:23:59,53.95,55.30,53.30,53.60,1325,104525,59.57,53.45,53.80
12.08.21 14:24:59,53.45,53.70,53.00,53.00,525,106475,59.56,53.00,53.15
12.08.21 14:25:59,53.00,53.00,52.70,52.70,1050,106475,59.54,52.75,53.10
12.08.21 14:26:59,53.70,53.70,53.70,53.70,1275,106475,59.53,53.05,53.65
12.08.21 14:27:59,53.70,54.00,53.45,53.45,1475,107250,59.51,53.55,53.90
12.08.21 14:28:59,53.60,53.70,52.70,52.85,1300,107250,59.49,52.85,53.35
12.08.21 14:29:59,52.75,52.75,50.45,52.45,3750,107250,59.44,52.10,52.50
12.08.21 14:30:59,52.85,52.90,50.55,51.80,2875,107950,59.39,51.85,52.20
12.08.21 14:31:59,52.35,52.35,50.55,51.00,4075,107950,59.33,51.20,51.60
12.08.21 14:32:59,51.80,52.60,50.85,50.85,2800,107950,59.28,50.80,51.10
12.08.21 14:33:59,50.90,53.50,50.90,51.60,2625,110125,59.25,51.35,51.55
12.08.21 14:34:59,51.30,52.70,51.30,52.50,2425,110125,59.21,52.80,53.15
12.08.21 14:35:59,52.90,55.25,52.20,52.50,3525,110125,59.18,52.00,52.40
12.08.21 14:36:59,52.45,54.55,51.45,51.55,3100,109000,59.14,51.60,51.85
12.08.21 14:37:59,52.25,53.75,52.10,52.90,5200,109000,59.07,52.90,53.35
12.08.21 14:38:59,53.05,53.40,51.60,51.80,11075,109000,58.93,51.60,52.00
12.08.21 14:39:59,51.70,51.80,50.65,50.70,7025,120725,58.83,50.30,50.65
12.08.21 14:40:59,50.70,51.65,50.20,50.50,10350,120725,58.68,50.40,50.75
12.08.21 14:41:59,50.75,50.75,49.05,49.05,13475,120725,58.48,49.25,49.55
12.08.21 14:42:59,49.30,50.75,49.30,50.55,5200,135800,58.40,50.35,50.65
12.08.21 14:43:59,50.80,52.00,50.80,52.00,2825,135800,58.37,51.95,52.30
12.08.21 14:44:59,51.95,52.15,50.55,50.65,7025,135800,58.29,50.30,50.70
12.08.21 14:45:59,50.80,52.00,50.65,50.75,4850,141650,58.23,50.45,50.75
12.08.21 14:46:59,50.55,51.40,49.85,50.00,5200,141650,58.16,49.65,49.95
12.08.21 14:47:59,50.00,50.55,49.65,50.20,5325,141650,58.09,49.80,50.20
12.08.21 14:48:59,49.70,50.75,49.70,50.05,7900,147475,57.99,50.05,50.45
12.08.21 14:49:59,50.15,50.15,50.15,50.15,4325,147475,57.93,49.95,50.40
12.08.21 14:50:59,49.70,49.70,49.70,49.70,3775,147475,57.89,49.50,49.70
12.08.21 14:51:59,48.85,48.85,48.45,48.85,1900,152575,57.86,48.60,49.00
12.08.21 14:52:59,48.80,48.80,48.40,48.80,4575,152575,57.79,48.45,48.75
12.08.21 14:53:59,48.80,49.25,47.35,49.10,8225,152575,57.68,49.10,49.40
12.08.21 14:54:59,49.10,49.90,48.55,48.55,5800,156000,57.60,48.50,48.80
12.08.21 14:55:59,48.85,49.10,47.05,47.70,2875,156000,57.56,47.20,47.60
12.08.21 14:56:59,47.65,49.00,47.50,48.80,4525,156000,57.49,48.60,49.00
12.08.21 14:57:59,48.60,49.00,48.40,48.40,2225,156725,57.46,48.20,48.55
12.08.21 14:58:59,48.30,48.40,48.30,48.40,525,156725,57.45,48.30,48.50
12.08.21 14:59:59,48.45,48.90,48.45,48.90,9550,156725,57.33,48.60,48.95
12.08.21 15:00:59,49.70,50.05,48.45,50.00,10800,165450,57.20,50.00,50.40
12.08.21 15:01:59,50.45,51.10,50.10,50.75,6325,165450,57.14,50.60,50.90
12.08.21 15:02:59,50.90,51.55,50.05,50.75,3475,165450,57.11,50.55,50.90
12.08.21 15:03:59,50.90,51.00,50.25,50.60,2600,165125,57.08,50.60,50.90
12.08.21 15:04:59,51.10,54.35,50.95,53.80,5175,165125,57.05,53.60,54.15
12.08.21 15:05:59,54.05,54.05,51.70,53.40,8150,165125,57.01,53.35,53.65
12.08.21 15:06:59,53.75,56.85,53.75,56.65,5000,166300,57.00,56.55,56.90
12.08.21 15:07:59,56.50,56.65,53.50,53.80,7925,166300,56.97,53.45,53.85
12.08.21 15:08:59,54.00,56.50,53.90,55.10,7225,166300,56.95,55.30,55.55
12.08.21 15:09:59,55.45,55.55,52.40,53.45,4875,174150,56.93,53.15,53.35
12.08.21 15:10:59,53.40,53.55,51.20,51.20,5500,174150,56.90,51.00,51.35
12.08.21 15:11:59,51.35,52.00,49.55,50.70,6300,174150,56.84,50.45,50.80
12.08.21 15:12:59,50.80,51.55,50.55,51.45,7925,174825,56.78,51.15,51.50
12.08.21 15:13:59,51.50,52.90,51.15,52.60,7175,174825,56.74,52.40,52.70
12.08.21 15:14:59,52.40,54.10,52.30,53.00,8725,174825,56.69,52.55,53.00
12.08.21 15:15:59,52.95,55.25,52.65,54.80,6450,181725,56.67,54.50,54.85
12.08.21 15:16:59,54.50,55.40,54.20,55.15,7100,181725,56.65,54.95,55.35
12.08.21 15:17:59,55.15,55.95,54.20,55.60,18425,181725,56.62,55.55,55.80
12.08.21 15:18:59,55.80,56.85,55.40,56.35,7300,193800,56.61,56.35,56.75
12.08.21 15:19:59,56.55,58.60,56.35,58.60,8550,193800,56.62,58.20,58.60
12.08.21 15:20:59,58.70,58.90,57.50,58.20,8725,193800,56.64,58.40,58.75
12.08.21 15:21:59,58.90,59.30,57.00,57.55,7025,200325,56.65,57.60,58.00
12.08.21 15:22:59,58.15,62.45,57.85,61.65,16475,200325,56.71,61.70,62.10
12.08.21 15:23:59,62.30,63.50,60.45,61.15,10625,200325,56.79,61.20,61.65
12.08.21 15:24:59,61.25,65.00,61.25,64.75,8975,208625,56.86,64.50,64.90
12.08.21 15:25:59,65.00,66.95,63.40,65.80,10175,208625,56.96,65.10,65.75
12.08.21 15:26:59,65.35,65.35,62.70,64.00,11875,208625,57.06,63.45,64.05
12.08.21 15:27:59,64.20,66.25,63.25,65.40,11850,213850,57.16,65.60,66.05
12.08.21 15:28:59,66.05,67.55,65.80,66.50,11950,213850,57.29,66.50,67.10
12.08.21 15:30:00,67.25,69.95,66.15,69.95,10775,213850,57.40,67.00,69.95
13.08.21 09:15:59,70.00,83.50,60.10,80.35,62925,214850,74.66,80.15,80.55
13.08.21 09:16:59,83.60,85.80,78.00,79.70,96500,214850,78.97,80.05,80.30
13.08.21 09:17:59,79.45,79.45,73.00,76.50,105525,262075,77.65,76.30,76.75
13.08.21 09:18:59,76.15,79.10,75.05,75.10,75475,262075,77.41,74.65,75.10
13.08.21 09:19:59,75.15,78.15,75.15,77.45,55625,262075,77.29,76.85,77.20
13.08.21 09:20:59,77.25,81.95,77.00,79.35,73275,353300,77.62,79.20,79.45
13.08.21 09:21:59,80.00,80.00,76.50,77.65,38550,353300,77.65,77.70,77.85
13.08.21 09:22:59,77.45,77.45,71.25,74.25,74725,353300,77.18,74.05,74.30
13.08.21 09:23:59,73.95,76.40,73.55,75.50,28650,381850,77.07,75.00,75.20
13.08.21 09:24:59,75.10,77.60,73.35,73.35,41325,381850,77.00,73.10,73.30
13.08.21 09:25:59,73.90,75.25,71.25,73.00,37525,381850,76.76,72.60,72.95
13.08.21 09:26:59,73.15,73.75,70.40,71.85,32775,401825,76.55,71.55,71.75
13.08.21 09:27:59,72.05,72.05,70.20,71.45,28575,401825,76.34,71.40,71.65
13.08.21 09:28:59,71.45,75.90,70.35,75.90,47475,401825,76.09,75.40,75.60
13.08.21 09:29:59,75.80,75.80,72.55,73.35,34100,425975,76.01,73.30,73.60
13.08.21 09:30:59,73.65,76.75,73.30,74.20,56350,425975,75.96,74.20,74.40
13.08.21 09:31:59,74.35,74.35,69.00,70.35,44050,425975,75.71,70.25,70.50
13.08.21 09:32:59,70.25,70.60,68.65,70.05,19375,421325,75.60,69.80,70.10
13.08.21 09:33:59,70.40,71.50,69.15,69.65,21100,421325,75.48,69.55,69.75
13.08.21 09:34:59,69.90,70.80,68.25,68.35,19650,421325,75.37,68.30,68.70
13.08.21 09:35:59,68.40,68.65,61.40,65.75,99050,424650,74.39,65.40,65.65
13.08.21 09:36:59,65.75,70.60,65.50,69.20,34075,424650,74.21,69.10,69.25
13.08.21 09:37:59,70.05,70.50,68.30,68.50,20250,424650,74.13,68.30,68.55
13.08.21 09:38:59,68.40,68.85,67.25,67.65,18300,407600,74.03,67.40,67.50
13.08.21 09:39:59,67.35,67.80,66.60,67.05,19000,407600,73.92,66.90,67.15
13.08.21 09:40:59,66.85,67.35,65.00,66.05,29925,407600,73.72,66.15,66.30
13.08.21 09:41:59,66.50,67.15,64.95,66.75,18275,410625,73.60,66.65,66.90
13.08.21 09:42:59,66.75,68.25,66.75,67.20,12450,410625,73.54,67.20,67.35
13.08.21 09:43:59,67.45,67.95,66.10,67.05,17275,410625,73.45,66.90,67.05
13.08.21 09:44:59,66.00,66.40,63.90,65.60,21850,414225,73.31,65.60,65.80
13.08.21 09:45:59,66.00,66.00,63.20,63.45,26400,414225,73.14,63.20,63.40
13.08.21 09:46:59,62.90,62.90,58.35,59.40,62250,414225,72.58,59.45,59.65
13.08.21 09:47:59,59.75,61.60,59.55,60.60,43525,425750,72.21,60.50,60.65
13.08.21 09:48:59,60.30,60.55,57.35,60.35,35800,425750,71.90,60.25,60.40
13.08.21 09:49:59,60.20,61.25,59.65,59.80,30375,425750,71.66,59.65,59.80
13.08.21 09:50:59,59.35,61.50,59.10,61.40,14350,439300,71.55,61.25,61.45
13.08.21 09:51:59,61.45,63.30,61.00,62.50,13525,439300,71.47,62.20,62.50
13.08.21 09:52:59,62.15,63.00,62.15,62.50,8150,439300,71.42,62.50,62.75
13.08.21 09:53:59,62.80,62.80,61.80,62.10,30550,446500,71.24,61.85,62.15
13.08.21 09:54:59,62.25,63.70,61.60,63.40,20125,446500,71.13,63.35,63.50
13.08.21 09:55:59,63.45,63.85,61.65,62.20,17300,446500,71.04,62.00,62.20
13.08.21 09:56:59,62.00,63.80,61.75,63.30,13050,454875,70.98,63.45,63.65
13.08.21 09:57:59,63.50,64.60,63.50,64.00,8700,454875,70.94,63.75,63.95
13.08.21 09:58:59,63.50,64.40,62.30,64.25,9125,454875,70.90,64.05,64.25
13.08.21 09:59:59,64.20,64.55,63.55,63.75,6325,452975,70.87,63.50,63.75
13.08.21 10:00:59,63.75,64.00,61.45,61.45,10775,452975,70.82,61.25,61.50
13.08.21 10:01:59,61.45,61.80,60.30,60.60,15300,452975,70.73,60.40,60.55
13.08.21 10:02:59,59.55,60.00,58.25,59.00,28825,454350,70.53,59.10,59.30
13.08.21 10:03:59,59.45,61.15,59.15,59.80,9850,454350,70.47,59.75,59.90
13.08.21 10:04:59,59.85,60.10,58.15,58.20,12325,454350,70.39,58.15,58.35
13.08.21 10:05:59,58.10,58.40,55.65,57.25,22825,464800,70.21,57.10,57.25
13.08.21 10:06:59,57.10,59.40,57.10,58.80,11600,464800,70.13,58.40,58.65
13.08.21 10:07:59,58.25,58.80,57.40,57.85,7750,464800,70.08,57.90,58.05
13.08.21 10:08:59,57.75,57.75,55.60,55.85,25125,463450,69.88,55.85,56.10
13.08.21 10:09:59,56.05,56.05,53.00,54.35,28900,463450,69.63,54.10,54.35
13.08.21 10:10:59,54.10,54.25,51.35,54.25,33475,463450,69.32,54.15,54.30
13.08.21 10:11:59,53.70,55.40,53.50,54.60,15775,472075,69.20,54.60,54.75
13.08.21 10:12:59,54.60,56.50,54.20,56.30,16225,472075,69.07,56.40,56.60
13.08.21 10:13:59,56.75,57.40,55.15,55.75,9575,472075,69.01,55.55,55.75
13.08.21 10:14:59,56.00,57.00,55.55,56.95,13325,475500,68.92,56.80,57.00
13.08.21 10:15:59,57.20,57.55,56.25,57.45,20200,475500,68.79,57.45,57.65
13.08.21 10:16:59,57.40,57.40,56.20,56.75,16775,475500,68.68,56.60,56.85
13.08.21 10:17:59,57.00,57.00,56.15,56.40,10075,481825,68.62,56.25,56.40
13.08.21 10:18:59,56.20,56.60,55.30,56.05,17325,481825,68.51,55.80,55.95
13.08.21 10:19:59,55.75,56.00,53.80,54.10,13550,481825,68.41,54.00,54.20
13.08.21 10:20:59,53.85,53.85,51.50,52.60,19925,488325,68.26,52.60,52.75
13.08.21 10:21:59,52.80,53.75,52.20,52.25,13875,488325,68.15,52.00,52.20
13.08.21 10:22:59,51.70,51.85,49.25,51.05,29625,488325,67.90,50.80,50.95
13.08.21 10:23:59,50.70,53.15,50.70,52.80,13600,490025,67.79,52.75,52.95
13.08.21 10:24:59,52.65,53.35,51.50,51.70,9175,490025,67.72,51.40,51.60
13.08.21 10:25:59,50.95,53.35,50.70,51.60,15025,490025,67.60,51.65,51.85
13.08.21 10:26:59,51.25,52.65,51.25,52.05,6225,494825,67.56,52.00,52.10
13.08.21 10:27:59,52.40,52.40,50.70,51.65,9775,494825,67.48,51.50,51.70
13.08.21 10:28:59,51.80,51.90,50.85,50.85,4500,494825,67.45,50.85,51.05
13.08.21 10:29:59,50.70,51.10,49.85,51.10,21825,501850,67.27,51.00,51.15
13.08.21 10:30:59,50.75,53.05,50.75,53.05,23375,501850,67.10,52.95,53.15
13.08.21 10:31:59,52.85,53.45,51.95,52.30,11425,501850,67.02,52.05,52.30
13.08.21 10:32:59,52.00,52.00,50.50,51.65,7850,499450,66.97,51.60,51.85
13.08.21 10:33:59,51.45,53.40,51.05,52.65,9900,499450,66.90,52.45,52.70
13.08.21 10:34:59,52.50,53.05,51.50,51.80,4150,499450,66.87,51.70,51.85
13.08.21 10:35:59,51.70,52.50,51.70,51.95,10825,500700,66.80,52.00,52.25
13.08.21 10:36:59,52.25,52.25,51.30,52.15,4400,500700,66.77,52.40,52.60
13.08.21 10:37:59,52.20,53.00,51.95,52.35,8250,500700,66.71,52.25,52.40
13.08.21 10:38:59,52.30,53.10,51.45,52.60,12000,498725,66.63,52.65,52.80
13.08.21 10:39:59,53.15,54.65,52.70,53.90,14375,498725,66.55,54.00,54.15
13.08.21 10:40:59,53.90,55.40,53.40,54.30,10950,498725,66.49,54.10,54.25
13.08.21 10:41:59,54.30,54.75,54.00,54.10,7725,499500,66.45,54.10,54.30
13.08.21 10:42:59,54.30,56.85,54.25,56.10,18750,499500,66.36,56.10,56.45
13.08.21 10:43:59,56.00,57.65,55.65,55.90,14575,499500,66.30,55.70,55.95
13.08.21 10:44:59,56.00,57.95,55.90,57.25,14525,501750,66.24,57.05,57.30
13.08.21 10:45:59,57.30,57.50,56.45,57.00,12275,501750,66.19,57.05,57.25
13.08.21 10:46:59,56.75,57.20,54.80,54.80,7750,501750,66.16,54.60,54.85
13.08.21 10:47:59,54.60,56.00,54.05,55.55,5075,507075,66.13,55.45,55.65
13.08.21 10:48:59,55.40,55.40,53.75,54.40,6100,507075,66.10,54.25,54.50
13.08.21 10:49:59,54.25,54.45,52.90,54.20,8350,507075,66.06,54.20,54.40
13.08.21 10:50:59,54.35,55.70,53.95,55.30,6900,503550,66.03,55.40,55.60
13.08.21 10:51:59,55.20,56.40,55.20,55.45,2400,503550,66.01,55.35,55.50
13.08.21 10:52:59,55.60,56.15,55.55,56.10,1350,503550,66.01,55.80,56.10
13.08.21 10:53:59,56.00,57.40,55.70,57.05,4425,501000,65.99,57.00,57.25
13.08.21 10:54:59,57.20,57.35,55.40,56.20,4025,501000,65.97,55.90,56.15
13.08.21 10:55:59,56.00,56.25,54.40,54.45,4000,501000,65.96,54.25,54.40
13.08.21 10:56:59,54.30,54.60,52.75,54.40,11025,503650,65.90,54.20,54.35
13.08.21 10:57:59,54.15,54.95,53.80,54.90,5100,503650,65.87,54.80,54.95
13.08.21 10:58:59,55.10,55.65,54.15,55.40,6250,503650,65.84,55.40,55.55
13.08.21 10:59:59,55.55,56.55,55.30,56.55,6950,500825,65.82,56.30,56.50
13.08.21 11:00:59,56.30,56.55,54.85,55.05,9675,500825,65.78,55.40,55.60
13.08.21 11:01:59,55.40,55.60,54.30,54.65,3150,500825,65.76,54.50,54.70
13.08.21 11:02:59,54.65,55.60,54.05,54.90,6625,502675,65.73,54.80,54.95
13.08.21 11:03:59,54.95,56.80,54.75,55.55,14525,502675,65.67,55.25,55.55
13.08.21 11:04:59,55.25,56.35,55.15,55.65,4425,502675,65.65,55.45,55.60
13.08.21 11:05:59,55.60,55.95,55.00,55.55,4825,499025,65.63,55.25,55.50
13.08.21 11:06:59,55.25,56.65,55.25,55.50,11275,499025,65.58,55.25,55.45
13.08.21 11:07:59,55.50,56.55,55.25,55.25,8200,499025,65.55,55.30,55.50
13.08.21 11:08:59,55.45,56.20,54.85,54.85,6750,505075,65.52,54.85,54.95
13.08.21 11:09:59,55.10,55.75,54.50,54.75,4650,505075,65.50,54.55,54.75
13.08.21 11:10:59,54.45,56.20,54.25,55.25,5350,505075,65.48,55.25,55.45
13.08.21 11:11:59,55.35,56.25,55.05,55.90,2025,506350,65.47,55.90,56.05
13.08.21 11:12:59,55.90,56.25,55.20,55.90,4150,506350,65.46,55.65,55.90
13.08.21 11:13:59,55.75,56.55,55.60,56.40,3375,506350,65.44,56.20,56.40
13.08.21 11:14:59,56.35,57.45,55.55,57.25,7950,505950,65.42,57.15,57.35
13.08.21 11:15:59,57.35,57.35,56.50,56.60,4575,505950,65.40,56.60,56.80
13.08.21 11:16:59,56.80,57.70,56.40,57.15,9850,505950,65.37,57.00,57.20
13.08.21 11:17:59,56.75,57.00,55.95,56.75,3275,503050,65.36,56.60,56.85
13.08.21 11:18:59,56.40,58.35,56.25,58.10,4050,503050,65.34,57.85,58.10
13.08.21 11:19:59,58.10,58.10,56.75,57.00,5900,503050,65.32,57.00,57.15
13.08.21 11:20:59,57.15,60.20,57.15,58.80,29175,505700,65.25,58.80,59.00
13.08.21 11:21:59,58.75,60.60,58.65,60.55,15650,505700,65.22,60.50,60.55
13.08.21 11:22:59,60.50,64.10,59.85,62.35,51725,505700,65.17,62.20,62.35
13.08.21 11:23:59,62.15,64.00,62.15,62.65,55250,497125,65.13,62.50,62.65
13.08.21 11:24:59,62.30,63.55,62.20,63.00,14775,497125,65.11,62.75,63.00
13.08.21 11:25:59,62.90,63.65,61.50,62.60,14750,497125,65.10,62.55,62.80
13.08.21 11:26:59,62.55,63.00,60.45,61.40,21650,498025,65.07,61.15,61.35
13.08.21 11:27:59,61.25,62.40,61.00,61.70,7450,498025,65.06,61.50,61.70
13.08.21 11:28:59,61.85,62.00,60.45,61.00,8775,498025,65.05,60.75,61.00
13.08.21 11:29:59,60.95,61.15,59.65,60.25,11800,498675,65.03,60.15,60.40
13.08.21 11:30:59,60.40,60.60,59.60,59.65,5550,498675,65.02,59.60,59.70
13.08.21 11:31:59,59.80,60.75,59.55,60.55,6650,498675,65.01,60.35,60.55
13.08.21 11:32:59,60.65,60.65,58.15,59.55,12100,502600,64.98,59.45,59.70
13.08.21 11:33:59,59.40,59.65,58.65,59.15,4275,502600,64.97,58.95,59.15
13.08.21 11:34:59,58.70,60.70,58.60,60.45,22675,502600,64.93,60.25,60.45
13.08.21 11:35:59,60.45,60.50,59.20,60.40,20125,523525,64.89,60.25,60.50
13.08.21 11:36:59,60.50,60.85,59.65,59.95,3850,523525,64.89,59.75,59.85
13.08.21 11:37:59,59.75,60.20,59.10,60.20,3975,523525,64.88,60.05,60.25
13.08.21 11:38:59,60.30,60.80,59.35,60.10,5325,522775,64.87,59.90,60.15
13.08.21 11:39:59,60.10,60.90,59.70,60.20,4100,522775,64.86,60.05,60.25
13.08.21 11:40:59,60.30,61.20,59.70,60.60,3125,522775,64.86,60.70,60.95
13.08.21 11:41:59,61.00,62.75,60.70,62.75,9925,521825,64.85,62.60,62.75
13.08.21 11:42:59,62.70,63.65,62.20,63.15,7150,521825,64.84,62.95,63.20
13.08.21 11:43:59,63.35,63.55,62.10,62.80,10850,521825,64.84,62.45,62.70
13.08.21 11:44:59,62.75,63.00,61.70,61.85,11175,521100,64.83,61.85,62.05
13.08.21 11:45:59,62.20,62.65,61.60,61.60,19400,521100,64.81,61.55,61.65
13.08.21 11:46:59,61.45,62.20,61.20,62.00,17575,521100,64.79,62.00,62.20
13.08.21 11:47:59,62.00,63.00,62.00,62.95,21500,536375,64.77,62.95,63.00
13.08.21 11:48:59,63.00,63.30,62.00,63.25,6475,536375,64.77,63.20,63.40
13.08.21 11:49:59,63.50,63.60,62.25,62.70,12450,536375,64.76,62.50,62.70
13.08.21 11:50:59,62.70,66.35,62.65,66.20,22325,532275,64.76,66.25,66.35
13.08.21 11:51:59,66.15,66.15,63.35,63.35,24250,532275,64.76,63.30,63.50
13.08.21 11:52:59,63.05,63.75,62.00,63.35,15050,532275,64.75,63.40,63.60
13.08.21 11:53:59,63.40,64.90,63.00,64.45,14625,532975,64.75,64.25,64.55
13.08.21 11:54:59,64.40,65.90,64.00,65.45,19225,532975,64.75,65.30,65.50
13.08.21 11:55:59,65.25,66.75,63.95,63.95,31675,532975,64.76,63.75,63.95
13.08.21 11:56:59,64.10,65.10,63.65,65.00,5075,527625,64.76,64.70,65.00
13.08.21 11:57:59,64.75,65.00,63.55,64.25,7000,527625,64.76,64.30,64.55
13.08.21 11:58:59,64.30,64.30,63.05,63.40,19825,527625,64.75,63.35,63.55
13.08.21 11:59:59,63.50,63.70,58.65,60.95,64175,542150,64.67,60.85,61.10
13.08.21 12:00:59,61.00,61.25,59.70,59.80,25625,542150,64.64,59.80,60.05
13.08.21 12:01:59,59.75,60.70,59.00,59.40,16725,542150,64.61,58.95,59.20
13.08.21 12:02:59,59.05,59.35,56.55,58.35,14100,546100,64.58,58.15,58.40
13.08.21 12:03:59,58.15,59.25,57.50,58.15,6625,546100,64.57,58.20,58.40
13.08.21 12:04:59,58.30,59.00,57.70,57.85,3550,546100,64.56,58.00,58.20
13.08.21 12:05:59,58.20,59.50,57.70,59.50,10250,544600,64.55,59.25,59.50
13.08.21 12:06:59,59.45,59.45,57.25,57.30,4800,544600,64.54,57.00,57.25
13.08.21 12:07:59,57.50,57.80,56.50,56.50,6075,544600,64.52,56.75,57.05
13.08.21 12:08:59,56.90,56.90,55.85,56.50,7875,538200,64.50,56.45,56.60
13.08.21 12:09:59,56.40,56.80,55.45,55.45,3650,538200,64.49,55.40,55.55
13.08.21 12:10:59,55.55,56.15,54.50,54.75,10475,538200,64.46,54.65,54.95
13.08.21 12:11:59,54.65,54.65,53.20,53.60,10250,539375,64.43,53.40,53.70
13.08.21 12:12:59,53.95,54.15,52.90,53.35,14850,539375,64.38,53.15,53.40
13.08.21 12:13:59,53.45,55.00,53.35,55.00,7175,539375,64.36,54.80,55.05
13.08.21 12:14:59,54.75,56.00,54.40,55.55,10825,532325,64.33,55.30,55.50
13.08.21 12:15:59,55.30,55.50,53.65,54.30,5325,532325,64.31,54.10,54.35
13.08.21 12:16:59,54.45,54.90,53.85,54.80,3325,532325,64.30,54.70,54.85
13.08.21 12:17:59,54.65,55.25,54.40,54.45,2700,532425,64.29,54.45,54.60
13.08.21 12:18:59,54.60,55.80,54.10,55.65,3800,532425,64.28,55.60,55.80
13.08.21 12:19:59,55.45,56.25,55.00,56.20,5250,532425,64.27,56.20,56.40
13.08.21 12:20:59,56.00,57.05,55.80,56.00,4375,532575,64.26,56.00,56.10
13.08.21 12:21:59,56.40,57.15,55.95,57.15,4000,532575,64.25,56.75,57.00
13.08.21 12:22:59,57.10,57.25,56.55,57.15,2425,532575,64.25,56.85,57.10
13.08.21 12:23:59,56.85,57.25,56.60,57.10,2725,532575,64.24,56.95,57.20
13.08.21 12:24:59,57.25,57.25,56.00,56.20,2550,532375,64.23,56.05,56.25
13.08.21 12:25:59,56.05,57.00,56.00,56.80,3000,532375,64.23,56.65,56.75
13.08.21 12:26:59,56.50,57.20,56.25,57.00,2900,532375,64.22,57.05,57.25
13.08.21 12:27:59,57.10,58.45,56.80,58.45,9600,530975,64.20,58.20,58.40
13.08.21 12:28:59,58.55,59.00,57.65,58.35,8325,530975,64.19,58.40,58.65
13.08.21 12:29:59,58.45,58.80,57.25,58.45,6275,530975,64.17,58.20,58.40
13.08.21 12:30:59,58.40,59.50,57.30,57.30,5025,537875,64.17,57.25,57.50
13.08.21 12:31:59,57.25,58.00,57.05,57.65,4450,537875,64.16,57.55,57.80
13.08.21 12:32:59,58.30,59.00,57.75,58.40,2650,537875,64.15,58.40,58.65
13.08.21 12:33:59,58.20,58.80,57.65,58.75,3875,538650,64.15,58.60,58.80
13.08.21 12:34:59,58.80,60.20,58.65,60.00,4750,538650,64.14,59.70,60.00
13.08.21 12:35:59,59.95,62.55,59.95,61.75,16100,538650,64.13,61.70,61.75
13.08.21 12:36:59,61.65,62.05,61.00,61.00,10400,537950,64.12,60.75,61.00
13.08.21 12:37:59,60.95,61.50,60.20,60.60,9650,537950,64.11,60.50,60.70
13.08.21 12:38:59,60.65,61.40,59.80,59.80,8050,537950,64.10,60.00,60.10
13.08.21 12:39:59,59.80,60.15,58.50,59.75,8200,544875,64.09,59.65,59.90
13.08.21 12:40:59,60.00,62.00,59.90,61.90,7500,544875,64.08,61.90,62.15
13.08.21 12:41:59,62.75,63.00,61.95,61.95,11650,544875,64.08,62.25,62.45
13.08.21 12:42:59,62.40,62.50,60.75,60.75,11425,549350,64.07,60.70,60.95
13.08.21 12:43:59,60.70,62.00,60.40,61.25,6225,549350,64.06,61.00,61.20
13.08.21 12:44:59,61.15,62.40,60.95,62.00,4700,549350,64.06,61.40,61.70
13.08.21 12:45:59,61.50,62.25,61.00,61.00,3800,548825,64.06,61.00,61.15
13.08.21 12:46:59,61.15,61.20,60.05,61.20,5500,548825,64.05,60.85,61.10
13.08.21 12:47:59,60.65,61.55,60.60,61.40,875,548825,64.05,61.35,61.60
13.08.21 12:48:59,61.40,61.65,60.85,61.35,1600,549325,64.05,60.85,61.10
13.08.21 12:49:59,60.75,62.30,60.65,62.30,3475,549325,64.05,62.25,62.45
13.08.21 12:50:59,62.40,62.90,61.45,61.65,7575,549325,64.04,61.40,61.65
13.08.21 12:51:59,61.45,61.65,59.60,59.80,6850,551275,64.04,59.90,60.00
13.08.21 12:52:59,60.00,60.65,59.45,60.65,2450,551275,64.03,60.60,60.80
13.08.21 12:53:59,60.60,62.00,60.10,61.35,2850,551275,64.03,61.20,61.40
13.08.21 12:54:59,61.30,61.50,60.05,60.30,4350,550200,64.03,60.30,60.55
13.08.21 12:55:59,60.65,60.65,58.60,59.80,9750,550200,64.01,59.60,59.85
13.08.21 12:56:59,59.60,59.70,56.35,56.60,14925,550200,63.99,56.60,56.80
13.08.21 12:57:59,56.55,58.25,56.55,57.00,7900,546000,63.97,56.70,56.95
13.08.21 12:58:59,56.60,57.15,54.90,55.35,14525,546000,63.94,55.35,55.60
13.08.21 12:59:59,55.20,56.10,55.20,56.05,5650,546000,63.93,56.05,56.20
13.08.21 13:00:59,56.45,56.45,49.00,50.55,39850,541475,63.80,50.50,50.70
13.08.21 13:01:59,51.05,52.20,49.30,50.65,36300,541475,63.67,50.60,50.85
13.08.21 13:02:59,50.35,52.15,49.15,50.85,66425,541475,63.45,50.80,51.05
13.08.21 13:03:59,51.05,52.30,51.00,51.60,46150,505500,63.30,51.65,51.80
13.08.21 13:04:59,51.80,53.00,51.55,52.55,11100,505500,63.27,52.50,52.70
13.08.21 13:05:59,52.80,52.80,50.05,50.85,12500,505500,63.23,50.60,50.85
13.08.21 13:06:59,50.70,50.70,48.80,48.80,11875,491350,63.19,48.85,49.05
13.08.21 13:07:59,48.60,50.85,48.60,50.85,10875,491350,63.15,50.65,50.90
13.08.21 13:08:59,50.80,50.80,48.50,48.85,9675,491350,63.12,48.85,49.00
13.08.21 13:09:59,48.10,49.05,47.15,47.20,13125,492975,63.07,47.20,47.35
13.08.21 13:10:59,47.55,49.45,47.35,49.00,17200,492975,63.00,48.80,48.95
13.08.21 13:11:59,48.85,49.70,48.65,49.70,7700,492975,62.97,49.45,49.70
13.08.21 13:12:59,49.45,49.80,48.75,49.65,8950,492475,62.94,49.70,49.90
13.08.21 13:13:59,49.95,50.05,49.00,49.35,5850,492475,62.92,49.45,49.70
13.08.21 13:14:59,49.40,50.60,49.40,49.60,4875,492475,62.90,49.40,49.65
13.08.21 13:15:59,49.75,49.95,48.70,48.75,10300,490050,62.87,48.55,48.80
13.08.21 13:16:59,48.20,48.95,47.75,48.25,5675,490050,62.85,48.25,48.45
13.08.21 13:17:59,48.05,48.45,47.50,48.00,4950,490050,62.83,47.95,48.15
13.08.21 13:18:59,48.10,48.70,47.85,48.05,4025,494850,62.81,48.00,48.20
13.08.21 13:19:59,48.40,48.60,47.35,48.50,5600,494850,62.79,48.30,48.55
13.08.21 13:20:59,48.50,50.15,48.40,49.25,11325,494850,62.75,49.15,49.30
13.08.21 13:21:59,49.45,50.40,49.05,50.40,4500,491750,62.74,50.15,50.35
13.08.21 13:22:59,50.10,50.70,49.60,49.75,5875,491750,62.72,49.90,50.10
13.08.21 13:23:59,49.85,50.00,48.55,49.25,6850,491750,62.70,48.95,49.05
13.08.21 13:24:59,49.00,49.60,48.25,48.25,6975,493125,62.67,48.00,48.25
13.08.21 13:25:59,48.30,49.00,48.25,48.60,4150,493125,62.66,48.65,48.85
13.08.21 13:26:59,48.75,49.20,48.30,48.65,3525,493125,62.64,48.90,49.00
13.08.21 13:27:59,48.90,49.80,48.75,49.50,3875,493975,62.63,49.50,49.60
13.08.21 13:28:59,49.70,49.70,48.80,48.80,3100,493975,62.62,48.70,48.85
13.08.21 13:29:59,48.90,48.90,46.95,46.95,10625,493975,62.58,46.75,46.95
13.08.21 13:30:59,47.15,47.25,45.70,47.05,14425,493425,62.52,47.10,47.30
13.08.21 13:31:59,47.30,47.75,46.75,46.95,8925,493425,62.49,46.85,46.95
13.08.21 13:32:59,47.15,47.15,46.00,46.00,5300,493425,62.47,46.10,46.25
13.08.21 13:33:59,46.05,46.60,45.80,46.10,7100,496300,62.44,46.10,46.25
13.08.21 13:34:59,46.00,46.25,44.35,44.55,15575,496300,62.37,44.50,44.70
13.08.21 13:35:59,44.60,45.65,44.55,45.45,6475,496300,62.34,45.30,45.50
13.08.21 13:36:59,45.25,45.95,44.70,44.95,5925,490525,62.32,44.60,44.85
13.08.21 13:37:59,44.90,46.00,44.85,45.35,10000,490525,62.28,45.40,45.55
13.08.21 13:38:59,45.10,46.50,42.05,44.80,87250,490525,61.91,44.60,44.80
13.08.21 13:39:59,44.95,45.45,39.15,40.65,58650,481450,61.64,40.50,40.65
13.08.21 13:40:59,40.10,41.65,38.40,40.35,63150,481450,61.32,40.40,40.55
13.08.21 13:41:59,40.70,40.85,38.85,38.85,51025,481450,61.07,38.85,39.00
13.08.21 13:42:59,38.85,39.55,37.95,39.00,59550,453550,60.76,39.00,39.15
13.08.21 13:43:59,39.00,40.75,38.85,40.30,50825,453550,60.52,40.20,40.30
13.08.21 13:44:59,40.35,40.35,38.65,39.20,53825,453550,60.27,39.00,39.20
13.08.21 13:45:59,39.00,40.70,38.55,40.50,39175,456500,60.09,40.50,40.65
13.08.21 13:46:59,40.50,42.60,40.05,42.10,27625,456500,59.97,41.95,42.15
13.08.21 13:47:59,42.05,43.20,41.95,43.00,29000,456500,59.86,42.95,43.05
13.08.21 13:48:59,42.85,42.95,42.00,42.75,8150,461425,59.83,42.70,42.80
13.08.21 13:49:59,42.80,43.20,42.20,42.80,14325,461425,59.78,42.75,43.00
13.08.21 13:50:59,42.75,42.95,41.10,41.75,14625,461425,59.72,41.60,41.80
13.08.21 13:51:59,42.00,43.30,42.00,42.95,14200,465325,59.67,42.90,43.05
13.08.21 13:52:59,42.90,44.75,42.80,44.35,12700,465325,59.63,44.20,44.45
13.08.21 13:53:59,44.45,46.05,44.40,45.70,15375,465325,59.58,45.45,45.65
13.08.21 13:54:59,45.40,45.65,43.90,43.90,5900,460650,59.56,44.00,44.15
13.08.21 13:55:59,44.10,45.60,44.10,45.15,9300,460650,59.53,45.00,45.05
13.08.21 13:56:59,45.00,45.35,44.55,45.10,4275,460650,59.52,45.10,45.30
13.08.21 13:57:59,45.35,48.50,45.20,47.55,30825,467125,59.44,47.35,47.50
13.08.21 13:58:59,47.40,47.85,46.20,46.35,8300,467125,59.42,46.15,46.35
13.08.21 13:59:59,46.40,46.55,45.45,46.10,5325,467125,59.40,46.00,46.20
13.08.21 14:00:59,46.20,46.95,45.70,45.95,8800,472100,59.38,45.80,46.00
13.08.21 14:01:59,45.80,45.80,44.30,44.30,14300,472100,59.33,44.20,44.40
13.08.21 14:02:59,44.25,45.35,44.10,45.00,15525,472100,59.29,45.15,45.30
13.08.21 14:03:59,44.55,45.60,44.45,44.80,10100,486775,59.26,44.75,44.90
13.08.21 14:04:59,44.75,45.75,44.30,45.45,15850,486775,59.21,45.55,45.75
13.08.21 14:05:59,45.70,46.00,45.40,46.00,6475,486775,59.19,46.05,46.10
13.08.21 14:06:59,46.05,46.40,45.15,45.25,9450,494925,59.16,45.15,45.30
13.08.21 14:07:59,45.30,47.20,45.30,46.95,10350,494925,59.14,46.95,47.15
13.08.21 14:08:59,47.15,48.65,47.15,47.80,15900,494925,59.10,47.75,47.95
13.08.21 14:09:59,47.55,48.80,47.55,47.75,17075,494700,59.06,47.50,47.70
13.08.21 14:10:59,47.85,48.40,46.80,47.10,7625,494700,59.04,47.10,47.15
13.08.21 14:11:59,47.55,50.25,47.55,49.70,30525,494700,58.98,49.80,50.00
13.08.21 14:12:59,49.75,54.05,49.45,54.00,23225,490925,58.94,53.90,54.10
13.08.21 14:13:59,54.20,54.90,52.45,53.00,24550,490925,58.92,52.95,53.15
13.08.21 14:14:59,53.15,56.75,52.75,56.45,21600,490925,58.90,56.35,56.45
13.08.21 14:15:59,56.20,56.90,54.60,54.80,21325,481850,58.89,54.80,55.00
13.08.21 14:16:59,54.30,55.45,54.05,54.80,16200,481850,58.87,54.55,54.80
13.08.21 14:17:59,54.60,54.60,53.25,53.55,11200,481850,58.86,53.30,53.40
13.08.21 14:18:59,53.00,53.15,50.10,50.80,14475,480925,58.84,50.65,50.85
13.08.21 14:19:59,51.00,51.20,49.30,50.05,17175,480925,58.81,50.00,50.20
13.08.21 14:20:59,50.00,52.35,50.00,51.85,14575,480925,58.79,51.80,51.95
13.08.21 14:21:59,51.75,51.80,51.00,51.00,11475,483125,58.77,51.00,51.20
13.08.21 14:22:59,51.20,51.95,51.05,51.75,7925,483125,58.76,51.70,51.80
13.08.21 14:23:59,51.70,53.20,51.70,53.20,15050,483125,58.74,53.25,53.45
13.08.21 14:24:59,53.40,59.10,53.40,59.05,38100,486225,58.73,59.10,59.35
13.08.21 14:25:59,59.90,63.35,57.65,59.05,61750,486225,58.75,58.80,59.05
13.08.21 14:26:59,58.55,58.80,57.00,57.75,16875,486225,58.75,57.60,57.75
13.08.21 14:27:59,57.55,57.95,55.35,55.75,19625,474650,58.74,55.55,55.60
13.08.21 14:28:59,55.60,56.70,54.80,56.70,13975,474650,58.73,56.60,56.75
13.08.21 14:29:59,56.70,65.90,56.70,65.00,56825,474650,58.77,64.85,65.10
13.08.21 14:30:59,65.10,66.35,60.60,60.70,48575,461375,58.81,60.45,60.70
13.08.21 14:31:59,60.65,61.25,58.30,59.10,25050,461375,58.81,59.00,59.25
13.08.21 14:32:59,59.00,59.90,58.20,58.70,13825,461375,58.81,58.70,58.85
13.08.21 14:33:59,58.55,60.60,58.50,59.40,25650,457875,58.82,59.25,59.45
13.08.21 14:34:59,59.40,61.15,59.25,60.10,22275,457875,58.83,60.00,60.10
13.08.21 14:35:59,59.90,60.00,55.40,56.25,31200,457875,58.81,56.05,56.25
13.08.21 14:36:59,56.40,57.75,56.20,56.40,16400,465250,58.81,56.50,56.60
13.08.21 14:37:59,56.60,59.50,56.60,58.30,28200,465250,58.81,57.65,57.90
13.08.21 14:38:59,57.55,58.20,56.95,57.15,15750,465250,58.80,57.00,57.25
13.08.21 14:39:59,57.25,58.00,57.00,57.65,10650,465400,58.80,57.60,57.80
13.08.21 14:40:59,57.50,62.20,57.25,62.15,23550,465400,58.81,61.95,62.20
13.08.21 14:41:59,61.25,70.00,61.25,68.15,81275,465400,58.92,68.20,68.45
13.08.21 14:42:59,68.30,68.80,65.25,66.15,39075,455575,58.98,66.15,66.35
13.08.21 14:43:59,66.55,67.35,65.10,65.40,27175,455575,59.01,65.15,65.30
13.08.21 14:44:59,65.40,73.45,65.35,71.80,62325,455575,59.14,71.85,72.15
13.08.21 14:45:59,72.90,74.00,68.25,70.30,50175,453975,59.24,70.25,70.55
13.08.21 14:46:59,70.50,74.60,70.25,70.65,60800,453975,59.38,70.55,70.75
13.08.21 14:47:59,70.55,71.15,68.15,69.40,39675,453975,59.45,69.30,69.45
13.08.21 14:48:59,69.15,69.60,65.50,67.35,43700,471450,59.51,67.25,67.45
13.08.21 14:49:59,67.30,68.45,64.05,64.70,31975,471450,59.54,64.50,64.70
13.08.21 14:50:59,64.70,67.20,64.70,65.40,13950,471450,59.55,65.45,65.75
13.08.21 14:51:59,65.55,65.55,60.50,61.05,39850,481475,59.57,61.15,61.40
13.08.21 14:52:59,61.40,61.40,57.00,57.00,27850,481475,59.57,56.80,57.00
13.08.21 14:53:59,56.25,59.30,56.25,59.20,14300,481475,59.57,59.15,59.35
13.08.21 14:54:59,59.00,62.65,59.00,61.35,23975,481575,59.57,61.10,61.30
13.08.21 14:55:59,61.05,62.25,58.25,59.70,33725,481575,59.58,59.50,59.75
13.08.21 14:56:59,59.40,61.00,58.45,58.95,10675,481575,59.58,58.95,59.20
13.08.21 14:57:59,59.00,59.20,56.80,58.65,22075,483825,59.57,58.45,58.70
13.08.21 14:58:59,58.80,59.65,58.25,58.95,12550,483825,59.57,59.25,59.50
13.08.21 14:59:59,59.55,62.70,58.85,62.70,15775,483825,59.57,62.75,62.95
13.08.21 15:00:59,63.15,66.35,63.00,65.05,32425,482550,59.60,65.15,65.35
13.08.21 15:01:59,65.80,66.00,60.65,61.20,28925,482550,59.62,61.15,61.25
13.08.21 15:02:59,61.50,64.70,61.50,64.65,26975,482550,59.63,64.10,64.30
13.08.21 15:03:59,63.70,64.55,60.50,60.65,21175,474775,59.64,60.45,60.65
13.08.21 15:04:59,60.45,61.35,59.50,60.80,23675,474775,59.65,60.70,60.95
13.08.21 15:05:59,60.75,61.70,57.30,58.00,35000,474775,59.64,57.95,58.15
13.08.21 15:06:59,58.20,59.00,57.30,58.15,22000,471400,59.64,58.15,58.25
13.08.21 15:07:59,58.30,59.80,58.30,58.65,21800,471400,59.64,58.45,58.55
13.08.21 15:08:59,58.70,60.95,58.65,60.75,18475,471400,59.64,60.75,61.00
13.08.21 15:09:59,60.90,60.90,59.60,60.05,11175,467050,59.64,59.85,60.05
13.08.21 15:10:59,59.95,60.50,59.65,60.05,19450,467050,59.64,60.00,60.15
13.08.21 15:11:59,60.45,60.55,57.45,58.30,32750,467050,59.64,58.30,58.45
13.08.21 15:12:59,58.45,59.25,57.50,59.05,23100,479800,59.63,58.85,59.10
13.08.21 15:13:59,59.00,60.35,58.80,60.20,19025,479800,59.63,60.00,60.10
13.08.21 15:14:59,59.95,61.25,59.05,59.05,22200,479800,59.63,59.00,59.10
13.08.21 15:15:59,59.30,61.05,59.25,61.05,25925,471450,59.64,60.95,61.00
13.08.21 15:16:59,60.75,61.30,59.80,60.25,21400,471450,59.64,60.20,60.30
13.08.21 15:17:59,60.35,62.65,60.30,62.55,19875,471450,59.64,62.35,62.50
13.08.21 15:18:59,62.55,63.50,62.10,62.40,26250,457450,59.66,62.40,62.60
13.08.21 15:19:59,62.70,63.10,62.05,62.15,15625,457450,59.66,62.05,62.20
13.08.21 15:20:59,62.40,62.40,59.30,60.70,46125,457450,59.67,60.65,60.70
13.08.21 15:21:59,60.90,61.00,59.40,60.35,31425,441300,59.67,60.40,60.45
13.08.21 15:22:59,60.35,61.00,59.90,60.35,30800,441300,59.68,60.25,60.45
13.08.21 15:23:59,60.65,61.40,60.35,61.05,38125,441300,59.69,60.85,61.00
13.08.21 15:24:59,60.85,62.70,60.85,62.15,36325,409725,59.70,62.05,62.25
13.08.21 15:25:59,63.45,63.95,60.40,61.65,62700,409725,59.72,61.30,61.50
13.08.21 15:26:59,62.65,63.60,62.00,62.25,32300,409725,59.74,62.20,62.40
13.08.21 15:27:59,62.25,63.50,62.25,62.55,25800,392525,59.75,62.55,62.75
13.08.21 15:28:59,62.45,62.85,60.40,60.40,25925,392525,59.75,60.45,60.65
13.08.21 15:30:00,60.65,63.00,60.15,63.00,25675,392525,59.76,60.05,63.00
16.08.21 09:15:59,50.00,58.50,40.50,43.80,46750,396075,47.98,43.45,43.70
16.08.21 09:16:59,42.15,42.15,35.95,40.65,61000,396075,43.02,40.55,40.85
16.08.21 09:17:59,40.65,42.80,35.85,42.80,51050,434275,41.66,42.80,43.05
16.08.21 09:18:59,43.05,51.45,43.05,51.40,65450,434275,42.84,51.10,51.40
16.08.21 09:19:59,50.95,70.50,50.95,69.55,107100,434275,48.60,69.20,69.65
16.08.21 09:20:59,69.05,70.55,56.80,61.55,68375,446650,50.95,61.25,61.55
16.08.21 09:21:59,61.55,66.15,59.00,64.65,42925,446650,52.05,64.65,64.90
16.08.21 09:22:59,63.95,64.10,54.90,58.50,49975,446650,52.85,58.35,58.65
16.08.21 09:23:59,58.20,60.50,55.50,59.50,44650,455850,53.27,59.30,59.60
16.08.21 09:24:59,59.50,60.00,53.20,55.80,39725,455850,53.46,55.60,55.80
16.08.21 09:25:59,56.60,56.60,52.60,54.65,35025,455850,53.50,54.15,54.50
16.08.21 09:26:59,53.80,56.15,53.15,54.80,36250,473650,53.59,54.55,54.80
16.08.21 09:27:59,54.60,57.50,53.55,54.35,40600,473650,53.69,54.00,54.25
16.08.21 09:28:59,54.35,55.65,49.30,51.00,40400,473650,53.61,51.20,51.40
16.08.21 09:29:59,51.40,51.65,48.20,49.65,50575,488325,53.35,49.55,49.75
16.08.21 09:30:59,49.10,50.20,41.25,44.10,114600,488325,52.24,43.95,44.15
16.08.21 09:31:59,44.20,44.20,37.70,38.40,110275,488325,50.86,38.15,38.40
16.08.21 09:32:59,38.35,41.95,38.25,41.65,48400,480925,50.36,41.70,41.90
16.08.21 09:33:59,42.00,42.10,36.75,37.45,53975,480925,49.82,37.40,37.60
16.08.21 09:34:59,37.35,39.60,36.20,36.20,43900,480925,49.36,36.20,36.30
16.08.21 09:35:59,35.50,36.85,33.40,36.85,130275,522725,47.86,36.75,36.95
16.08.21 09:36:59,36.90,36.90,33.05,35.60,85650,522725,47.07,35.45,35.65
16.08.21 09:37:59,35.50,38.20,35.25,35.60,51525,522725,46.69,35.75,35.95
16.08.21 09:38:59,35.95,36.70,34.25,35.60,54025,536275,46.27,35.60,35.70
16.08.21 09:39:59,35.95,38.30,35.70,36.00,31775,536275,46.08,35.90,36.05
16.08.21 09:40:59,35.65,35.65,34.10,34.35,37625,536275,45.80,34.35,34.50
16.08.21 09:41:59,34.60,38.20,34.60,38.20,27725,533325,45.63,38.15,38.30
16.08.21 09:42:59,37.80,38.90,36.35,37.85,44600,533325,45.41,37.65,37.80
16.08.21 09:43:59,38.25,40.20,38.15,39.90,30325,533325,45.29,39.80,40.00
16.08.21 09:44:59,39.20,39.45,37.45,38.55,38325,531150,45.13,38.50,38.70
16.08.21 09:45:59,38.10,38.50,36.85,37.85,29050,531150,45.00,37.70,37.90
16.08.21 09:46:59,37.75,38.40,35.80,35.80,17900,531150,44.92,35.75,35.90
16.08.21 09:47:59,36.00,38.80,35.65,38.60,18025,543475,44.85,38.55,38.75
16.08.21 09:48:59,39.40,39.40,37.05,38.05,24275,543475,44.76,38.05,38.25
16.08.21 09:49:59,38.30,39.85,37.55,38.50,21875,543475,44.69,38.35,38.55
16.08.21 09:50:59,38.55,38.95,37.20,37.75,17575,546950,44.62,37.75,37.90
16.08.21 09:51:59,37.65,37.65,34.85,35.50,24600,546950,44.50,35.45,35.60
16.08.21 09:52:59,35.35,36.25,34.50,36.25,11850,546950,44.45,36.00,36.15
16.08.21 09:53:59,36.30,36.30,35.60,36.05,35275,553325,44.29,36.05,36.20
16.08.21 09:54:59,36.35,37.15,35.95,35.95,34200,553325,44.15,35.90,36.05
16.08.21 09:55:59,36.40,36.75,35.45,35.45,16675,553325,44.08,35.60,35.75
16.08.21 09:56:59,35.75,36.95,35.70,36.65,19250,585925,44.00,36.50,36.65
16.08.21 09:57:59,36.65,37.35,35.10,35.55,18175,585925,43.93,35.50,35.70
16.08.21 09:58:59,35.60,36.15,35.15,35.90,18400,585925,43.86,35.75,35.90
16.08.21 09:59:59,36.05,38.75,36.00,38.30,36750,587625,43.74,38.30,38.45
16.08.21 10:00:59,38.20,48.70,38.20,44.70,136625,587625,43.87,44.60,44.80
16.08.21 10:01:59,45.10,46.55,43.05,43.90,58350,587625,43.90,43.70,43.85
16.08.21 10:02:59,43.80,43.80,41.90,42.35,36925,571300,43.88,42.35,42.50
16.08.21 10:03:59,42.00,42.00,39.95,40.35,25200,571300,43.85,40.25,40.40
16.08.21 10:04:59,40.40,40.85,37.75,37.75,24150,571300,43.80,37.65,37.85
16.08.21 10:05:59,37.25,37.70,34.60,35.65,62875,570325,43.60,35.60,35.75
16.08.21 10:06:59,35.65,36.75,35.10,36.50,16550,570325,43.55,36.35,36.55
16.08.21 10:07:59,36.45,37.35,36.20,37.35,16275,570325,43.50,37.15,37.30
16.08.21 10:08:59,36.90,38.15,36.45,37.65,23275,568575,43.44,37.65,37.80
16.08.21 10:09:59,37.75,39.50,36.80,38.55,21550,568575,43.39,38.40,38.60
16.08.21 10:10:59,38.45,39.95,37.55,39.40,13950,568575,43.37,39.25,39.40
16.08.21 10:11:59,39.45,40.65,38.90,39.65,16450,567125,43.34,39.65,39.85
16.08.21 10:12:59,39.85,39.90,37.65,37.90,17650,567125,43.31,37.85,38.05
16.08.21 10:13:59,37.60,37.85,36.15,36.55,31175,567125,43.23,36.55,36.70
16.08.21 10:14:59,36.60,36.80,35.50,35.70,13325,570875,43.19,35.55,35.70
16.08.21 10:15:59,35.50,36.65,34.80,36.25,21750,570875,43.13,36.10,36.20
16.08.21 10:16:59,36.45,36.45,35.20,35.60,6300,570875,43.11,35.60,35.75
16.08.21 10:17:59,35.65,36.55,35.50,36.10,7500,574225,43.09,36.20,36.30
16.08.21 10:18:59,36.20,37.10,35.85,35.85,19525,574225,43.04,35.90,36.05
16.08.21 10:19:59,36.15,37.75,35.45,37.75,16500,574225,43.00,37.40,37.60
16.08.21 10:20:59,37.30,38.35,36.80,38.15,9425,579675,42.98,37.85,38.05
16.08.21 10:21:59,38.10,39.00,37.55,38.55,10525,579675,42.96,38.45,38.65
16.08.21 10:22:59,38.60,38.85,37.00,37.00,10175,579675,42.94,36.90,37.05
16.08.21 10:23:59,36.95,38.00,36.40,37.70,8775,580725,42.92,37.75,37.95
16.08.21 10:24:59,37.45,39.40,37.35,39.30,10025,580725,42.90,39.20,39.35
16.08.21 10:25:59,38.70,40.45,38.70,40.25,14100,580725,42.89,40.30,40.50
16.08.21 10:26:59,40.60,43.30,40.60,42.10,41625,580025,42.87,41.85,42.00
16.08.21 10:27:59,42.50,42.70,39.55,40.60,16500,580025,42.86,40.65,40.75
16.08.21 10:28:59,40.80,41.80,40.35,40.85,8325,580025,42.85,41.00,41.20
16.08.21 10:29:59,40.50,41.00,39.75,39.90,7975,580625,42.85,39.85,39.95
16.08.21 10:30:59,39.95,41.60,39.95,40.20,9625,580625,42.84,40.20,40.40
16.08.21 10:31:59,40.10,41.20,38.35,38.55,15475,580625,42.82,38.55,38.70
16.08.21 10:32:59,38.80,38.80,36.60,37.25,19650,585850,42.78,37.30,37.45
16.08.21 10:33:59,37.45,38.55,37.30,37.80,10600,585850,42.77,37.70,37.85
16.08.21 10:34:59,37.75,38.45,37.20,37.20,3775,585850,42.76,37.35,37.55
16.08.21 10:35:59,37.40,37.40,36.00,36.00,12150,586200,42.73,35.85,36.00
16.08.21 10:36:59,35.85,37.05,35.15,36.90,14325,586200,42.70,36.85,37.05
16.08.21 10:37:59,36.95,37.10,35.45,35.80,14950,586200,42.67,35.60,35.80
16.08.21 10:38:59,36.05,36.20,35.00,36.00,16175,588000,42.63,35.95,36.15
16.08.21 10:39:59,35.95,36.40,35.25,36.15,10800,588000,42.60,35.80,35.95
16.08.21 10:40:59,35.85,35.90,34.55,35.00,10750,588000,42.57,34.95,35.15
16.08.21 10:41:59,34.85,36.35,34.60,35.95,10275,591925,42.55,35.80,36.00
16.08.21 10:42:59,35.80,35.85,33.70,34.80,17550,591925,42.50,34.70,34.90
16.08.21 10:43:59,34.70,35.20,34.20,34.40,5075,591925,42.48,34.45,34.60
16.08.21 10:44:59,34.70,35.00,34.30,34.80,10450,597600,42.46,34.75,34.95
16.08.21 10:45:59,34.90,35.55,34.60,35.35,4850,597600,42.44,35.25,35.45
16.08.21 10:46:59,35.50,35.55,34.85,35.10,10250,597600,42.42,35.05,35.20
16.08.21 10:47:59,35.15,36.90,35.00,36.55,13775,602175,42.39,36.50,36.60
16.08.21 10:48:59,36.70,37.30,36.60,36.90,11275,602175,42.37,36.75,37.00
16.08.21 10:49:59,36.85,37.10,36.15,36.70,5025,602175,42.36,36.70,36.95
16.08.21 10:50:59,37.05,37.80,36.50,37.50,7625,606125,42.35,37.30,37.50
16.08.21 10:51:59,37.45,38.00,36.85,37.00,10675,606125,42.33,37.05,37.20
16.08.21 10:52:59,37.05,37.10,35.75,36.40,9400,606125,42.31,36.25,36.40
16.08.21 10:53:59,36.15,36.20,34.70,34.80,11875,608375,42.28,34.70,34.80
16.08.21 10:54:59,34.80,35.10,34.50,34.50,3675,608375,42.27,34.50,34.65
16.08.21 10:55:59,34.40,34.50,33.60,34.05,19525,608375,42.22,34.05,34.20
16.08.21 10:56:59,34.00,34.70,33.55,33.55,18575,614800,42.17,33.50,33.55
16.08.21 10:57:59,33.20,33.90,33.10,33.50,22150,614800,42.11,33.45,33.60
16.08.21 10:58:59,33.45,33.55,32.75,33.25,14350,614800,42.07,33.20,33.30
16.08.21 10:59:59,33.20,34.00,32.90,33.20,9750,612675,42.04,33.15,33.35
16.08.21 11:00:59,33.35,34.45,33.35,33.70,6925,612675,42.02,33.60,33.75
16.08.21 11:01:59,33.65,34.95,33.65,34.75,9875,612675,42.00,34.60,34.80
16.08.21 11:02:59,34.60,35.70,34.60,35.35,11850,614050,41.97,35.30,35.45
16.08.21 11:03:59,35.55,36.15,35.05,35.15,8625,614050,41.96,35.00,35.10
16.08.21 11:04:59,35.05,36.00,35.00,36.00,8650,614050,41.94,35.95,36.10
16.08.21 11:05:59,36.15,40.25,36.15,38.20,48975,616600,41.89,38.05,38.30
16.08.21 11:06:59,37.95,39.15,36.80,37.30,27850,616600,41.85,37.20,37.35
16.08.21 11:07:59,37.05,39.10,36.50,38.50,13575,616600,41.84,38.40,38.60
16.08.21 11:08:59,38.45,39.30,38.15,38.90,21625,599575,41.82,38.85,39.05
16.08.21 11:09:59,39.10,39.70,38.20,39.00,22600,599575,41.80,38.90,39.00
16.08.21 11:10:59,39.00,42.20,39.00,39.60,29700,599575,41.79,39.55,39.60
16.08.21 11:11:59,39.70,40.05,38.40,38.65,10350,595250,41.78,38.60,38.80
16.08.21 11:12:59,38.40,39.15,37.20,38.00,9625,595250,41.77,38.00,38.25
16.08.21 11:13:59,37.85,38.70,37.70,38.65,8475,595250,41.76,38.70,38.90
16.08.21 11:14:59,39.00,39.55,38.35,38.90,9750,598100,41.75,38.85,39.00
16.08.21 11:15:59,39.00,42.55,39.00,41.60,18775,598100,41.74,41.50,41.65
16.08.21 11:16:59,41.55,43.80,40.60,41.20,37150,598100,41.76,40.95,41.20
16.08.21 11:17:59,41.15,41.20,39.30,39.85,17950,598900,41.75,39.75,39.90
16.08.21 11:18:59,39.60,39.75,38.85,39.40,11600,598900,41.74,39.30,39.45
16.08.21 11:19:59,39.50,42.40,39.40,41.80,17250,598900,41.73,41.55,41.75
16.08.21 11:20:59,41.85,41.85,39.20,40.30,14475,598675,41.73,40.00,40.20
16.08.21 11:21:59,39.75,40.50,38.40,39.25,16475,598675,41.72,39.05,39.30
16.08.21 11:22:59,39.30,39.90,38.60,38.90,9200,598675,41.71,38.75,38.90
16.08.21 11:23:59,39.00,39.65,38.80,39.45,6300,599300,41.71,39.00,39.15
16.08.21 11:24:59,39.00,40.55,39.00,40.30,11100,599300,41.70,40.20,40.30
16.08.21 11:25:59,40.15,40.30,36.70,38.70,25325,599300,41.67,38.55,38.75
16.08.21 11:26:59,38.30,38.35,36.65,37.20,7025,602900,41.66,37.10,37.30
16.08.21 11:27:59,37.20,38.65,36.80,37.95,15100,602900,41.65,37.95,38.15
16.08.21 11:28:59,38.15,39.40,37.90,39.35,13800,602900,41.63,39.20,39.40
16.08.21 11:29:59,39.10,39.25,37.00,37.05,8125,604100,41.63,37.00,37.20
16.08.21 11:30:59,37.30,37.85,35.15,37.10,17575,604100,41.60,36.90,37.10
16.08.21 11:31:59,36.75,37.00,36.10,36.70,8175,604100,41.59,36.55,36.70
16.08.21 11:32:59,36.30,36.95,36.15,36.55,10625,603000,41.57,36.40,36.55
16.08.21 11:33:59,36.45,37.90,36.35,37.30,8100,603000,41.56,37.35,37.55
16.08.21 11:34:59,37.55,37.75,37.05,37.50,7575,603000,41.56,37.45,37.55
16.08.21 11:35:59,37.50,37.85,37.15,37.30,5400,603075,41.55,37.25,37.40
16.08.21 11:36:59,37.20,37.55,35.40,36.05,20025,603075,41.52,36.00,36.15
16.08.21 11:37:59,35.85,36.20,35.10,35.70,8175,603075,41.51,35.70,35.95
16.08.21 11:38:59,35.65,36.45,35.40,35.65,6675,603200,41.50,35.55,35.75
16.08.21 11:39:59,35.55,35.55,33.85,34.75,31700,603200,41.44,34.50,34.70
16.08.21 11:40:59,34.30,34.35,32.65,33.65,18125,603200,41.40,33.35,33.60
16.08.21 11:41:59,33.80,34.15,32.35,32.85,16050,607800,41.37,32.80,33.05
16.08.21 11:42:59,33.15,33.70,31.65,33.30,22075,607800,41.32,33.30,33.50
16.08.21 11:43:59,33.40,33.80,32.90,33.20,8650,607800,41.30,33.30,33.45
16.08.21 11:44:59,33.35,33.90,33.10,33.50,12750,605975,41.27,33.35,33.50
16.08.21 11:45:59,33.45,35.65,33.05,34.65,16950,605975,41.24,34.70,34.90
16.08.21 11:46:59,34.80,35.10,34.05,34.85,5625,605975,41.23,34.55,34.75
16.08.21 11:47:59,34.40,34.85,34.15,34.45,4875,602475,41.22,34.20,34.40
16.08.21 11:48:59,34.30,34.50,33.90,34.15,9000,602475,41.21,34.15,34.25
16.08.21 11:49:59,34.25,34.65,33.80,34.35,4725,602475,41.20,34.30,34.45
16.08.21 11:50:59,34.75,35.20,34.40,34.40,10800,602475,41.18,34.50,34.65
16.08.21 11:51:59,34.50,34.90,34.15,34.40,6450,600025,41.17,34.40,34.55
16.08.21 11:52:59,34.40,34.75,34.05,34.50,8800,600025,41.15,34.40,34.60
16.08.21 11:53:59,34.30,34.95,34.00,34.65,4225,598475,41.15,34.45,34.65
16.08.21 11:54:59,35.00,35.15,34.30,34.45,8225,598475,41.13,34.30,34.55
16.08.21 11:55:59,34.30,34.30,33.65,34.20,8025,598475,41.12,33.75,33.95
16.08.21 11:56:59,33.90,34.20,33.70,33.95,1875,598475,41.11,33.95,34.10
16.08.21 11:57:59,33.95,34.05,33.00,33.50,11700,598375,41.09,33.35,33.50
16.08.21 11:58:59,33.50,33.65,33.00,33.05,5025,598375,41.08,32.95,33.10
16.08.21 11:59:59,32.70,33.00,30.20,31.55,52200,597075,40.96,31.60,31.80
16.08.21 12:00:59,31.65,33.20,31.50,32.85,27200,597075,40.90,32.70,32.90
16.08.21 12:01:59,32.85,32.90,31.80,32.30,11925,597075,40.87,32.35,32.40
16.08.21 12:02:59,32.40,32.65,32.20,32.40,7125,592925,40.86,32.30,32.45
16.08.21 12:03:59,32.30,32.55,31.35,31.85,10525,592925,40.83,31.85,32.05
16.08.21 12:04:59,32.10,32.25,31.35,31.70,7850,592925,40.81,31.50,31.65
16.08.21 12:05:59,31.55,32.55,31.35,32.40,12450,592925,40.79,32.20,32.35
16.08.21 12:06:59,32.50,32.75,32.20,32.40,5575,593250,40.78,32.25,32.40
16.08.21 12:07:59,32.45,32.75,32.25,32.55,4625,593250,40.77,32.40,32.55
16.08.21 12:08:59,32.55,33.15,32.40,33.10,6925,593250,40.75,32.80,33.00
16.08.21 12:09:59,32.85,33.60,32.75,33.20,15625,593225,40.72,33.20,33.30
16.08.21 12:10:59,33.35,33.35,32.20,32.70,13450,593225,40.70,32.60,32.70
16.08.21 12:11:59,32.60,32.85,32.35,32.85,7825,593225,40.68,32.75,32.85
16.08.21 12:12:59,32.80,33.45,32.75,33.40,13775,591850,40.66,33.35,33.55
16.08.21 12:13:59,33.20,34.05,33.20,33.55,12725,591850,40.63,33.60,33.75
16.08.21 12:14:59,33.65,34.60,33.50,34.60,14700,591850,40.61,34.45,34.55
16.08.21 12:15:59,35.00,35.00,34.05,34.15,19600,593550,40.58,34.25,34.35
16.08.21 12:16:59,34.25,34.50,33.25,33.25,15125,593550,40.56,33.25,33.40
16.08.21 12:17:59,33.50,34.05,33.05,33.75,5725,593550,40.55,33.80,33.85
16.08.21 12:18:59,33.65,34.20,32.95,33.00,6525,594475,40.54,33.05,33.15
16.08.21 12:19:59,33.10,34.05,33.00,34.00,7425,594475,40.52,33.85,34.00
16.08.21 12:20:59,33.75,34.10,32.85,33.10,11250,594475,40.51,33.05,33.15
16.08.21 12:21:59,33.05,33.05,31.95,32.65,9925,596550,40.49,32.70,32.85
16.08.21 12:22:59,32.75,32.90,31.50,31.65,20575,596550,40.45,31.60,31.75
16.08.21 12:23:59,31.85,32.20,30.80,31.20,26600,596550,40.39,31.10,31.25
16.08.21 12:24:59,31.05,31.80,30.95,31.10,13050,598400,40.36,31.05,31.10
16.08.21 12:25:59,31.05,31.50,31.00,31.40,21075,598400,40.32,31.30,31.40
16.08.21 12:26:59,31.40,31.50,31.20,31.50,8175,598400,40.30,31.45,31.60
16.08.21 12:27:59,31.30,31.65,31.00,31.00,5850,595350,40.29,31.35,31.40
16.08.21 12:28:59,31.35,31.60,31.20,31.55,6525,595350,40.27,31.50,31.65
16.08.21 12:29:59,31.50,31.55,31.20,31.45,5675,595350,40.26,31.25,31.45
16.08.21 12:30:59,31.45,31.50,30.60,31.00,11400,595750,40.24,30.95,31.10
16.08.21 12:31:59,31.10,32.00,30.90,31.90,5200,595750,40.23,31.95,32.10
16.08.21 12:32:59,31.90,32.00,30.10,30.50,10650,595750,40.20,30.45,30.60
16.08.21 12:33:59,30.30,30.40,28.25,29.35,57500,599025,40.06,29.25,29.40
16.08.21 12:34:59,29.40,29.40,26.15,26.60,62175,599025,39.89,26.40,26.55
16.08.21 12:35:59,26.40,27.50,25.60,27.20,43675,599025,39.76,27.25,27.40
16.08.21 12:36:59,27.25,28.00,26.90,27.95,27225,609775,39.69,27.90,28.10
16.08.21 12:37:59,27.90,28.60,27.90,28.10,14100,609775,39.65,27.95,28.10
16.08.21 12:38:59,27.75,27.95,26.90,27.05,16850,609775,39.60,26.95,27.10
16.08.21 12:39:59,26.95,27.40,26.80,27.25,20225,608375,39.55,27.05,27.25
16.08.21 12:40:59,27.05,27.25,26.65,26.90,10575,608375,39.52,26.70,26.90
16.08.21 12:41:59,26.70,27.50,26.70,27.40,15175,608375,39.48,27.35,27.55
16.08.21 12:42:59,27.35,27.90,27.35,27.90,7825,603325,39.46,27.80,27.90
16.08.21 12:43:59,27.70,28.05,27.45,27.65,11700,603325,39.43,27.60,27.70
16.08.21 12:44:59,27.40,28.20,27.15,28.20,14775,603325,39.39,28.05,28.20
16.08.21 12:45:59,28.05,28.25,27.40,27.70,14225,598300,39.36,27.65,27.80
16.08.21 12:46:59,27.60,28.50,27.40,28.50,9175,598300,39.33,28.35,28.50
16.08.21 12:47:59,28.25,28.40,27.85,28.40,10325,598300,39.31,28.30,28.45
16.08.21 12:48:59,28.50,29.35,28.45,29.00,18350,601700,39.27,29.05,29.20
16.08.21 12:49:59,29.15,31.00,29.15,30.00,31600,601700,39.21,30.05,30.15
16.08.21 12:50:59,30.00,31.15,30.00,30.65,16150,601700,39.18,30.65,30.70
16.08.21 12:51:59,30.70,31.05,30.00,30.40,14500,600075,39.15,30.30,30.50
16.08.21 12:52:59,30.40,30.45,28.85,29.05,18175,600075,39.12,28.90,29.00
16.08.21 12:53:59,29.00,30.20,28.75,30.00,11150,600075,39.09,29.90,29.95
16.08.21 12:54:59,30.00,30.80,29.65,29.90,19800,602750,39.06,29.90,30.05
16.08.21 12:55:59,29.90,30.85,29.75,30.75,12500,602750,39.03,30.65,30.80
16.08.21 12:56:59,30.80,31.40,29.55,29.75,10925,602750,39.02,29.65,29.75
16.08.21 12:57:59,30.05,30.50,29.30,29.30,5675,609425,39.00,29.20,29.35
16.08.21 12:58:59,29.40,29.55,28.00,28.00,8000,609425,38.99,27.95,28.05
16.08.21 12:59:59,27.95,28.80,27.75,28.30,6675,609425,38.97,28.30,28.35
16.08.21 13:00:59,28.20,28.90,28.20,28.40,6600,608175,38.96,28.35,28.50
16.08.21 13:01:59,28.40,28.50,27.55,27.70,7450,608175,38.94,27.70,27.85
16.08.21 13:02:59,27.95,28.15,27.15,27.55,8175,608175,38.92,27.30,27.45
16.08.21 13:03:59,27.65,28.05,27.60,27.70,6850,610525,38.91,27.70,27.85
16.08.21 13:04:59,27.70,28.25,27.60,28.10,3200,610525,38.90,28.00,28.20
16.08.21 13:05:59,28.05,28.30,27.85,28.30,3975,610525,38.89,28.30,28.45
16.08.21 13:06:59,28.55,28.65,27.80,28.15,3825,606175,38.88,28.00,28.15
16.08.21 13:07:59,28.10,28.15,27.55,27.95,5250,606175,38.87,27.90,28.05
16.08.21 13:08:59,27.95,28.45,27.95,28.35,3700,606175,38.86,28.30,28.45
16.08.21 13:09:59,28.35,29.00,28.25,28.55,6350,606875,38.85,28.55,28.75
16.08.21 13:10:59,28.50,29.20,28.25,28.30,7850,606875,38.83,28.30,28.45
16.08.21 13:11:59,28.35,28.65,28.15,28.65,3950,606875,38.83,28.40,28.55
16.08.21 13:12:59,28.40,28.60,28.05,28.40,2175,608750,38.82,28.20,28.35
16.08.21 13:13:59,28.15,29.00,28.15,28.50,3600,608750,38.81,28.50,28.65
16.08.21 13:14:59,28.55,29.10,28.50,28.95,5850,608750,38.80,29.00,29.15
16.08.21 13:15:59,29.15,29.50,28.50,28.80,6400,606925,38.79,28.65,28.80
16.08.21 13:16:59,28.75,28.75,27.90,28.50,9325,606925,38.77,28.20,28.35
16.08.21 13:17:59,27.85,28.55,27.85,28.40,7575,606925,38.75,28.25,28.40
16.08.21 13:18:59,28.65,28.65,27.75,27.90,5025,604800,38.74,27.90,28.05
16.08.21 13:19:59,27.90,27.95,27.50,27.60,3100,604800,38.73,27.65,27.80
16.08.21 13:20:59,27.45,27.75,26.60,26.85,13925,604800,38.70,26.80,26.90
16.08.21 13:21:59,26.70,27.85,26.00,26.80,34500,607150,38.62,26.80,26.95
16.08.21 13:22:59,27.00,27.20,26.55,26.55,23150,607150,38.57,26.55,26.60
16.08.21 13:23:59,26.60,27.10,26.40,26.70,9450,607150,38.54,26.65,26.80
16.08.21 13:24:59,26.85,27.60,26.80,27.10,12525,613650,38.51,27.05,27.20
16.08.21 13:25:59,27.20,27.20,26.15,26.70,14150,613650,38.48,26.65,26.75
16.08.21 13:26:59,26.85,26.85,25.65,25.65,12925,613650,38.45,25.60,25.65
16.08.21 13:27:59,25.85,26.15,25.20,25.55,26100,623225,38.39,25.65,25.70
16.08.21 13:28:59,25.75,26.80,25.60,26.70,24950,623225,38.33,26.65,26.80
16.08.21 13:29:59,26.70,27.70,26.55,27.35,8825,623225,38.31,27.35,27.45
16.08.21 13:30:59,27.20,27.40,27.15,27.25,5150,618375,38.29,27.20,27.35
16.08.21 13:31:59,27.30,27.30,26.40,26.55,11625,618375,38.27,26.40,26.60
16.08.21 13:32:59,26.50,27.15,26.35,26.95,9050,618375,38.25,27.00,27.15
16.08.21 13:33:59,27.20,28.15,27.15,27.60,10150,616625,38.23,27.45,27.60
16.08.21 13:34:59,27.40,27.75,27.10,27.40,4625,616625,38.22,27.40,27.45
16.08.21 13:35:59,27.30,27.75,26.80,27.10,6850,616625,38.20,26.95,27.10
16.08.21 13:36:59,27.00,27.40,26.90,27.00,4350,615925,38.19,27.00,27.10
16.08.21 13:37:59,27.05,27.25,26.65,26.65,4425,615925,38.18,26.65,26.80
16.08.21 13:38:59,26.75,27.00,26.25,26.70,6325,615925,38.17,26.65,26.80
16.08.21 13:39:59,26.75,27.10,26.40,26.75,6350,614975,38.16,26.60,26.75
16.08.21 13:40:59,26.70,26.80,26.25,26.45,6950,614975,38.14,26.30,26.45
16.08.21 13:41:59,26.40,26.80,26.35,26.35,7275,614975,38.12,26.30,26.40
16.08.21 13:42:59,26.30,26.60,26.20,26.20,8800,616750,38.11,26.20,26.35
16.08.21 13:43:59,26.20,26.40,25.60,26.10,11475,616750,38.08,26.05,26.15
16.08.21 13:44:59,26.05,26.30,24.30,24.95,46875,616750,37.97,24.85,24.95
16.08.21 13:45:59,24.95,25.00,23.80,24.80,64500,608825,37.80,24.80,24.95
16.08.21 13:46:59,24.80,25.90,24.80,25.60,25225,608825,37.74,25.55,25.65
16.08.21 13:47:59,25.70,26.20,25.50,26.20,14300,608825,37.71,26.10,26.20
16.08.21 13:48:59,26.05,26.45,25.55,26.10,17350,599950,37.67,26.05,26.15
16.08.21 13:49:59,26.05,27.85,26.05,27.45,31350,599950,37.61,27.40,27.50
16.08.21 13:50:59,27.50,29.15,26.90,28.40,13475,599950,37.59,28.40,28.55
16.08.21 13:51:59,28.40,28.40,27.05,27.25,23675,601975,37.54,27.30,27.45
16.08.21 13:52:59,27.30,27.55,26.85,26.95,6575,601975,37.53,26.90,27.05
16.08.21 13:53:59,26.70,27.15,26.20,26.75,11050,601975,37.51,26.55,26.70
16.08.21 13:54:59,26.50,26.95,26.40,26.75,9575,598850,37.49,26.75,26.80
16.08.21 13:55:59,26.60,27.70,26.50,27.55,7475,598850,37.48,27.45,27.65
16.08.21 13:56:59,27.50,28.20,26.95,27.70,15625,598850,37.45,27.40,27.50
16.08.21 13:57:59,27.70,29.25,27.70,28.50,44325,605150,37.38,28.45,28.60
16.08.21 13:58:59,28.50,29.10,28.25,28.50,10150,605150,37.36,28.30,28.45
16.08.21 13:59:59,28.60,29.70,28.35,29.00,11450,605150,37.34,28.90,29.00
16.08.21 14:00:59,29.50,30.10,28.50,28.80,37150,609175,37.29,28.70,28.85
16.08.21 14:01:59,28.60,29.00,28.15,28.15,9975,609175,37.28,28.10,28.25
16.08.21 14:02:59,28.10,28.15,27.70,28.00,7600,609175,37.26,27.90,28.00
16.08.21 14:03:59,28.00,28.55,27.60,28.35,10025,598075,37.25,28.35,28.50
16.08.21 14:04:59,28.35,28.90,27.95,28.25,6750,598075,37.24,28.30,28.50
16.08.21 14:05:59,28.20,28.30,27.70,27.90,5425,598075,37.23,27.85,27.95
16.08.21 14:06:59,27.85,28.10,27.20,27.75,10700,599100,37.21,27.55,27.70
16.08.21 14:07:59,27.70,28.40,27.70,28.05,10525,599100,37.19,27.85,27.95
16.08.21 14:08:59,28.00,28.05,27.10,27.80,11475,599100,37.17,27.70,27.80
16.08.21 14:09:59,27.60,27.65,27.00,27.20,6900,600450,37.16,27.00,27.15
16.08.21 14:10:59,27.20,27.30,26.50,26.75,5200,600450,37.15,26.80,26.90
16.08.21 14:11:59,26.70,28.50,26.55,28.30,9500,600450,37.14,28.25,28.40
16.08.21 14:12:59,28.55,29.25,28.35,28.60,5500,597450,37.13,28.85,29.00
16.08.21 14:13:59,28.65,29.55,28.55,28.70,12150,597450,37.11,28.70,28.85
16.08.21 14:14:59,28.70,28.75,28.00,28.60,3625,597450,37.11,28.60,28.65
16.08.21 14:15:59,28.65,28.90,27.80,28.00,5725,599450,37.10,27.90,28.00
16.08.21 14:16:59,27.80,27.80,26.90,27.00,17650,599450,37.07,26.95,27.10
16.08.21 14:17:59,27.05,27.20,25.95,26.70,10425,599450,37.05,26.60,26.70
16.08.21 14:18:59,26.50,26.75,25.60,25.60,10075,601450,37.03,25.55,25.65
16.08.21 14:19:59,25.75,26.20,25.65,25.90,13375,601450,37.00,25.90,26.05
16.08.21 14:20:59,25.95,26.10,25.45,26.10,12275,601450,36.98,26.00,26.10
16.08.21 14:21:59,26.00,26.50,26.00,26.10,9025,602225,36.96,26.05,26.15
16.08.21 14:22:59,26.05,26.10,25.50,25.80,6850,602225,36.95,25.75,25.90
16.08.21 14:23:59,25.95,25.95,25.20,25.50,8275,602225,36.93,25.30,25.45
16.08.21 14:24:59,25.20,25.85,25.20,25.65,5275,603600,36.92,25.50,25.60
16.08.21 14:25:59,25.50,26.45,25.45,26.25,5225,603600,36.91,26.10,26.20
16.08.21 14:26:59,26.10,26.50,26.00,26.10,5725,603600,36.90,26.15,26.30
16.08.21 14:27:59,26.25,26.65,26.15,26.40,2775,602600,36.90,26.10,26.20
16.08.21 14:28:59,26.10,26.45,25.75,26.45,11475,602600,36.88,26.35,26.45
16.08.21 14:29:59,26.35,26.55,26.25,26.40,11700,602600,36.86,26.30,26.40
16.08.21 14:30:59,26.30,26.60,25.65,25.80,27975,595150,36.81,25.65,25.75
16.08.21 14:31:59,25.90,26.30,25.55,25.80,9750,595150,36.79,25.80,25.90
16.08.21 14:32:59,25.80,26.15,25.25,25.85,17075,595150,36.76,25.80,25.90
16.08.21 14:33:59,25.80,26.80,25.65,26.80,11600,588975,36.74,26.55,26.70
16.08.21 14:34:59,26.75,30.65,26.65,30.65,46225,588975,36.68,30.65,30.70
16.08.21 14:35:59,30.75,30.75,28.50,28.50,24775,588975,36.65,28.50,28.60
16.08.21 14:36:59,28.65,31.25,28.30,30.85,46100,573550,36.60,30.85,31.00
16.08.21 14:37:59,31.25,31.50,30.05,30.60,41775,573550,36.56,30.30,30.45
16.08.21 14:38:59,30.55,30.80,29.75,30.45,14650,573550,36.55,30.40,30.55
16.08.21 14:39:59,30.45,30.45,29.55,30.20,23875,543425,36.52,30.10,30.25
16.08.21 14:40:59,30.30,30.80,29.25,29.65,18000,543425,36.50,29.65,29.75
16.08.21 14:41:59,29.50,29.65,28.95,29.30,10675,543425,36.49,29.05,29.25
16.08.21 14:42:59,29.20,29.20,27.25,27.30,43700,559475,36.43,27.05,27.20
16.08.21 14:43:59,27.05,27.20,26.55,27.00,26850,559475,36.39,26.95,27.05
16.08.21 14:44:59,27.00,28.30,26.80,28.25,17400,559475,36.36,28.05,28.25
16.08.21 14:45:59,27.85,28.00,27.25,27.55,12725,571200,36.35,27.55,27.70
16.08.21 14:46:59,27.65,28.50,27.45,28.10,11900,571200,36.33,28.10,28.25
16.08.21 14:47:59,28.20,28.20,27.30,27.55,18225,571200,36.31,27.45,27.55
16.08.21 14:48:59,27.40,28.05,27.40,27.80,8800,584000,36.29,27.80,27.90
16.08.21 14:49:59,27.95,30.10,27.60,29.45,17875,584000,36.27,29.40,29.55
16.08.21 14:50:59,29.40,30.60,28.05,28.10,27675,584000,36.24,28.00,28.15
16.08.21 14:51:59,27.95,28.15,26.55,26.55,20350,585950,36.22,26.40,26.55
16.08.21 14:52:59,26.60,27.30,26.45,27.05,15800,585950,36.19,26.90,27.00
16.08.21 14:53:59,27.15,27.25,26.70,26.90,7475,585950,36.18,26.95,27.00
16.08.21 14:54:59,27.30,27.30,26.50,26.65,13750,586350,36.16,26.65,26.75
16.08.21 14:55:59,26.80,27.20,26.50,26.80,10525,586350,36.15,26.65,26.85
16.08.21 14:56:59,26.80,26.95,26.05,26.60,14375,586350,36.12,26.50,26.65
16.08.21 14:57:59,26.65,27.80,26.60,27.40,18525,581250,36.10,27.35,27.45
16.08.21 14:58:59,27.40,27.40,25.00,26.15,70075,581250,35.99,26.05,26.20
16.08.21 14:59:59,26.05,26.75,25.75,26.75,30500,581250,35.94,26.75,26.90
16.08.21 15:00:59,26.90,27.65,26.75,27.20,36200,590800,35.89,26.90,27.05
16.08.21 15:01:59,27.05,27.35,26.15,26.55,18950,590800,35.87,26.50,26.60
16.08.21 15:02:59,26.70,26.70,26.05,26.60,35225,590800,35.82,26.55,26.60
16.08.21 15:03:59,26.55,27.05,26.40,26.80,11400,573000,35.80,26.70,26.85
16.08.21 15:04:59,26.85,27.30,26.40,27.05,12200,573000,35.78,26.80,26.90
16.08.21 15:05:59,26.50,27.05,26.10,26.35,24125,573000,35.75,26.35,26.45
16.08.21 15:06:59,26.45,26.45,25.50,25.60,23025,575950,35.72,25.55,25.70
16.08.21 15:07:59,25.75,26.15,25.70,25.80,16675,575950,35.69,25.70,25.80
16.08.21 15:08:59,25.85,26.30,25.85,26.05,16575,575950,35.67,26.00,26.15
16.08.21 15:09:59,26.15,26.30,25.60,26.05,23950,579600,35.63,26.05,26.15
16.08.21 15:10:59,26.10,27.45,26.10,26.70,38075,579600,35.59,26.65,26.75
16.08.21 15:11:59,26.60,26.60,25.60,25.85,21800,579600,35.56,25.75,25.85
16.08.21 15:12:59,25.85,26.25,25.60,26.00,20375,584600,35.53,25.90,26.00
16.08.21 15:13:59,25.95,26.30,25.80,26.15,26225,584600,35.49,26.15,26.20
16.08.21 15:14:59,26.20,26.30,25.70,26.00,29950,584600,35.45,25.95,26.05
16.08.21 15:15:59,26.15,26.50,26.05,26.30,40925,594850,35.40,26.20,26.30
16.08.21 15:16:59,26.45,26.50,25.90,26.05,29025,594850,35.36,25.95,26.00
16.08.21 15:17:59,25.95,26.00,25.30,25.45,18175,594850,35.33,25.45,25.60
16.08.21 15:18:59,25.50,25.60,24.75,24.95,39325,600550,35.28,24.90,25.00
16.08.21 15:19:59,24.95,25.05,24.45,24.65,57500,600550,35.19,24.55,24.65
16.08.21 15:20:59,24.50,24.60,23.50,23.95,50625,600550,35.11,23.90,24.00
16.08.21 15:21:59,24.00,24.75,23.85,24.50,39775,613300,35.05,24.55,24.60
16.08.21 15:22:59,24.50,24.65,23.55,23.55,53325,613300,34.97,23.55,23.70
16.08.21 15:23:59,23.50,24.70,23.50,24.45,41450,613300,34.91,24.40,24.55
16.08.21 15:24:59,24.45,25.00,24.20,24.25,42375,617875,34.85,24.25,24.35
16.08.21 15:25:59,24.75,24.75,22.55,22.60,68575,617875,34.75,22.55,22.70
16.08.21 15:26:59,24.00,24.00,22.50,23.00,55300,617875,34.66,23.00,23.05
16.08.21 15:27:59,23.05,23.10,22.70,22.75,45700,600100,34.59,22.70,22.75
16.08.21 15:28:59,22.70,22.70,22.10,22.25,48150,600100,34.51,22.25,22.40
16.08.21 15:30:00,22.15,22.15,19.35,20.65,43675,600100,34.44,20.65,21.00
17.08.21 09:15:59,24.90,24.90,13.25,13.70,147275,600000,14.81,13.65,13.75
17.08.21 09:16:59,13.40,13.45,12.25,13.20,125950,600000,13.93,13.20,13.25
17.08.21 09:17:59,12.90,13.15,12.55,12.75,85750,569925,13.68,12.75,12.85
17.08.21 09:18:59,12.70,13.45,12.45,13.20,92275,569925,13.54,13.20,13.25
17.08.21 09:19:59,13.30,13.70,13.15,13.60,65425,569925,13.53,13.50,13.60
17.08.21 09:20:59,13.40,13.45,13.00,13.05,97550,573175,13.48,13.05,13.15
17.08.21 09:21:59,13.10,13.75,12.95,13.70,69625,573175,13.46,13.65,13.75
17.08.21 09:22:59,13.80,14.50,13.60,14.05,70475,573175,13.52,14.00,14.10
17.08.21 09:23:59,13.85,14.65,13.85,14.65,46675,579275,13.56,14.65,14.75
17.08.21 09:24:59,14.65,15.75,14.50,15.75,98775,579275,13.73,15.70,15.80
17.08.21 09:25:59,15.75,18.05,15.20,17.25,68250,579275,13.93,17.15,17.25
17.08.21 09:26:59,17.25,17.35,16.50,17.00,31475,586025,14.03,16.90,17.00
17.08.21 09:27:59,17.05,17.25,15.65,15.65,30000,586025,14.10,15.60,15.70
17.08.21 09:28:59,15.75,15.80,15.00,15.15,34300,586025,14.14,15.10,15.25
17.08.21 09:29:59,15.20,15.45,14.50,14.50,28425,586875,14.16,14.50,14.65
17.08.21 09:30:59,14.50,14.50,13.50,14.15,83975,586875,14.14,14.05,14.15
17.08.21 09:31:59,14.00,14.25,13.85,13.90,27325,586875,14.14,13.90,14.00
17.08.21 09:32:59,13.95,14.25,13.85,14.20,19000,613250,14.14,14.10,14.20
17.08.21 09:33:59,14.15,14.70,14.10,14.50,31350,613250,14.14,14.45,14.55
17.08.21 09:34:59,14.60,14.60,13.85,14.15,19950,613250,14.14,14.05,14.15
17.08.21 09:35:59,14.10,14.25,13.85,14.05,17650,626600,14.14,14.05,14.15
17.08.21 09:36:59,14.05,14.45,14.00,14.15,11400,626600,14.14,14.10,14.25
17.08.21 09:37:59,14.30,14.30,13.90,13.95,14525,626600,14.14,13.90,13.95
17.08.21 09:38:59,13.90,14.00,13.80,13.95,22025,616375,14.14,13.95,14.00
17.08.21 09:39:59,13.90,14.00,13.60,13.70,28750,616375,14.13,13.65,13.75
17.08.21 09:40:59,13.75,13.80,13.50,13.65,21350,616375,14.12,13.60,13.65
17.08.21 09:41:59,13.65,13.85,13.40,13.70,40425,599500,14.11,13.70,13.80
17.08.21 09:42:59,13.65,13.90,13.65,13.80,33650,599500,14.10,13.70,13.80
17.08.21 09:43:59,13.80,14.15,13.75,14.10,9625,599500,14.10,14.10,14.15
17.08.21 09:44:59,14.10,14.30,13.95,14.20,18475,599750,14.10,14.15,14.25
17.08.21 09:45:59,14.20,14.35,14.00,14.15,21925,599750,14.10,14.10,14.20
17.08.21 09:46:59,14.10,14.25,13.70,13.75,22700,599750,14.10,13.70,13.80
17.08.21 09:47:59,13.70,14.00,13.70,13.75,19475,610900,14.10,13.75,13.80
17.08.21 09:48:59,13.70,13.90,13.40,13.40,33750,610900,14.09,13.35,13.40
17.08.21 09:49:59,13.35,13.60,13.30,13.45,37200,610900,14.07,13.35,13.45
17.08.21 09:50:59,13.40,13.45,13.05,13.25,30275,619725,14.06,13.25,13.30
17.08.21 09:51:59,13.30,13.40,13.00,13.30,52025,619725,14.03,13.20,13.30
17.08.21 09:52:59,13.15,13.35,13.00,13.00,34750,619725,14.01,12.95,13.05
17.08.21 09:53:59,12.95,13.20,12.85,13.00,26825,621225,14.00,13.00,13.10
17.08.21 09:54:59,13.05,13.10,12.80,13.00,15500,621225,13.99,12.90,13.00
17.08.21 09:55:59,12.95,13.25,12.95,13.05,17025,621225,13.98,13.05,13.15
17.08.21 09:56:59,13.00,13.50,13.00,13.45,36800,624375,13.97,13.40,13.50
17.08.21 09:57:59,13.40,14.00,13.30,13.45,40850,624375,13.96,13.45,13.55
17.08.21 09:58:59,13.50,13.85,13.45,13.60,47200,624375,13.95,13.50,13.60
17.08.21 09:59:59,13.60,13.75,13.00,13.50,103450,628550,13.92,13.45,13.55
17.08.21 10:00:59,13.45,13.60,13.20,13.40,28300,628550,13.91,13.30,13.40
17.08.21 10:01:59,13.40,13.60,13.20,13.50,17350,628550,13.91,13.50,13.55
17.08.21 10:02:59,13.55,13.65,13.45,13.50,14225,663100,13.90,13.50,13.60
17.08.21 10:03:59,13.50,13.85,13.50,13.70,19575,663100,13.90,13.60,13.70
17.08.21 10:04:59,13.70,13.80,13.50,13.65,13150,663100,13.90,13.55,13.65
17.08.21 10:05:59,13.65,13.65,13.30,13.35,14050,672275,13.90,13.25,13.35
17.08.21 10:06:59,13.20,13.35,13.15,13.35,14850,672275,13.89,13.25,13.35
17.08.21 10:07:59,13.35,13.75,13.20,13.30,16000,672275,13.89,13.20,13.30
17.08.21 10:08:59,13.20,13.25,13.00,13.10,17150,674150,13.88,13.15,13.25
17.08.21 10:09:59,13.15,13.20,13.00,13.05,8400,674150,13.88,13.00,13.15
17.08.21 10:10:59,13.15,13.15,12.85,12.85,13300,674150,13.88,12.85,12.95
17.08.21 10:11:59,12.80,12.90,12.65,12.70,7800,672675,13.87,12.65,12.75
17.08.21 10:12:59,12.65,12.85,12.60,12.85,9200,672675,13.87,12.75,12.85
17.08.21 10:13:59,12.85,13.10,12.75,13.00,7300,672675,13.86,12.95,13.10
17.08.21 10:14:59,13.10,13.15,12.90,12.95,8375,669700,13.86,12.95,13.05
17.08.21 10:15:59,12.95,13.50,12.80,13.35,17725,669700,13.86,13.35,13.45
17.08.21 10:16:59,13.35,13.40,13.10,13.20,5500,669700,13.85,13.15,13.25
17.08.21 10:17:59,13.20,13.35,12.90,13.05,18800,666550,13.85,13.00,13.05
17.08.21 10:18:59,12.90,13.10,12.80,12.80,4550,666550,13.85,12.75,12.90
17.08.21 10:19:59,12.80,13.00,12.75,12.90,13475,666550,13.84,12.85,12.90
17.08.21 10:20:59,12.85,13.10,12.80,13.00,13425,666525,13.83,13.05,13.10
17.08.21 10:21:59,13.00,13.15,12.85,13.05,13725,666525,13.83,13.00,13.10
17.08.21 10:22:59,13.05,13.30,12.95,13.25,28225,666525,13.82,13.10,13.25
17.08.21 10:23:59,13.25,13.55,13.10,13.10,18350,669850,13.82,13.05,13.20
17.08.21 10:24:59,13.05,13.30,13.05,13.15,9850,669850,13.81,13.15,13.30
17.08.21 10:25:59,13.40,13.50,13.00,13.10,9775,669850,13.81,13.00,13.10
17.08.21 10:26:59,13.00,13.05,12.50,12.60,12150,670975,13.81,12.50,12.65
17.08.21 10:27:59,12.60,12.70,11.95,12.10,18000,670975,13.79,11.95,12.10
17.08.21 10:28:59,11.95,12.10,11.90,11.90,9050,670975,13.79,11.90,12.05
17.08.21 10:29:59,11.90,12.00,11.60,11.80,22625,665725,13.77,11.80,11.95
17.08.21 10:30:59,11.80,12.00,11.65,11.65,4100,665725,13.77,11.65,11.75
17.08.21 10:31:59,11.75,11.85,11.40,11.50,12950,665725,13.76,11.50,11.60
17.08.21 10:32:59,11.50,11.60,11.30,11.50,35750,665975,13.72,11.50,11.55
17.08.21 10:33:59,11.45,11.90,11.45,11.70,39300,665975,13.69,11.60,11.70
17.08.21 10:34:59,11.70,12.05,11.55,12.00,18175,665975,13.68,12.00,12.05
17.08.21 10:35:59,12.00,12.15,11.80,12.05,13575,670850,13.67,12.05,12.10
17.08.21 10:36:59,12.05,12.15,11.95,12.00,17525,670850,13.66,12.00,12.05
17.08.21 10:37:59,12.00,12.00,11.75,11.85,6725,670850,13.65,11.80,11.85
17.08.21 10:38:59,11.80,11.85,11.70,11.75,9725,676225,13.65,11.70,11.75
17.08.21 10:39:59,11.80,11.80,11.35,11.45,13150,676225,13.63,11.45,11.50
17.08.21 10:40:59,11.45,11.45,11.25,11.25,13850,676225,13.62,11.20,11.25
17.08.21 10:41:59,11.25,11.35,11.10,11.15,31350,660075,13.60,11.15,11.20
17.08.21 10:42:59,11.15,11.25,11.00,11.20,17100,660075,13.58,11.20,11.25
17.08.21 10:43:59,11.20,11.20,11.10,11.10,9300,660075,13.57,11.05,11.15
17.08.21 10:44:59,11.20,11.25,11.05,11.25,12800,654200,13.56,11.15,11.25
17.08.21 10:45:59,11.15,11.20,10.90,10.95,12000,654200,13.55,10.90,11.00
17.08.21 10:46:59,11.00,11.20,10.85,11.20,21725,654200,13.53,11.10,11.20
17.08.21 10:47:59,11.10,11.60,10.95,11.45,32350,653000,13.50,11.45,11.55
17.08.21 10:48:59,11.45,11.60,11.35,11.50,24325,653000,13.49,11.40,11.50
17.08.21 10:49:59,11.50,11.55,11.20,11.20,20300,653000,13.47,11.20,11.30
17.08.21 10:50:59,11.20,11.20,11.00,11.15,12950,645000,13.46,11.10,11.15
17.08.21 10:51:59,11.05,11.15,10.95,11.10,11000,645000,13.45,11.00,11.10
17.08.21 10:52:59,11.00,11.15,10.95,11.00,4725,645000,13.45,10.95,11.05
17.08.21 10:53:59,11.05,11.15,11.00,11.10,3675,648050,13.44,11.05,11.15
17.08.21 10:54:59,11.05,11.25,11.00,11.25,5750,648050,13.44,11.20,11.30
17.08.21 10:55:59,11.20,11.30,11.00,11.10,5350,648050,13.43,11.00,11.10
17.08.21 10:56:59,11.15,11.15,11.00,11.00,5375,652750,13.43,11.00,11.10
17.08.21 10:57:59,11.10,11.25,11.05,11.25,6225,652750,13.42,11.15,11.25
17.08.21 10:58:59,11.10,11.25,11.10,11.15,3850,652750,13.42,11.15,11.25
17.08.21 10:59:59,11.10,11.20,11.10,11.20,4450,652075,13.42,11.10,11.20
17.08.21 11:00:59,11.10,11.15,10.85,11.05,10050,652075,13.41,11.00,11.10
17.08.21 11:01:59,11.00,11.15,10.90,10.95,11200,652075,13.40,10.90,10.95
17.08.21 11:02:59,10.95,11.10,10.95,11.05,6325,651475,13.39,11.05,11.10
17.08.21 11:03:59,11.10,11.20,11.00,11.15,3300,651475,13.39,11.10,11.15
17.08.21 11:04:59,11.15,11.25,11.10,11.20,3975,651475,13.39,11.20,11.25
17.08.21 11:05:59,11.25,11.25,11.10,11.10,5925,650600,13.38,11.10,11.15
17.08.21 11:06:59,11.10,11.25,11.05,11.10,8125,650600,13.38,11.10,11.15
17.08.21 11:07:59,11.10,11.20,11.05,11.05,2225,650600,13.38,11.05,11.15
17.08.21 11:08:59,11.15,11.20,11.00,11.15,6100,653300,13.37,11.10,11.20
17.08.21 11:09:59,11.05,11.20,10.95,10.95,3775,653300,13.37,10.95,11.05
17.08.21 11:10:59,11.00,11.00,10.85,10.90,9800,653300,13.36,10.80,10.90
17.08.21 11:11:59,10.90,10.95,10.65,10.70,6475,657625,13.36,10.65,10.75
17.08.21 11:12:59,10.70,10.75,10.15,10.50,27325,657625,13.33,10.50,10.55
17.08.21 11:13:59,10.50,10.50,10.20,10.20,8525,657625,13.32,10.20,10.30
17.08.21 11:14:59,10.20,10.40,10.20,10.30,9675,660750,13.31,10.20,10.30
17.08.21 11:15:59,10.20,10.30,10.05,10.10,4950,660750,13.31,10.10,10.20
17.08.21 11:16:59,10.20,10.25,10.10,10.25,10100,660750,13.29,10.20,10.25
17.08.21 11:17:59,10.20,10.20,9.95,10.00,15925,665775,13.28,9.95,10.05
17.08.21 11:18:59,10.05,10.20,9.90,10.10,11700,665775,13.27,10.05,10.15
17.08.21 11:19:59,10.05,10.15,10.00,10.05,2525,665775,13.26,10.05,10.15
17.08.21 11:20:59,10.00,10.20,10.00,10.15,8300,662925,13.25,10.10,10.20
17.08.21 11:21:59,10.10,10.25,10.05,10.05,7450,662925,13.25,10.05,10.15
17.08.21 11:22:59,10.15,10.20,10.00,10.10,11975,662925,13.23,10.05,10.15
17.08.21 11:23:59,10.15,10.15,10.00,10.10,3525,663850,13.23,10.00,10.10
17.08.21 11:24:59,10.05,10.10,9.75,9.80,10975,663850,13.22,9.80,9.90
17.08.21 11:25:59,9.85,9.90,9.70,9.70,6950,663850,13.21,9.70,9.80
17.08.21 11:26:59,9.70,9.80,9.70,9.80,7200,663850,13.20,9.70,9.80
17.08.21 11:27:59,9.75,9.85,9.65,9.70,6475,666375,13.20,9.60,9.70
17.08.21 11:28:59,9.60,9.70,9.55,9.60,8950,666375,13.19,9.55,9.65
17.08.21 11:29:59,9.65,9.65,9.45,9.55,7450,672450,13.18,9.55,9.60
17.08.21 11:30:59,9.55,9.60,9.40,9.50,4325,672450,13.17,9.45,9.50
17.08.21 11:31:59,9.45,9.55,9.40,9.55,6125,672450,13.16,9.50,9.55
17.08.21 11:32:59,9.45,9.60,9.45,9.55,5000,672450,13.16,9.45,9.60
17.08.21 11:33:59,9.50,9.60,9.45,9.55,9200,670700,13.15,9.45,9.55
17.08.21 11:34:59,9.60,9.60,9.35,9.40,5025,670700,13.14,9.40,9.50
17.08.21 11:35:59,9.50,9.50,9.30,9.35,8600,670700,13.13,9.30,9.35
17.08.21 11:36:59,9.35,9.35,9.15,9.25,4600,669175,13.13,9.15,9.25
17.08.21 11:37:59,9.25,9.30,9.15,9.25,10450,669175,13.11,9.25,9.30
17.08.21 11:38:59,9.30,9.30,9.00,9.00,6375,669175,13.11,9.00,9.10
17.08.21 11:39:59,9.05,9.15,8.90,9.00,11000,674075,13.09,8.95,9.00
17.08.21 11:40:59,9.00,9.10,8.80,9.00,12500,674075,13.08,9.00,9.10
17.08.21 11:41:59,9.00,9.10,8.90,8.90,9550,674075,13.06,8.95,9.00
17.08.21 11:42:59,9.00,9.10,8.90,9.05,13200,678600,13.05,9.00,9.10
17.08.21 11:43:59,9.10,9.20,9.00,9.10,10700,678600,13.03,9.05,9.10
17.08.21 11:44:59,9.05,9.20,9.05,9.10,5525,678600,13.03,9.10,9.15
17.08.21 11:45:59,9.15,9.40,9.10,9.30,9150,676650,13.02,9.20,9.30
17.08.21 11:46:59,9.20,9.30,9.10,9.25,10500,676650,13.01,9.20,9.30
17.08.21 11:47:59,9.20,9.35,9.15,9.15,9100,676650,12.99,9.20,9.25
17.08.21 11:48:59,9.15,9.25,8.95,9.00,6025,679700,12.99,9.00,9.05
17.08.21 11:49:59,9.00,9.15,9.00,9.05,12925,679700,12.97,9.00,9.05
17.08.21 11:50:59,9.00,9.05,8.90,8.95,11175,679700,12.96,8.90,9.00
17.08.21 11:51:59,8.95,9.10,8.95,9.05,15925,677700,12.94,8.95,9.05
17.08.21 11:52:59,9.00,9.10,8.95,9.10,4450,677700,12.93,9.00,9.10
17.08.21 11:53:59,9.10,9.15,9.00,9.10,8500,677700,12.92,9.05,9.10
17.08.21 11:54:59,9.10,9.15,8.95,9.10,14200,678925,12.91,9.00,9.10
17.08.21 11:55:59,9.10,9.20,8.95,8.95,17400,678925,12.89,8.95,9.00
17.08.21 11:56:59,9.00,9.15,8.95,8.95,10850,678925,12.88,8.95,9.00
17.08.21 11:57:59,9.00,9.30,8.95,9.15,32450,691975,12.84,9.10,9.15
17.08.21 11:58:59,9.15,9.20,9.00,9.15,36950,691975,12.80,9.10,9.20
17.08.21 11:59:59,9.20,9.20,8.85,8.95,20450,691975,12.78,8.90,9.00
17.08.21 12:00:59,8.90,9.10,8.90,8.90,34075,703000,12.74,8.90,8.95
17.08.21 12:01:59,8.90,9.05,8.80,8.85,20225,703000,12.72,8.80,8.90
17.08.21 12:02:59,8.80,8.95,8.70,8.80,23325,703000,12.69,8.80,8.85
17.08.21 12:03:59,8.90,8.95,8.70,8.70,19775,687725,12.67,8.70,8.75
17.08.21 12:04:59,8.80,9.20,8.75,8.90,50400,687725,12.62,8.90,8.95
17.08.21 12:05:59,8.95,9.00,8.60,8.70,36325,687725,12.58,8.65,8.75
17.08.21 12:06:59,8.75,8.75,8.45,8.50,29525,675075,12.55,8.50,8.60
17.08.21 12:07:59,8.50,8.70,8.40,8.70,28450,675075,12.52,8.65,8.70
17.08.21 12:08:59,8.65,8.70,8.30,8.35,15425,675075,12.50,8.30,8.40
17.08.21 12:09:59,8.40,8.70,8.35,8.55,19600,655025,12.48,8.50,8.60
17.08.21 12:10:59,8.60,8.70,8.35,8.50,28475,655025,12.45,8.40,8.50
17.08.21 12:11:59,8.50,8.55,8.25,8.30,18500,655025,12.43,8.25,8.35
17.08.21 12:12:59,8.25,8.50,8.25,8.40,19225,649775,12.41,8.35,8.45
17.08.21 12:13:59,8.30,8.55,8.30,8.40,11525,649775,12.40,8.40,8.45
17.08.21 12:14:59,8.50,8.55,8.35,8.50,16275,649775,12.38,8.50,8.55
17.08.21 12:15:59,8.55,8.65,8.50,8.55,8650,635000,12.38,8.55,8.65
17.08.21 12:16:59,8.55,8.65,8.45,8.45,4950,635000,12.37,8.45,8.50
17.08.21 12:17:59,8.45,8.50,8.35,8.40,9850,635000,12.36,8.35,8.45
17.08.21 12:18:59,8.40,8.45,8.30,8.35,5275,636500,12.36,8.30,8.35
17.08.21 12:19:59,8.30,8.50,8.30,8.45,15200,636500,12.34,8.45,8.50
17.08.21 12:20:59,8.45,8.50,8.20,8.20,13825,636500,12.33,8.20,8.25
17.08.21 12:21:59,8.30,8.35,8.20,8.25,13025,632425,12.31,8.20,8.25
17.08.21 12:22:59,8.20,8.30,8.20,8.30,11225,632425,12.30,8.25,8.30
17.08.21 12:23:59,8.30,8.30,8.15,8.20,11550,632425,12.29,8.20,8.25
17.08.21 12:24:59,8.25,8.30,8.15,8.15,12600,633850,12.28,8.15,8.20
17.08.21 12:25:59,8.25,8.30,8.10,8.20,9025,633850,12.27,8.15,8.20
17.08.21 12:26:59,8.10,8.30,8.10,8.30,4850,633850,12.26,8.20,8.30
17.08.21 12:27:59,8.25,8.30,8.20,8.30,8350,634625,12.25,8.25,8.30
17.08.21 12:28:59,8.25,8.40,8.25,8.30,9275,634625,12.24,8.30,8.35
17.08.21 12:29:59,8.35,8.50,8.30,8.40,14875,634625,12.23,8.40,8.50
17.08.21 12:30:59,8.50,8.60,8.40,8.60,18275,628075,12.21,8.55,8.65
17.08.21 12:31:59,8.55,8.60,8.35,8.40,7900,628075,12.21,8.40,8.45
17.08.21 12:32:59,8.45,8.50,8.35,8.45,5450,628075,12.20,8.45,8.50
17.08.21 12:33:59,8.50,8.60,8.40,8.40,10925,622950,12.19,8.40,8.45
17.08.21 12:34:59,8.40,8.45,8.25,8.30,7025,622950,12.18,8.25,8.30
17.08.21 12:35:59,8.30,8.35,8.20,8.30,13375,622950,12.17,8.25,8.30
17.08.21 12:36:59,8.35,8.35,8.15,8.20,14550,622900,12.16,8.20,8.25
17.08.21 12:37:59,8.20,8.35,8.20,8.30,13750,622900,12.14,8.30,8.35
17.08.21 12:38:59,8.35,8.40,8.20,8.30,7975,622900,12.14,8.25,8.30
17.08.21 12:39:59,8.35,8.50,8.25,8.45,12625,614225,12.12,8.45,8.55
17.08.21 12:40:59,8.45,8.50,8.30,8.30,20425,614225,12.11,8.25,8.30
17.08.21 12:41:59,8.30,8.35,8.05,8.05,14575,614225,12.09,8.05,8.15
17.08.21 12:42:59,8.10,8.15,8.05,8.15,8925,607075,12.08,8.10,8.15
17.08.21 12:43:59,8.15,8.30,8.10,8.20,15250,607075,12.07,8.20,8.25
17.08.21 12:44:59,8.20,8.25,8.10,8.25,7425,607075,12.06,8.15,8.25
17.08.21 12:45:59,8.15,8.35,8.10,8.30,12925,600500,12.05,8.25,8.30
17.08.21 12:46:59,8.25,8.40,8.25,8.35,6475,600500,12.05,8.35,8.40
17.08.21 12:47:59,8.40,8.45,8.30,8.30,9700,600500,12.04,8.30,8.35
17.08.21 12:48:59,8.30,8.45,8.30,8.35,5725,594650,12.03,8.35,8.40
17.08.21 12:49:59,8.40,8.40,8.20,8.25,7525,594650,12.03,8.25,8.30
17.08.21 12:50:59,8.30,8.35,8.20,8.30,7350,594650,12.02,8.25,8.30
17.08.21 12:51:59,8.25,8.35,8.25,8.30,5350,592050,12.01,8.25,8.35
17.08.21 12:52:59,8.30,8.30,8.20,8.30,3975,592050,12.01,8.25,8.30
17.08.21 12:53:59,8.20,8.30,8.20,8.25,3250,592050,12.01,8.20,8.25
17.08.21 12:54:59,8.25,8.35,8.20,8.30,4550,589700,12.00,8.25,8.35
17.08.21 12:55:59,8.30,8.45,8.30,8.35,3800,589700,12.00,8.30,8.35
17.08.21 12:56:59,8.35,8.45,8.30,8.35,6750,589700,11.99,8.35,8.40
17.08.21 12:57:59,8.35,8.45,8.30,8.30,6325,590775,11.99,8.25,8.30
17.08.21 12:58:59,8.30,8.40,8.30,8.35,5050,590775,11.98,8.35,8.40
17.08.21 12:59:59,8.40,8.45,8.30,8.30,5200,590775,11.98,8.30,8.35
17.08.21 13:00:59,8.30,8.40,8.30,8.35,6075,592250,11.98,8.30,8.35
17.08.21 13:01:59,8.35,8.40,8.30,8.35,12300,592250,11.96,8.30,8.40
17.08.21 13:02:59,8.30,8.40,8.10,8.10,22125,592250,11.95,8.05,8.10
17.08.21 13:03:59,8.05,8.15,7.95,7.95,14700,586225,11.93,7.95,8.00
17.08.21 13:04:59,7.95,8.35,7.95,8.35,16425,586225,11.92,8.35,8.40
17.08.21 13:05:59,8.40,8.50,8.20,8.25,30425,586225,11.89,8.20,8.25
17.08.21 13:06:59,8.20,8.30,8.15,8.25,8425,593450,11.89,8.20,8.25
17.08.21 13:07:59,8.25,8.25,8.15,8.25,6075,593450,11.88,8.20,8.30
17.08.21 13:08:59,8.20,8.35,8.20,8.25,3175,593450,11.88,8.25,8.30
17.08.21 13:09:59,8.25,8.30,8.10,8.15,7875,592425,11.87,8.10,8.20
17.08.21 13:10:59,8.20,8.35,8.15,8.30,7725,592425,11.87,8.25,8.35
17.08.21 13:11:59,8.25,8.35,8.25,8.30,1825,592425,11.86,8.25,8.35
17.08.21 13:12:59,8.25,8.40,8.20,8.20,6225,591475,11.86,8.20,8.25
17.08.21 13:13:59,8.20,8.25,8.10,8.20,8575,591475,11.85,8.15,8.20
17.08.21 13:14:59,8.20,8.20,8.10,8.10,3650,591475,11.85,8.05,8.10
17.08.21 13:15:59,8.10,8.60,8.10,8.45,17975,591325,11.83,8.40,8.45
17.08.21 13:16:59,8.45,8.60,8.35,8.35,8200,591325,11.83,8.30,8.40
17.08.21 13:17:59,8.35,8.35,8.05,8.35,8750,591325,11.82,8.30,8.35
17.08.21 13:18:59,8.35,8.35,8.15,8.15,9600,599675,11.81,8.10,8.20
17.08.21 13:19:59,8.20,8.30,8.15,8.15,5675,599675,11.81,8.10,8.20
17.08.21 13:20:59,8.25,8.40,8.25,8.35,3475,599675,11.81,8.25,8.35
17.08.21 13:21:59,8.30,8.45,8.30,8.40,4200,599375,11.80,8.35,8.45
17.08.21 13:22:59,8.45,8.50,8.35,8.35,7200,599375,11.80,8.30,8.35
17.08.21 13:23:59,8.30,8.35,8.20,8.30,1450,599375,11.80,8.25,8.35
17.08.21 13:24:59,8.35,8.35,8.15,8.20,6250,601725,11.79,8.20,8.30
17.08.21 13:25:59,8.20,8.25,8.00,8.00,12100,601725,11.78,8.00,8.10
17.08.21 13:26:59,8.10,8.10,7.85,7.85,6250,601725,11.78,7.85,7.95
17.08.21 13:27:59,7.95,8.10,7.75,7.95,7425,605225,11.77,7.95,8.05
17.08.21 13:28:59,8.00,8.05,7.85,8.00,6775,605225,11.76,7.90,8.00
17.08.21 13:29:59,7.90,8.05,7.85,8.00,8400,605225,11.76,7.95,8.05
17.08.21 13:30:59,8.00,8.00,7.85,7.90,14225,604400,11.75,7.85,7.95
17.08.21 13:31:59,7.90,8.00,7.85,7.85,5625,604400,11.74,7.80,7.90
17.08.21 13:32:59,7.80,7.85,7.65,7.85,6225,604400,11.74,7.80,7.85
17.08.21 13:33:59,7.85,7.85,7.60,7.75,8200,600600,11.73,7.70,7.80
17.08.21 13:34:59,7.80,7.85,7.70,7.75,14975,600600,11.72,7.75,7.85
17.08.21 13:35:59,7.80,7.85,7.65,7.75,12900,600600,11.70,7.70,7.75
17.08.21 13:36:59,7.70,7.85,7.55,7.60,9200,593350,11.70,7.55,7.65
17.08.21 13:37:59,7.65,7.70,7.55,7.65,9275,593350,11.69,7.65,7.70
17.08.21 13:38:59,7.70,7.75,7.60,7.65,2750,593350,11.69,7.65,7.70
17.08.21 13:39:59,7.70,7.80,7.65,7.65,7250,590950,11.68,7.60,7.70
17.08.21 13:40:59,7.70,7.85,7.60,7.60,8950,590950,11.67,7.60,7.65
17.08.21 13:41:59,7.60,7.70,7.50,7.60,7900,590950,11.67,7.55,7.60
17.08.21 13:42:59,7.60,7.85,7.60,7.70,3925,585025,11.66,7.70,7.75
17.08.21 13:43:59,7.70,7.80,7.65,7.65,4550,585025,11.66,7.65,7.70
17.08.21 13:44:59,7.75,7.85,7.65,7.80,2700,585025,11.66,7.75,7.85
17.08.21 13:45:59,7.85,8.15,7.75,7.95,9750,584175,11.65,7.90,8.00
17.08.21 13:46:59,8.00,8.30,7.95,8.05,10350,584175,11.64,8.05,8.15
17.08.21 13:47:59,8.05,8.15,7.80,8.00,5425,584175,11.64,7.95,8.00
17.08.21 13:48:59,7.95,8.00,7.70,7.75,4725,584800,11.63,7.75,7.85
17.08.21 13:49:59,7.85,7.95,7.65,7.65,4725,584800,11.63,7.65,7.75
17.08.21 13:50:59,7.75,7.85,7.70,7.80,10500,584800,11.62,7.80,7.85
17.08.21 13:51:59,7.75,7.95,7.75,7.80,11850,588250,11.61,7.75,7.80
17.08.21 13:52:59,7.80,7.85,7.70,7.70,3025,588250,11.61,7.65,7.75
17.08.21 13:53:59,7.65,7.80,7.65,7.65,4600,588250,11.60,7.65,7.75
17.08.21 13:54:59,7.65,7.75,7.60,7.70,4325,586725,11.60,7.65,7.75
17.08.21 13:55:59,7.65,7.70,7.45,7.45,11700,586725,11.59,7.45,7.55
17.08.21 13:56:59,7.45,7.55,7.35,7.40,6825,586725,11.58,7.40,7.45
17.08.21 13:57:59,7.45,7.45,7.30,7.35,5575,586775,11.58,7.30,7.40
17.08.21 13:58:59,7.40,7.50,7.35,7.40,4450,586775,11.58,7.40,7.45
17.08.21 13:59:59,7.40,7.60,7.35,7.50,3975,586775,11.57,7.50,7.55
17.08.21 14:00:59,7.55,7.65,7.40,7.50,7825,584700,11.57,7.50,7.55
17.08.21 14:01:59,7.50,7.60,7.50,7.60,2100,584700,11.56,7.55,7.60
17.08.21 14:02:59,7.60,7.60,7.35,7.45,6300,584700,11.56,7.40,7.45
17.08.21 14:03:59,7.45,7.65,7.40,7.65,14300,578100,11.55,7.55,7.65
17.08.21 14:04:59,7.60,7.75,7.45,7.75,12225,578100,11.54,7.65,7.75
17.08.21 14:05:59,7.75,7.75,7.60,7.60,7850,578100,11.53,7.60,7.70
17.08.21 14:06:59,7.60,7.70,7.50,7.50,4325,572050,11.53,7.50,7.55
17.08.21 14:07:59,7.55,7.60,7.45,7.55,8875,572050,11.52,7.50,7.60
17.08.21 14:08:59,7.60,7.65,7.55,7.65,3600,572050,11.52,7.60,7.65
17.08.21 14:09:59,7.60,7.80,7.60,7.70,9300,569325,11.51,7.65,7.70
17.08.21 14:10:59,7.75,8.00,7.75,7.90,7175,569325,11.50,7.90,7.95
17.08.21 14:11:59,7.90,8.00,7.70,7.85,5300,569325,11.50,7.80,7.90
17.08.21 14:12:59,7.80,7.80,7.55,7.65,6100,566650,11.49,7.60,7.65
17.08.21 14:13:59,7.65,7.70,7.55,7.65,10900,566650,11.49,7.60,7.65
17.08.21 14:14:59,7.65,7.70,7.55,7.60,12725,566650,11.48,7.60,7.65
17.08.21 14:15:59,7.60,7.80,7.60,7.70,11650,562925,11.47,7.65,7.70
17.08.21 14:16:59,7.60,7.70,7.60,7.65,6475,562925,11.46,7.60,7.70
17.08.21 14:17:59,7.60,7.70,7.55,7.55,3575,562925,11.46,7.55,7.65
17.08.21 14:18:59,7.55,7.65,7.50,7.50,9875,561775,11.45,7.50,7.55
17.08.21 14:19:59,7.50,7.60,7.35,7.55,16650,561775,11.44,7.50,7.60
17.08.21 14:20:59,7.45,7.55,7.35,7.40,18800,561775,11.42,7.40,7.50
17.08.21 14:21:59,7.35,7.50,7.25,7.35,11950,562700,11.41,7.30,7.35
17.08.21 14:22:59,7.30,7.40,7.15,7.15,10400,562700,11.40,7.15,7.20
17.08.21 14:23:59,7.20,7.20,7.05,7.10,9125,562700,11.40,7.10,7.20
17.08.21 14:24:59,7.10,7.30,7.10,7.20,3650,554950,11.39,7.20,7.30
17.08.21 14:25:59,7.30,7.30,7.05,7.25,10525,554950,11.38,7.20,7.25
17.08.21 14:26:59,7.20,7.35,7.20,7.30,4750,554950,11.38,7.25,7.35
17.08.21 14:27:59,7.25,7.40,7.20,7.30,8350,554950,11.37,7.25,7.35
17.08.21 14:28:59,7.25,7.30,7.15,7.15,5950,554950,11.37,7.20,7.25
17.08.21 14:29:59,7.25,7.25,7.15,7.15,5275,554950,11.36,7.10,7.20
17.08.21 14:30:59,7.20,7.25,7.10,7.10,4075,554500,11.36,7.05,7.15
17.08.21 14:31:59,7.05,7.15,6.95,7.10,9225,554500,11.35,7.05,7.10
17.08.21 14:32:59,7.10,7.10,6.90,6.95,2625,554500,11.35,6.90,6.95
17.08.21 14:33:59,6.90,7.00,6.70,6.75,11225,552875,11.34,6.70,6.80
17.08.21 14:34:59,6.70,6.75,6.55,6.65,8075,552875,11.33,6.55,6.65
17.08.21 14:35:59,6.55,6.65,6.35,6.35,10900,552875,11.32,6.35,6.45
17.08.21 14:36:59,6.45,6.45,6.15,6.20,13050,543100,11.31,6.15,6.25
17.08.21 14:37:59,6.25,6.30,6.15,6.20,6375,543100,11.30,6.20,6.25
17.08.21 14:38:59,6.20,6.30,6.15,6.25,6325,543100,11.30,6.25,6.30
17.08.21 14:39:59,6.30,6.40,6.20,6.30,9875,538050,11.29,6.25,6.35
17.08.21 14:40:59,6.25,6.40,6.20,6.40,4475,538050,11.28,6.30,6.35
17.08.21 14:41:59,6.35,6.40,6.25,6.30,6225,538050,11.28,6.25,6.35
17.08.21 14:42:59,6.30,6.35,6.20,6.30,21475,526175,11.26,6.30,6.35
17.08.21 14:43:59,6.30,6.40,6.25,6.30,13100,526175,11.24,6.25,6.35
17.08.21 14:44:59,6.35,6.35,6.20,6.35,5000,526175,11.24,6.30,6.40
17.08.21 14:45:59,6.25,6.50,6.20,6.30,16300,522800,11.22,6.20,6.30
17.08.21 14:46:59,6.15,6.25,6.10,6.15,15400,522800,11.21,6.15,6.20
17.08.21 14:47:59,6.15,6.20,6.00,6.05,6775,522800,11.20,6.00,6.10
17.08.21 14:48:59,6.00,6.20,6.00,6.10,7375,517425,11.19,6.10,6.15
17.08.21 14:49:59,6.10,6.15,6.00,6.00,13550,517425,11.18,6.00,6.10
17.08.21 14:50:59,6.00,6.10,5.90,6.00,23500,517425,11.16,5.90,6.00
17.08.21 14:51:59,5.90,6.05,5.90,6.00,10375,510975,11.15,5.95,6.05
17.08.21 14:52:59,6.00,6.00,5.85,6.00,9675,510975,11.14,5.90,6.00
17.08.21 14:53:59,5.90,6.05,5.90,6.05,15150,510975,11.12,6.00,6.10
17.08.21 14:54:59,6.00,6.10,5.95,6.05,12750,504725,11.11,6.00,6.10
17.08.21 14:55:59,5.95,6.15,5.95,5.95,9775,504725,11.10,5.90,6.00
17.08.21 14:56:59,5.90,6.20,5.90,6.15,10925,504725,11.09,6.10,6.15
17.08.21 14:57:59,6.15,6.25,6.10,6.25,8325,502375,11.08,6.15,6.20
17.08.21 14:58:59,6.15,6.25,6.10,6.20,7825,502375,11.08,6.15,6.25
17.08.21 14:59:59,6.15,6.40,6.15,6.20,9950,502375,11.07,6.20,6.30
17.08.21 15:00:59,6.30,6.70,6.30,6.40,49575,494825,11.02,6.40,6.50
17.08.21 15:01:59,6.50,6.90,6.40,6.80,52450,494825,10.98,6.75,6.85
17.08.21 15:02:59,6.75,6.95,6.65,6.85,18700,494825,10.97,6.85,6.90
17.08.21 15:03:59,6.90,7.10,6.65,6.65,21700,487875,10.95,6.60,6.70
17.08.21 15:04:59,6.65,6.90,6.65,6.90,24975,487875,10.93,6.85,6.90
17.08.21 15:05:59,6.90,6.95,6.40,6.50,34875,487875,10.91,6.50,6.55
17.08.21 15:06:59,6.60,6.70,6.35,6.35,31400,483450,10.88,6.35,6.40
17.08.21 15:07:59,6.40,6.60,6.25,6.25,33225,483450,10.86,6.25,6.30
17.08.21 15:08:59,6.25,6.80,6.25,6.50,27000,483450,10.83,6.45,6.50
17.08.21 15:09:59,6.45,6.75,6.45,6.55,36850,475150,10.81,6.55,6.60
17.08.21 15:10:59,6.55,6.75,6.45,6.50,40075,475150,10.78,6.50,6.55
17.08.21 15:11:59,6.55,6.70,6.50,6.65,28425,475150,10.76,6.65,6.70
17.08.21 15:12:59,6.65,6.70,6.35,6.35,21150,477375,10.74,6.40,6.45
17.08.21 15:13:59,6.45,6.55,6.30,6.40,22625,477375,10.72,6.40,6.45
17.08.21 15:14:59,6.35,6.40,6.20,6.25,29950,477375,10.70,6.20,6.25
17.08.21 15:15:59,6.25,6.35,6.05,6.15,29725,469375,10.68,6.05,6.15
17.08.21 15:16:59,6.10,6.15,5.90,5.90,17025,469375,10.66,5.90,5.95
17.08.21 15:17:59,5.90,5.95,5.65,5.80,25850,469375,10.64,5.75,5.80
17.08.21 15:18:59,5.85,5.90,5.65,5.70,16600,464550,10.63,5.70,5.75
17.08.21 15:19:59,5.70,5.85,5.60,5.80,22225,464550,10.61,5.75,5.85
17.08.21 15:20:59,5.80,5.95,5.75,5.80,17100,464550,10.60,5.80,5.85
17.08.21 15:21:59,5.85,5.95,5.80,5.95,14300,454700,10.59,5.90,5.95
17.08.21 15:22:59,5.90,6.00,5.75,5.85,19025,454700,10.57,5.85,5.95
17.08.21 15:23:59,5.90,6.20,5.90,6.00,51225,454700,10.53,6.00,6.05
17.08.21 15:24:59,6.00,6.05,5.90,6.05,23050,454700,10.51,6.00,6.05
17.08.21 15:25:59,6.10,6.20,5.60,5.70,48800,426150,10.48,5.65,5.70
17.08.21 15:26:59,5.75,5.90,5.55,5.85,27725,426150,10.46,5.80,5.85
17.08.21 15:27:59,5.85,6.00,5.75,5.95,15875,426150,10.44,5.95,6.00
17.08.21 15:28:59,5.95,6.15,5.95,6.10,37975,406825,10.42,6.00,6.10
17.08.21 15:30:00,6.00,6.15,5.70,5.70,45475,406825,10.38,5.55,5.70
18.08.21 09:15:59,6.30,22.40,6.05,11.60,378475,409275,13.42,11.60,11.70
18.08.21 09:16:59,11.60,11.65,8.00,8.05,203275,409275,12.26,8.05,8.15
18.08.21 09:17:59,7.95,8.30,7.55,7.95,127550,494400,11.48,7.85,7.95
18.08.21 09:18:59,7.80,8.50,7.60,8.40,135350,494400,10.92,8.35,8.45
18.08.21 09:19:59,8.35,8.35,7.15,7.15,195225,494400,10.30,7.10,7.15
18.08.21 09:20:59,7.30,7.40,6.95,7.20,129225,562500,9.96,7.15,7.20
18.08.21 09:21:59,7.10,7.10,6.55,6.60,130550,562500,9.65,6.60,6.65
18.08.21 09:22:59,6.60,6.85,6.40,6.70,110350,562500,9.41,6.65,6.70
18.08.21 09:23:59,6.75,7.40,6.20,6.35,177575,591625,9.10,6.30,6.35
18.08.21 09:24:59,6.75,6.75,6.00,6.30,93800,591625,8.95,6.30,6.35
18.08.21 09:25:59,6.35,6.45,6.25,6.35,42975,591625,8.88,6.35,6.40
18.08.21 09:26:59,6.40,6.50,6.00,6.00,47575,614300,8.81,5.95,6.00
18.08.21 09:27:59,6.05,6.10,5.80,5.95,48300,614300,8.73,5.95,6.00
18.08.21 09:28:59,6.00,6.00,5.75,5.75,38275,614300,8.68,5.75,5.80
18.08.21 09:29:59,5.75,5.95,5.60,5.85,50425,646650,8.60,5.85,5.90
18.08.21 09:30:59,5.90,6.00,5.70,5.70,36350,646650,8.55,5.65,5.75
18.08.21 09:31:59,5.70,5.80,5.45,5.55,61350,646650,8.46,5.55,5.60
18.08.21 09:32:59,5.60,5.75,5.30,5.35,40675,637900,8.40,5.35,5.40
18.08.21 09:33:59,5.40,5.55,4.90,4.95,50875,637900,8.33,4.95,5.00
18.08.21 09:34:59,5.00,5.50,5.00,5.30,110125,637900,8.18,5.25,5.30
18.08.21 09:35:59,5.30,5.50,4.85,4.90,95225,612400,8.05,4.85,4.90
18.08.21 09:36:59,4.85,5.10,4.70,4.90,52175,612400,7.98,4.90,4.95
18.08.21 09:37:59,5.00,5.05,4.70,4.75,57925,612400,7.91,4.70,4.80
18.08.21 09:38:59,4.80,4.80,4.55,4.70,63750,591350,7.83,4.70,4.75
18.08.21 09:39:59,4.70,5.00,4.70,5.00,56200,591350,7.76,5.00,5.05
18.08.21 09:40:59,5.05,5.70,5.05,5.65,63050,591350,7.70,5.65,5.70
18.08.21 09:41:59,5.60,6.00,5.40,6.00,46650,591425,7.66,5.95,6.00
18.08.21 09:42:59,6.05,6.05,5.45,5.70,48525,591425,7.63,5.65,5.70
18.08.21 09:43:59,5.65,5.70,5.40,5.55,38825,591425,7.60,5.50,5.55
18.08.21 09:44:59,5.50,5.70,5.40,5.60,47700,595325,7.56,5.55,5.60
18.08.21 09:45:59,5.60,5.65,5.40,5.60,52825,595325,7.52,5.60,5.65
18.08.21 09:46:59,5.60,5.85,5.60,5.75,41025,595325,7.50,5.70,5.75
18.08.21 09:47:59,5.75,5.95,5.75,5.85,18150,607450,7.49,5.85,5.90
18.08.21 09:48:59,5.90,5.95,5.65,5.80,45200,607450,7.46,5.75,5.85
18.08.21 09:49:59,5.85,6.05,5.80,6.00,40625,607450,7.44,6.00,6.05
18.08.21 09:50:59,6.00,6.00,5.65,5.65,34900,616775,7.42,5.60,5.65
18.08.21 09:51:59,5.65,5.80,5.50,5.80,23150,616775,7.41,5.75,5.80
18.08.21 09:52:59,5.80,5.90,5.75,5.85,21700,616775,7.40,5.80,5.85
18.08.21 09:53:59,5.85,5.95,5.75,5.80,19775,618250,7.39,5.75,5.80
18.08.21 09:54:59,5.75,5.90,5.75,5.80,25025,618250,7.37,5.75,5.80
18.08.21 09:55:59,5.75,5.90,5.65,5.90,28625,618250,7.36,5.85,5.90
18.08.21 09:56:59,5.85,5.90,5.55,5.55,32325,622525,7.34,5.50,5.55
18.08.21 09:57:59,5.50,5.65,5.40,5.45,29550,622525,7.33,5.40,5.45
18.08.21 09:58:59,5.45,5.60,5.35,5.45,50200,622525,7.30,5.45,5.50
18.08.21 09:59:59,5.50,5.55,5.25,5.25,38625,622750,7.28,5.25,5.30
18.08.21 10:00:59,5.30,5.35,5.15,5.35,19775,622750,7.26,5.30,5.35
18.08.21 10:01:59,5.30,5.30,4.85,4.95,34775,622750,7.24,4.95,5.00
18.08.21 10:02:59,4.95,5.00,4.80,4.80,38325,616075,7.21,4.75,4.80
18.08.21 10:03:59,4.80,4.85,4.60,4.60,21800,616075,7.20,4.60,4.65
18.08.21 10:04:59,4.60,4.80,4.55,4.80,20225,616075,7.18,4.70,4.75
18.08.21 10:05:59,4.70,4.90,4.70,4.90,19225,616425,7.17,4.90,4.95
18.08.21 10:06:59,4.90,4.95,4.75,4.95,24925,616425,7.15,4.90,4.95
18.08.21 10:07:59,4.95,4.95,4.85,4.85,16375,616425,7.14,4.85,4.90
18.08.21 10:08:59,4.95,4.95,4.70,4.70,17975,616675,7.13,4.70,4.75
18.08.21 10:09:59,4.75,4.80,4.65,4.70,10525,616675,7.12,4.70,4.75
18.08.21 10:10:59,4.75,4.95,4.75,4.95,15525,616675,7.11,4.90,4.95
18.08.21 10:11:59,4.95,4.95,4.75,4.80,18175,622675,7.10,4.75,4.80
18.08.21 10:12:59,4.80,4.90,4.80,4.80,15900,622675,7.09,4.80,4.85
18.08.21 10:13:59,4.85,4.95,4.75,4.90,14600,622675,7.08,4.85,4.90
18.08.21 10:14:59,4.90,4.95,4.80,4.85,8600,625925,7.08,4.85,4.90
18.08.21 10:15:59,4.90,4.95,4.85,4.90,9425,625925,7.07,4.90,4.95
18.08.21 10:16:59,4.95,5.00,4.80,4.90,12550,625925,7.06,4.90,4.95
18.08.21 10:17:59,4.95,5.05,4.90,5.05,9450,626475,7.06,5.00,5.05
18.08.21 10:18:59,5.00,5.05,4.95,4.95,15150,626475,7.05,4.90,4.95
18.08.21 10:19:59,4.95,4.95,4.85,4.95,11125,626475,7.04,4.90,4.95
18.08.21 10:20:59,4.95,5.05,4.95,4.95,9900,626475,7.04,4.95,5.00
18.08.21 10:21:59,4.95,4.95,4.85,4.90,11650,626475,7.03,4.85,4.90
18.08.21 10:22:59,4.85,4.95,4.85,4.85,10150,626475,7.03,4.85,4.90
18.08.21 10:23:59,4.90,4.90,4.85,4.85,10975,631325,7.02,4.85,4.90
18.08.21 10:24:59,4.90,4.95,4.75,4.90,10000,631325,7.01,4.90,4.95
18.08.21 10:25:59,4.95,5.20,4.90,5.20,15200,631325,7.00,5.10,5.20
18.08.21 10:26:59,5.10,5.20,5.10,5.10,13700,642025,7.00,5.05,5.15
18.08.21 10:27:59,5.10,5.40,5.05,5.15,13925,642025,6.99,5.10,5.15
18.08.21 10:28:59,5.10,5.20,5.10,5.20,4350,642025,6.99,5.15,5.20
18.08.21 10:29:59,5.15,5.30,5.10,5.15,10925,635525,6.98,5.15,5.20
18.08.21 10:30:59,5.15,5.20,5.05,5.05,6175,635525,6.98,5.05,5.10
18.08.21 10:31:59,5.05,5.15,5.00,5.15,13575,635525,6.97,5.10,5.15
18.08.21 10:32:59,5.20,5.20,5.05,5.20,15450,638600,6.97,5.15,5.20
18.08.21 10:33:59,5.15,5.20,5.00,5.00,21300,638600,6.96,5.05,5.10
18.08.21 10:34:59,5.10,5.35,5.10,5.35,14300,638600,6.95,5.25,5.35
18.08.21 10:35:59,5.30,5.30,5.15,5.25,9600,644800,6.94,5.20,5.30
18.08.21 10:36:59,5.25,5.30,5.15,5.20,13625,644800,6.94,5.20,5.25
18.08.21 10:37:59,5.25,5.35,5.15,5.20,11150,644800,6.93,5.15,5.20
18.08.21 10:38:59,5.20,5.20,5.00,5.10,14175,648300,6.93,5.05,5.10
18.08.21 10:39:59,5.05,5.25,5.05,5.15,11100,648300,6.92,5.10,5.15
18.08.21 10:40:59,5.15,5.35,5.10,5.25,30125,648300,6.91,5.25,5.30
18.08.21 10:41:59,5.25,5.40,5.20,5.25,17625,639225,6.90,5.25,5.30
18.08.21 10:42:59,5.25,5.30,5.15,5.15,4650,639225,6.90,5.15,5.20
18.08.21 10:43:59,5.20,5.25,5.10,5.10,7325,639225,6.90,5.10,5.15
18.08.21 10:44:59,5.10,5.20,5.05,5.20,4000,639350,6.89,5.15,5.20
18.08.21 10:45:59,5.20,5.20,5.05,5.20,8400,639350,6.89,5.15,5.20
18.08.21 10:46:59,5.15,5.40,5.15,5.40,15175,639350,6.88,5.35,5.45
18.08.21 10:47:59,5.45,5.45,5.15,5.20,9800,640625,6.88,5.15,5.25
18.08.21 10:48:59,5.25,5.25,4.90,4.90,36450,640625,6.86,4.90,4.95
18.08.21 10:49:59,5.00,5.00,4.40,4.65,48075,640625,6.84,4.65,4.70
18.08.21 10:50:59,4.70,4.85,4.65,4.75,24875,642500,6.83,4.70,4.80
18.08.21 10:51:59,4.75,5.10,4.70,4.85,52500,642500,6.80,4.80,4.85
18.08.21 10:52:59,4.85,4.95,4.65,4.75,43325,642500,6.78,4.75,4.85
18.08.21 10:53:59,4.80,4.90,4.65,4.85,32475,644425,6.76,4.75,4.85
18.08.21 10:54:59,4.75,5.00,4.75,4.95,22125,644425,6.75,4.90,5.00
18.08.21 10:55:59,4.90,4.95,4.75,4.80,18950,644425,6.75,4.75,4.85
18.08.21 10:56:59,4.85,4.95,4.80,4.90,16525,646700,6.74,4.90,5.00
18.08.21 10:57:59,4.90,5.00,4.85,4.95,21575,646700,6.73,4.95,5.00
18.08.21 10:58:59,4.90,5.10,4.85,5.00,25925,646700,6.72,4.95,5.05
18.08.21 10:59:59,5.05,5.45,5.00,5.25,35700,638475,6.71,5.25,5.35
18.08.21 11:00:59,5.25,5.30,5.10,5.10,18025,638475,6.70,5.10,5.20
18.08.21 11:01:59,5.15,5.15,4.90,4.95,18200,638475,6.69,4.90,5.00
18.08.21 11:02:59,4.90,5.00,4.85,4.85,8300,647700,6.69,4.80,4.85
18.08.21 11:03:59,4.80,4.95,4.70,4.95,12125,647700,6.68,4.85,4.95
18.08.21 11:04:59,4.95,5.00,4.85,5.00,10400,647700,6.68,4.90,5.00
18.08.21 11:05:59,5.00,5.00,4.80,4.80,5550,647300,6.68,4.75,4.85
18.08.21 11:06:59,4.75,4.85,4.70,4.80,14175,647300,6.67,4.80,4.85
18.08.21 11:07:59,4.85,4.90,4.55,4.55,16725,647300,6.66,4.55,4.60
18.08.21 11:08:59,4.55,4.70,4.55,4.60,9750,652650,6.66,4.55,4.65
18.08.21 11:09:59,4.65,4.75,4.55,4.60,7075,652650,6.66,4.55,4.65
18.08.21 11:10:59,4.60,4.70,4.40,4.55,11900,652650,6.65,4.55,4.60
18.08.21 11:11:59,4.60,4.70,4.50,4.50,10700,650800,6.65,4.50,4.60
18.08.21 11:12:59,4.50,4.55,4.40,4.50,9100,650800,6.64,4.40,4.50
18.08.21 11:13:59,4.50,4.55,4.40,4.40,9400,650800,6.64,4.35,4.40
18.08.21 11:14:59,4.40,4.45,4.30,4.40,12300,653125,6.63,4.35,4.40
18.08.21 11:15:59,4.50,4.60,4.15,4.25,35125,653125,6.61,4.20,4.30
18.08.21 11:16:59,4.30,4.30,4.05,4.05,7700,653125,6.61,4.05,4.10
18.08.21 11:17:59,4.05,4.10,3.80,3.80,31300,649450,6.59,3.80,3.90
18.08.21 11:18:59,3.80,3.90,3.75,3.90,10025,649450,6.59,3.85,3.90
18.08.21 11:19:59,3.85,3.95,3.80,3.90,8125,649450,6.58,3.85,3.95
18.08.21 11:20:59,3.95,4.10,3.85,4.00,11925,646725,6.57,4.00,4.05
18.08.21 11:21:59,4.00,4.10,4.00,4.05,5775,646725,6.57,4.05,4.10
18.08.21 11:22:59,4.05,4.20,3.95,3.95,18950,646725,6.56,3.95,4.00
18.08.21 11:23:59,4.00,4.30,4.00,4.30,7400,647800,6.56,4.20,4.30
18.08.21 11:24:59,4.30,4.50,4.20,4.45,14875,647800,6.55,4.35,4.45
18.08.21 11:25:59,4.35,4.45,4.25,4.30,12200,647800,6.54,4.30,4.40
18.08.21 11:26:59,4.40,4.50,4.40,4.40,5750,646000,6.54,4.40,4.50
18.08.21 11:27:59,4.50,4.50,4.40,4.40,7950,646000,6.54,4.35,4.45
18.08.21 11:28:59,4.45,4.45,4.40,4.40,6250,646000,6.53,4.35,4.40
18.08.21 11:29:59,4.40,4.40,4.20,4.35,11800,646000,6.53,4.30,4.35
18.08.21 11:30:59,4.40,4.60,4.30,4.35,27150,643600,6.52,4.35,4.40
18.08.21 11:31:59,4.35,4.40,4.30,4.40,13250,643600,6.51,4.40,4.45
18.08.21 11:32:59,4.40,4.50,4.30,4.40,5900,643600,6.51,4.40,4.45
18.08.21 11:33:59,4.40,4.60,4.35,4.40,14150,643300,6.50,4.40,4.50
18.08.21 11:34:59,4.45,4.60,4.40,4.45,16200,643300,6.50,4.45,4.50
18.08.21 11:35:59,4.45,4.50,4.35,4.35,6725,643300,6.49,4.35,4.45
18.08.21 11:36:59,4.35,4.45,4.20,4.25,4975,643750,6.49,4.20,4.25
18.08.21 11:37:59,4.25,4.40,4.20,4.20,11075,643750,6.49,4.15,4.20
18.08.21 11:38:59,4.15,4.25,4.10,4.15,8925,643750,6.48,4.10,4.20
18.08.21 11:39:59,4.10,4.20,4.05,4.20,12875,643325,6.48,4.10,4.20
18.08.21 11:40:59,4.20,4.35,4.10,4.35,8825,643325,6.47,4.25,4.35
18.08.21 11:41:59,4.25,4.35,4.20,4.30,8275,643325,6.47,4.30,4.35
18.08.21 11:42:59,4.30,4.40,4.25,4.30,3675,644600,6.47,4.30,4.40
18.08.21 11:43:59,4.30,4.75,4.30,4.50,31800,644600,6.45,4.50,4.60
18.08.21 11:44:59,4.60,4.60,4.35,4.45,14250,644600,6.45,4.40,4.45
18.08.21 11:45:59,4.40,4.70,4.20,4.70,47650,646600,6.43,4.65,4.70
18.08.21 11:46:59,4.65,4.80,4.45,4.50,19475,646600,6.42,4.45,4.50
18.08.21 11:47:59,4.50,4.60,4.40,4.45,19625,646600,6.41,4.45,4.55
18.08.21 11:48:59,4.55,4.65,4.45,4.65,33300,654325,6.40,4.60,4.70
18.08.21 11:49:59,4.55,4.55,4.40,4.50,18200,654325,6.39,4.50,4.55
18.08.21 11:50:59,4.55,4.70,4.50,4.60,17075,654325,6.39,4.60,4.70
18.08.21 11:51:59,4.75,4.80,4.55,4.55,30300,672450,6.38,4.55,4.65
18.08.21 11:52:59,4.50,4.60,4.35,4.40,14000,672450,6.37,4.35,4.40
18.08.21 11:53:59,4.40,4.45,4.20,4.45,17575,672450,6.37,4.35,4.45
18.08.21 11:54:59,4.40,4.45,4.15,4.15,15725,667800,6.36,4.15,4.20
18.08.21 11:55:59,4.15,4.35,4.15,4.20,21125,667800,6.35,4.20,4.25
18.08.21 11:56:59,4.25,4.25,4.10,4.10,13175,667800,6.35,4.10,4.20
18.08.21 11:57:59,4.20,4.25,4.00,4.25,9175,672300,6.34,4.15,4.25
18.08.21 11:58:59,4.15,4.20,4.05,4.05,9425,672300,6.34,4.10,4.15
18.08.21 11:59:59,4.10,4.15,3.85,3.90,8425,672300,6.33,3.85,3.90
18.08.21 12:00:59,3.90,3.95,3.80,3.85,10000,669600,6.33,3.85,3.90
18.08.21 12:01:59,3.85,4.00,3.85,3.95,10550,669600,6.32,3.90,3.95
18.08.21 12:02:59,3.90,3.95,3.75,3.75,9900,669600,6.32,3.75,3.85
18.08.21 12:03:59,3.80,3.85,3.65,3.75,10200,662425,6.31,3.75,3.80
18.08.21 12:04:59,3.80,3.85,3.70,3.75,16325,662425,6.31,3.75,3.85
18.08.21 12:05:59,3.75,3.90,3.75,3.80,6400,662425,6.30,3.80,3.90
18.08.21 12:06:59,3.80,3.95,3.80,3.90,3875,666600,6.30,3.85,3.90
18.08.21 12:07:59,3.90,4.00,3.85,3.85,8775,666600,6.30,3.85,3.90
18.08.21 12:08:59,3.85,4.00,3.85,3.90,23250,666600,6.29,3.85,3.95
18.08.21 12:09:59,3.90,3.95,3.85,3.95,5975,670875,6.28,3.90,3.95
18.08.21 12:10:59,3.95,4.00,3.90,3.90,7800,670875,6.28,3.90,3.95
18.08.21 12:11:59,3.95,3.95,3.80,3.90,7925,670875,6.28,3.90,3.95
18.08.21 12:12:59,3.95,3.95,3.80,3.85,9725,674400,6.27,3.85,3.95
18.08.21 12:13:59,3.90,3.95,3.85,3.85,12425,674400,6.27,3.85,3.95
18.08.21 12:14:59,3.95,4.00,3.85,3.90,19575,674400,6.26,3.90,3.95
18.08.21 12:15:59,3.90,4.20,3.90,4.10,7800,676425,6.26,4.05,4.10
18.08.21 12:16:59,4.10,4.10,4.00,4.05,13550,676425,6.25,4.00,4.10
18.08.21 12:17:59,4.00,4.10,3.90,3.90,5575,676425,6.25,3.85,3.90
18.08.21 12:18:59,3.85,3.90,3.70,3.70,9900,684775,6.24,3.70,3.75
18.08.21 12:19:59,3.70,3.75,3.60,3.60,8000,684775,6.24,3.60,3.65
18.08.21 12:20:59,3.60,3.75,3.60,3.70,11400,684775,6.23,3.70,3.75
18.08.21 12:21:59,3.70,3.85,3.70,3.85,8425,693850,6.23,3.85,3.90
18.08.21 12:22:59,3.85,3.90,3.80,3.90,7400,693850,6.23,3.80,3.85
18.08.21 12:23:59,3.80,3.85,3.75,3.80,5675,693850,6.22,3.80,3.85
18.08.21 12:24:59,3.80,3.85,3.65,3.65,6900,693075,6.22,3.65,3.70
18.08.21 12:25:59,3.70,3.80,3.65,3.75,10550,693075,6.22,3.70,3.80
18.08.21 12:26:59,3.75,3.80,3.65,3.65,4500,693075,6.21,3.60,3.70
18.08.21 12:27:59,3.65,3.70,3.55,3.70,4800,692700,6.21,3.65,3.70
18.08.21 12:28:59,3.70,3.70,3.60,3.65,5675,692700,6.21,3.60,3.65
18.08.21 12:29:59,3.65,3.75,3.65,3.75,5800,692700,6.21,3.70,3.75
18.08.21 12:30:59,3.70,3.80,3.70,3.80,3975,696475,6.21,3.75,3.80
18.08.21 12:31:59,3.75,3.80,3.70,3.80,9150,696475,6.20,3.75,3.85
18.08.21 12:32:59,3.80,3.85,3.75,3.75,5650,696475,6.20,3.75,3.85
18.08.21 12:33:59,3.75,4.10,3.75,4.10,23825,703150,6.19,4.10,4.15
18.08.21 12:34:59,4.05,4.15,3.90,3.95,7150,703150,6.19,3.90,4.00
18.08.21 12:35:59,3.90,4.00,3.75,3.90,9575,703150,6.18,3.90,3.95
18.08.21 12:36:59,3.95,4.00,3.85,3.90,6300,706825,6.18,3.90,3.95
18.08.21 12:37:59,3.90,5.25,3.85,4.25,101325,706825,6.15,4.20,4.30
18.08.21 12:38:59,4.30,4.30,3.90,3.95,48100,706825,6.13,3.90,4.00
18.08.21 12:39:59,3.90,4.25,3.85,3.95,34150,703575,6.12,3.85,3.95
18.08.21 12:40:59,3.90,4.00,3.80,3.90,32650,703575,6.11,3.90,3.95
18.08.21 12:41:59,3.90,4.30,3.90,4.25,31225,703575,6.10,4.20,4.25
18.08.21 12:42:59,4.30,4.35,4.15,4.30,12675,685800,6.09,4.25,4.30
18.08.21 12:43:59,4.20,4.30,4.15,4.30,17075,685800,6.09,4.25,4.35
18.08.21 12:44:59,4.25,4.55,4.25,4.55,18800,685800,6.08,4.50,4.60
18.08.21 12:45:59,4.55,4.70,4.45,4.60,34275,685500,6.07,4.55,4.65
18.08.21 12:46:59,4.60,4.70,4.40,4.40,22850,685500,6.07,4.40,4.45
18.08.21 12:47:59,4.40,4.50,4.30,4.50,14450,685500,6.06,4.40,4.50
18.08.21 12:48:59,4.40,4.40,4.10,4.25,18075,685075,6.06,4.20,4.30
18.08.21 12:49:59,4.25,4.40,4.20,4.35,23200,685075,6.05,4.30,4.35
18.08.21 12:50:59,4.35,4.65,4.30,4.65,50550,685075,6.04,4.55,4.65
18.08.21 12:51:59,4.60,4.85,4.45,4.70,39075,694950,6.03,4.65,4.75
18.08.21 12:52:59,4.75,4.75,4.45,4.45,31025,694950,6.02,4.40,4.50
18.08.21 12:53:59,4.45,4.50,4.30,4.40,22875,694950,6.02,4.35,4.40
18.08.21 12:54:59,4.40,4.65,4.35,4.60,23225,681200,6.01,4.60,4.65
18.08.21 12:55:59,4.60,4.85,4.55,4.70,37400,681200,6.00,4.60,4.70
18.08.21 12:56:59,4.70,4.85,4.65,4.85,31625,681200,6.00,4.80,4.85
18.08.21 12:57:59,4.80,4.85,4.70,4.80,12575,675025,5.99,4.80,4.85
18.08.21 12:58:59,4.80,5.30,4.75,5.20,50175,675025,5.99,5.20,5.30
18.08.21 12:59:59,5.25,5.25,4.65,4.65,43950,675025,5.98,4.60,4.70
18.08.21 13:00:59,4.65,5.00,4.60,4.95,36075,688050,5.97,4.95,5.05
18.08.21 13:01:59,5.00,5.50,4.95,5.25,40650,688050,5.97,5.25,5.30
18.08.21 13:02:59,5.25,5.60,5.25,5.55,29875,688050,5.96,5.50,5.60
18.08.21 13:03:59,5.50,5.65,5.30,5.40,32700,689100,5.96,5.35,5.45
18.08.21 13:04:59,5.45,5.70,5.30,5.30,35125,689100,5.96,5.30,5.40
18.08.21 13:05:59,5.30,5.55,5.25,5.50,27025,689100,5.96,5.45,5.50
18.08.21 13:06:59,5.50,5.50,5.15,5.25,19150,693125,5.95,5.20,5.25
18.08.21 13:07:59,5.25,5.40,5.10,5.40,16725,693125,5.95,5.35,5.45
18.08.21 13:08:59,5.50,5.50,5.10,5.10,37350,693125,5.95,5.05,5.10
18.08.21 13:09:59,5.10,5.10,4.50,4.55,28575,689825,5.94,4.45,4.55
18.08.21 13:10:59,4.50,4.65,4.45,4.50,26850,689825,5.94,4.45,4.55
18.08.21 13:11:59,4.55,4.75,4.40,4.40,18250,689825,5.93,4.40,4.45
18.08.21 13:12:59,4.45,4.45,4.25,4.30,25750,700950,5.93,4.25,4.35
18.08.21 13:13:59,4.30,4.35,4.20,4.25,21275,700950,5.92,4.20,4.30
18.08.21 13:14:59,4.30,4.30,4.15,4.20,19075,700950,5.92,4.15,4.25
18.08.21 13:15:59,4.20,4.25,4.05,4.05,21325,701825,5.91,4.00,4.10
18.08.21 13:16:59,4.05,4.20,4.05,4.20,9475,701825,5.91,4.10,4.20
18.08.21 13:17:59,4.20,4.25,4.10,4.10,13650,701825,5.91,4.10,4.20
18.08.21 13:18:59,4.20,4.30,4.10,4.15,16825,700450,5.90,4.10,4.20
18.08.21 13:19:59,4.20,4.30,4.05,4.10,9700,700450,5.90,4.00,4.10
18.08.21 13:20:59,4.00,4.05,3.80,3.90,4875,700450,5.90,3.80,3.90
18.08.21 13:21:59,3.80,3.90,3.65,3.75,12825,696950,5.89,3.65,3.75
18.08.21 13:22:59,3.65,3.80,3.60,3.65,16850,696950,5.89,3.65,3.70
18.08.21 13:23:59,3.70,3.75,3.60,3.70,5575,696950,5.89,3.65,3.75
18.08.21 13:24:59,3.75,3.75,3.65,3.65,7800,697200,5.88,3.65,3.70
18.08.21 13:25:59,3.65,3.90,3.65,3.80,11850,697200,5.88,3.80,3.90
18.08.21 13:26:59,3.80,3.95,3.80,3.85,26475,697200,5.87,3.85,3.95
18.08.21 13:27:59,3.85,3.90,3.80,3.80,11325,692050,5.87,3.80,3.85
18.08.21 13:28:59,3.80,3.90,3.75,3.85,11450,692050,5.87,3.80,3.85
18.08.21 13:29:59,3.85,3.90,3.75,3.85,14725,692050,5.86,3.85,3.90
18.08.21 13:30:59,3.90,3.90,3.55,3.55,25125,693325,5.85,3.55,3.65
18.08.21 13:31:59,3.55,3.65,3.30,3.35,35450,693325,5.84,3.35,3.40
18.08.21 13:32:59,3.35,3.35,3.25,3.35,20300,693325,5.83,3.30,3.35
18.08.21 13:33:59,3.30,3.50,3.30,3.50,16775,684725,5.83,3.40,3.50
18.08.21 13:34:59,3.45,3.55,3.40,3.50,10050,684725,5.83,3.45,3.55
18.08.21 13:35:59,3.50,3.75,3.45,3.75,23900,684725,5.82,3.70,3.75
18.08.21 13:36:59,3.70,3.80,3.60,3.80,12600,679875,5.81,3.75,3.80
18.08.21 13:37:59,3.75,4.10,3.75,4.10,23850,679875,5.81,4.00,4.10
18.08.21 13:38:59,4.05,4.30,3.95,4.20,22400,679875,5.80,4.20,4.30
18.08.21 13:39:59,4.25,4.60,4.10,4.60,41250,684225,5.79,4.55,4.60
18.08.21 13:40:59,4.55,4.60,4.40,4.45,22325,684225,5.79,4.40,4.50
18.08.21 13:41:59,4.45,4.50,4.30,4.35,17925,684225,5.79,4.35,4.40
18.08.21 13:42:59,4.35,4.75,4.35,4.75,15700,678550,5.78,4.70,4.80
18.08.21 13:43:59,4.70,4.90,4.55,4.80,28025,678550,5.78,4.75,4.85
18.08.21 13:44:59,4.80,5.00,4.80,4.90,22300,678550,5.78,4.85,4.90
18.08.21 13:45:59,4.90,4.95,4.75,4.75,25550,673875,5.77,4.75,4.85
18.08.21 13:46:59,4.85,4.85,4.25,4.30,19525,673875,5.77,4.25,4.35
18.08.21 13:47:59,4.25,4.35,4.20,4.30,16300,673875,5.77,4.25,4.30
18.08.21 13:48:59,4.30,4.50,4.15,4.40,27400,664175,5.76,4.40,4.50
18.08.21 13:49:59,4.45,4.55,4.40,4.45,24725,664175,5.76,4.45,4.50
18.08.21 13:50:59,4.45,4.50,4.35,4.35,13425,664175,5.75,4.35,4.40
18.08.21 13:51:59,4.35,4.50,4.35,4.35,25450,634400,5.75,4.35,4.45
18.08.21 13:52:59,4.45,4.45,4.15,4.30,28000,634400,5.74,4.25,4.30
18.08.21 13:53:59,4.25,4.40,4.00,4.00,27025,634400,5.74,3.95,4.05
18.08.21 13:54:59,3.95,3.95,3.70,3.80,19200,624925,5.73,3.75,3.85
18.08.21 13:55:59,3.80,3.85,3.70,3.75,11875,624925,5.73,3.70,3.80
18.08.21 13:56:59,3.70,4.00,3.70,4.00,10025,624925,5.73,3.95,4.00
18.08.21 13:57:59,4.00,4.35,4.00,4.15,16350,618100,5.73,4.15,4.20
18.08.21 13:58:59,4.20,4.20,4.05,4.20,7300,618100,5.72,4.15,4.20
18.08.21 13:59:59,4.15,4.55,4.10,4.50,17150,618100,5.72,4.50,4.55
18.08.21 14:00:59,4.50,4.65,4.35,4.50,22450,620225,5.72,4.45,4.55
18.08.21 14:01:59,4.45,4.45,4.20,4.25,12525,620225,5.71,4.20,4.25
18.08.21 14:02:59,4.20,4.25,4.00,4.00,8400,620225,5.71,4.00,4.10
18.08.21 14:03:59,4.00,4.10,4.00,4.00,6675,618150,5.71,4.00,4.05
18.08.21 14:04:59,3.95,3.95,3.80,3.80,8450,618150,5.71,3.80,3.85
18.08.21 14:05:59,3.80,3.80,3.60,3.60,12200,618150,5.71,3.60,3.65
18.08.21 14:06:59,3.60,3.70,3.50,3.50,10500,606700,5.70,3.50,3.55
18.08.21 14:07:59,3.55,3.55,3.45,3.50,6250,606700,5.70,3.45,3.50
18.08.21 14:08:59,3.50,3.50,3.00,3.05,23450,606700,5.69,3.00,3.10
18.08.21 14:09:59,3.00,3.20,2.95,2.95,23225,594475,5.69,2.90,2.95
18.08.21 14:10:59,2.95,3.00,2.75,2.75,8050,594475,5.68,2.70,2.75
18.08.21 14:11:59,2.75,2.80,2.60,2.60,24500,594475,5.67,2.60,2.65
18.08.21 14:12:59,2.60,2.60,2.25,2.30,25625,583800,5.66,2.25,2.30
18.08.21 14:13:59,2.25,2.25,2.00,2.05,40300,583800,5.64,2.05,2.10
18.08.21 14:14:59,2.10,2.15,2.05,2.10,8600,583800,5.64,2.10,2.15
18.08.21 14:15:59,2.10,2.15,1.90,1.95,15925,578525,5.63,1.90,1.95
18.08.21 14:16:59,1.95,2.05,1.90,2.00,10200,578525,5.63,1.95,2.05
18.08.21 14:17:59,2.00,2.10,1.95,1.95,14950,578525,5.62,1.95,2.00
18.08.21 14:18:59,1.95,2.05,1.95,1.95,8375,576600,5.62,1.95,2.00
18.08.21 14:19:59,1.95,2.15,1.95,2.15,14925,576600,5.61,2.10,2.15
18.08.21 14:20:59,2.15,2.20,2.05,2.15,7325,576600,5.61,2.05,2.10
18.08.21 14:21:59,2.10,2.15,2.00,2.05,5475,578925,5.61,2.05,2.10
18.08.21 14:22:59,2.05,2.10,2.00,2.10,13725,578925,5.60,2.05,2.15
18.08.21 14:23:59,2.10,2.20,2.05,2.10,12225,578925,5.59,2.05,2.10
18.08.21 14:24:59,2.10,2.20,2.00,2.05,14225,570300,5.59,2.00,2.05
18.08.21 14:25:59,2.05,2.20,2.00,2.10,14325,570300,5.58,2.05,2.10
18.08.21 14:26:59,2.10,2.20,2.00,2.10,12650,570300,5.58,2.10,2.15
18.08.21 14:27:59,2.10,2.35,2.05,2.35,40225,566150,5.56,2.30,2.40
18.08.21 14:28:59,2.40,2.40,2.20,2.20,22725,566150,5.55,2.20,2.30
18.08.21 14:29:59,2.20,2.55,2.20,2.50,21175,566150,5.54,2.50,2.55
18.08.21 14:30:59,2.50,2.55,2.25,2.25,24050,569625,5.53,2.25,2.30
18.08.21 14:31:59,2.20,2.45,2.20,2.45,18500,569625,5.52,2.40,2.45
18.08.21 14:32:59,2.55,2.55,2.40,2.45,13975,569625,5.52,2.45,2.55
18.08.21 14:33:59,2.55,2.55,2.25,2.25,18650,568050,5.51,2.20,2.30
18.08.21 14:34:59,2.25,2.65,2.15,2.45,38025,568050,5.50,2.40,2.45
18.08.21 14:35:59,2.40,2.65,2.35,2.65,36725,568050,5.48,2.60,2.70
18.08.21 14:36:59,2.65,2.75,2.45,2.55,22975,549475,5.48,2.55,2.60
18.08.21 14:37:59,2.55,2.55,2.35,2.40,17575,549475,5.47,2.40,2.45
18.08.21 14:38:59,2.40,2.50,2.35,2.40,15375,549475,5.46,2.40,2.45
18.08.21 14:39:59,2.45,2.50,2.00,2.00,27675,532600,5.45,1.95,2.05
18.08.21 14:40:59,2.00,2.00,1.55,1.55,20600,532600,5.44,1.55,1.60
18.08.21 14:41:59,1.60,1.65,1.50,1.65,19175,532600,5.43,1.60,1.65
18.08.21 14:42:59,1.60,1.70,1.60,1.65,12125,523125,5.43,1.65,1.70
18.08.21 14:43:59,1.65,1.95,1.60,1.95,14650,523125,5.42,1.90,2.00
18.08.21 14:44:59,2.00,2.10,1.90,2.00,20975,523125,5.41,1.95,2.05
18.08.21 14:45:59,2.00,2.05,1.90,2.00,28300,524725,5.40,1.95,2.05
18.08.21 14:46:59,1.95,2.10,1.90,2.00,18525,524725,5.39,2.00,2.10
18.08.21 14:47:59,2.05,2.15,1.90,1.95,16875,524725,5.39,1.95,2.00
18.08.21 14:48:59,1.95,2.10,1.90,2.10,15900,524150,5.38,2.05,2.15
18.08.21 14:49:59,2.05,2.20,2.00,2.00,26050,524150,5.37,2.00,2.10
18.08.21 14:50:59,2.05,2.25,2.00,2.20,18550,524150,5.36,2.15,2.25
18.08.21 14:51:59,2.25,2.30,2.10,2.10,17075,516225,5.36,2.05,2.15
18.08.21 14:52:59,2.05,2.10,1.95,2.05,13250,516225,5.35,2.00,2.05
18.08.21 14:53:59,1.95,2.00,1.75,1.80,43175,516225,5.33,1.80,1.85
18.08.21 14:54:59,1.75,1.90,1.75,1.85,25375,506800,5.32,1.75,1.85
18.08.21 14:55:59,1.80,1.85,1.40,1.40,60400,506800,5.30,1.35,1.40
18.08.21 14:56:59,1.30,1.35,0.85,0.90,21400,506800,5.29,0.85,0.90
18.08.21 14:57:59,0.85,1.00,0.85,1.00,22375,496375,5.28,0.95,1.05
18.08.21 14:58:59,0.95,0.95,0.70,0.75,25950,496375,5.26,0.70,0.75
18.08.21 14:59:59,0.70,0.85,0.65,0.85,21425,496375,5.25,0.80,0.85
18.08.21 15:00:59,0.85,0.90,0.75,0.85,10750,495375,5.25,0.80,0.85
18.08.21 15:01:59,0.85,0.95,0.80,0.90,20300,495375,5.24,0.90,0.95
18.08.21 15:02:59,0.90,0.90,0.75,0.85,17850,495375,5.23,0.75,0.85
18.08.21 15:03:59,0.85,0.85,0.75,0.80,19225,485000,5.22,0.75,0.85
18.08.21 15:04:59,0.75,0.85,0.70,0.70,14800,485000,5.21,0.70,0.80
18.08.21 15:05:59,0.70,0.70,0.50,0.55,29375,485000,5.20,0.50,0.60
18.08.21 15:06:59,0.50,0.60,0.45,0.50,27225,491200,5.18,0.50,0.55
18.08.21 15:07:59,0.50,0.60,0.45,0.45,9125,491200,5.18,0.45,0.50
18.08.21 15:08:59,0.45,0.45,0.30,0.40,13950,491200,5.17,0.40,0.45
18.08.21 15:09:59,0.40,0.40,0.30,0.40,8175,484275,5.16,0.35,0.45
18.08.21 15:10:59,0.40,0.50,0.30,0.30,27600,484275,5.15,0.30,0.35
18.08.21 15:11:59,0.30,0.35,0.25,0.35,11675,484275,5.14,0.30,0.35
18.08.21 15:12:59,0.30,0.35,0.25,0.30,15150,474575,5.13,0.25,0.30
18.08.21 15:13:59,0.25,0.35,0.25,0.25,12400,474575,5.13,0.25,0.30
18.08.21 15:14:59,0.25,0.25,0.20,0.25,14325,474575,5.12,0.20,0.25
18.08.21 15:15:59,0.20,0.20,0.10,0.15,52875,474575,5.09,0.15,0.20
18.08.21 15:16:59,0.15,0.20,0.10,0.20,16875,443575,5.08,0.15,0.20
18.08.21 15:17:59,0.15,0.25,0.10,0.20,15300,443575,5.07,0.10,0.20
18.08.21 15:18:59,0.10,0.20,0.10,0.20,13600,443575,5.07,0.10,0.20
18.08.21 15:19:59,0.10,0.20,0.10,0.10,10425,424100,5.06,0.10,0.20
18.08.21 15:20:59,0.10,0.20,0.10,0.10,18900,424100,5.05,0.10,0.20
18.08.21 15:21:59,0.10,0.20,0.10,0.15,9550,424100,5.04,0.10,0.15
18.08.21 15:22:59,0.10,0.20,0.05,0.10,16175,396600,5.04,0.05,0.10
18.08.21 15:23:59,0.10,0.20,0.10,0.15,8125,396600,5.03,0.05,0.15
18.08.21 15:24:59,0.15,0.20,0.05,0.05,6300,396600,5.03,0.05,0.15
18.08.21 15:25:59,0.10,0.40,0.10,0.10,31550,384025,5.01,0.05,0.30
18.08.21 15:26:59,0.05,0.20,0.05,0.10,18875,384025,5.00,0.10,0.15
18.08.21 15:27:59,0.10,0.15,0.10,0.15,6575,384025,5.00,0.10,0.25
18.08.21 15:28:59,0.25,0.25,0.10,0.20,6625,377475,4.99,0.15,0.20
18.08.21 15:30:00,0.25,0.40,0.05,0.10,14025,377475,4.99,0.10,0.25
