0,1,2,3,4,5,6,7,8,9
31.03.21 14:38:59,458.20,458.20,458.20,458.20,75,0,458.20,423.95,455.90
31.03.21 14:39:59,454.40,454.40,454.40,454.40,75,0,456.30,423.95,451.65
31.03.21 14:54:59,451.65,451.65,451.65,451.65,75,150,454.75,439.00,459.95
31.03.21 15:00:59,459.25,459.25,459.25,459.25,75,150,455.87,422.80,456.85
31.03.21 15:01:59,448.40,448.40,448.40,448.40,75,225,454.38,423.50,449.90
31.03.21 15:02:59,445.50,445.50,445.50,445.50,75,225,452.90,419.45,450.30
31.03.21 15:07:59,450.30,450.30,450.30,450.30,75,375,452.52,428.45,456.75
31.03.21 15:14:59,427.40,427.40,427.40,427.40,75,450,449.38,426.10,451.05
31.03.21 15:15:59,427.40,427.40,427.40,427.40,375,450,440.93,426.10,451.05
01.04.21 09:54:59,464.20,464.20,464.20,464.20,75,375,464.20,450.55,485.25
01.04.21 10:59:59,436.10,436.10,436.10,436.10,75,375,450.15,421.75,458.35
01.04.21 12:01:59,447.80,447.80,447.80,447.80,75,375,449.36,365.60,569.60
01.04.21 12:12:59,460.65,460.65,460.65,460.65,75,300,452.18,407.60,479.00
01.04.21 14:20:59,596.85,596.85,596.85,596.85,150,375,500.40,360.25,592.30
01.04.21 15:18:59,522.45,522.45,522.45,522.45,75,525,503.55,485.75,591.30
05.04.21 09:46:59,465.40,465.40,465.40,465.40,75,450,465.40,432.10,481.10
05.04.21 10:18:59,352.00,352.65,352.00,352.65,300,450,374.96,339.10,371.20
05.04.21 10:21:59,353.85,353.85,353.85,353.85,75,450,371.44,316.25,367.90
05.04.21 10:30:59,368.00,368.00,368.00,368.00,75,525,370.95,354.05,385.30
05.04.21 13:46:59,407.00,407.00,407.00,407.00,75,675,375.45,389.75,411.90
05.04.21 14:03:59,398.85,398.85,398.85,398.85,75,675,378.05,379.90,401.15
05.04.21 14:43:59,421.50,421.50,421.50,421.50,75,675,382.40,402.00,416.40
06.04.21 09:17:59,390.00,390.00,390.00,390.00,75,750,390.00,379.45,402.95
07.04.21 09:50:59,434.35,434.35,434.35,434.35,75,750,434.35,440.60,458.00
07.04.21 10:01:59,447.45,447.45,447.45,447.45,75,675,440.90,439.55,457.45
07.04.21 10:02:59,448.25,448.25,448.25,448.25,75,675,443.35,455.75,472.75
07.04.21 10:14:59,455.30,455.30,455.30,455.30,75,825,446.33,450.60,459.40
07.04.21 10:33:59,442.10,442.10,437.25,437.25,150,900,444.11,437.40,453.25
07.04.21 11:07:59,489.85,489.85,489.85,489.85,75,750,450.65,481.60,494.80
07.04.21 11:17:59,505.95,505.95,505.95,505.95,75,825,457.56,502.50,513.25
07.04.21 11:36:59,502.60,502.60,502.60,502.60,75,900,462.56,497.10,503.25
07.04.21 12:05:59,488.30,488.30,488.30,488.30,75,975,465.14,488.30,505.90
07.04.21 12:39:59,498.95,498.95,498.95,498.95,75,1050,468.21,494.05,500.05
07.04.21 12:42:59,497.55,497.55,497.55,497.55,75,1125,470.65,492.60,499.60
07.04.21 12:43:59,497.90,497.90,497.90,497.90,75,1125,472.75,492.35,497.75
07.04.21 12:50:59,502.95,502.95,502.95,502.95,75,1275,474.91,498.05,508.20
07.04.21 13:49:59,478.00,478.00,478.00,478.00,75,1350,475.11,475.05,488.20
07.04.21 13:57:59,480.00,480.00,480.00,480.00,75,1425,475.42,478.20,484.00
07.04.21 13:58:59,484.00,484.00,484.00,484.00,75,1425,475.92,480.20,495.10
07.04.21 14:11:59,491.55,491.55,491.55,491.55,75,1500,476.79,488.65,497.20
07.04.21 14:38:59,493.20,493.20,493.20,493.20,75,1500,477.65,489.60,505.40
07.04.21 15:25:59,481.15,481.15,481.15,481.15,75,1500,477.83,464.50,479.10
08.04.21 09:30:59,519.30,519.30,519.30,519.30,75,1500,519.30,464.05,535.25
08.04.21 10:54:59,535.40,535.40,535.40,535.40,75,1425,527.35,531.75,550.60
08.04.21 11:31:59,541.40,541.40,541.05,541.05,150,1425,534.28,541.55,553.10
08.04.21 11:32:59,541.95,541.95,541.95,541.95,75,1425,535.82,539.15,552.70
08.04.21 12:12:59,521.10,521.10,521.10,521.10,75,1425,533.36,508.75,522.75
08.04.21 12:20:59,531.30,531.30,531.30,531.30,75,1425,533.07,525.30,536.05
08.04.21 15:08:59,506.00,506.00,506.00,506.00,75,1500,529.68,491.65,516.10
08.04.21 15:30:00,505.00,505.00,505.00,505.00,75,1575,526.94,481.90,522.25
09.04.21 11:26:59,475.15,475.15,472.00,472.00,375,1650,472.63,473.05,487.20
09.04.21 11:36:59,483.10,483.10,483.10,483.10,375,1650,477.49,476.50,483.05
09.04.21 11:37:59,476.95,478.05,476.95,478.05,300,1650,477.49,473.00,486.85
09.04.21 11:46:59,490.95,490.95,490.95,490.95,75,1650,478.39,480.65,493.00
09.04.21 14:12:59,464.60,464.60,464.60,464.60,75,1575,477.52,447.65,461.25
09.04.21 14:22:59,458.10,458.10,458.10,458.10,75,1650,476.38,453.30,466.50
12.04.21 09:45:59,318.60,318.60,318.60,318.60,150,1650,318.60,290.70,313.15
12.04.21 09:46:59,295.10,295.10,295.10,295.10,75,1650,310.76,293.35,304.50
12.04.21 09:47:59,291.75,291.75,289.50,289.50,150,1650,302.71,291.35,299.50
12.04.21 09:48:59,291.60,291.60,291.60,291.60,150,1650,299.53,291.40,302.40
12.04.21 10:02:59,283.65,283.65,283.65,283.65,75,1425,297.55,279.65,293.30
12.04.21 10:17:59,270.00,270.00,270.00,270.00,75,1425,294.48,265.05,274.70
12.04.21 10:36:59,264.90,264.90,264.90,264.90,75,1500,291.53,261.10,272.15
12.04.21 10:40:59,255.05,255.05,255.00,255.05,375,1500,279.36,251.75,261.60
12.04.21 10:42:59,265.70,265.70,265.70,265.70,75,1500,278.50,257.25,270.25
12.04.21 10:58:59,276.65,276.65,270.75,270.75,450,1500,277.08,270.70,278.60
12.04.21 10:59:59,270.65,270.65,270.65,270.65,150,0,276.55,267.30,278.10
12.04.21 11:34:59,254.40,254.40,254.40,254.40,75,1800,275.66,251.65,259.65
12.04.21 11:35:59,252.65,252.65,252.65,252.65,525,1800,270.63,249.65,258.15
12.04.21 11:39:59,254.00,254.00,254.00,254.00,75,2400,270.12,250.05,257.00
12.04.21 11:40:59,250.00,250.00,250.00,250.00,75,2400,269.53,243.10,250.90
12.04.21 11:43:59,251.25,251.25,247.45,251.25,525,2400,266.22,245.30,248.95
12.04.21 11:44:59,245.20,245.20,245.20,245.20,375,2400,263.94,242.85,251.95
12.04.21 11:45:59,247.40,249.65,247.40,249.65,225,2775,263.00,243.35,249.75
12.04.21 11:46:59,249.70,249.70,249.70,249.70,75,2775,262.73,247.40,256.05
12.04.21 11:48:59,253.00,253.00,253.00,253.00,525,2550,261.54,248.60,256.05
12.04.21 11:54:59,245.00,245.00,245.00,245.00,600,2025,259.50,242.20,247.35
12.04.21 12:12:59,231.75,231.75,231.75,231.75,150,2475,258.67,234.30,235.85
12.04.21 12:13:59,237.90,237.90,237.90,237.90,75,2475,258.37,228.40,243.70
12.04.21 12:26:59,243.05,243.05,241.60,241.60,150,2400,257.91,235.15,250.85
12.04.21 13:01:59,245.60,245.60,245.60,245.60,75,2550,257.73,236.70,247.80
12.04.21 13:38:59,247.90,247.90,240.20,241.45,300,2550,256.98,235.75,246.15
12.04.21 14:04:59,241.45,241.45,241.45,241.45,75,2700,256.78,236.80,245.20
12.04.21 14:31:59,234.00,234.00,234.00,234.00,75,2775,256.48,221.70,242.15
12.04.21 14:40:59,226.30,226.30,226.30,226.30,75,2850,256.09,225.90,233.95
12.04.21 15:08:59,233.40,234.75,233.40,234.75,150,2925,255.54,226.35,235.15
12.04.21 15:28:59,247.20,247.20,247.20,247.20,75,2775,255.44,239.00,249.20
12.04.21 15:30:00,247.20,247.20,247.20,247.20,1050,2775,254.22,233.05,254.00
13.04.21 09:29:59,235.35,235.35,235.35,235.35,75,3600,235.35,235.65,245.60
13.04.21 09:31:59,235.35,241.20,235.35,240.15,1200,3600,237.85,234.15,241.15
13.04.21 09:54:59,253.95,253.95,253.95,253.95,75,3825,238.75,248.35,255.95
13.04.21 11:18:59,215.85,215.85,215.85,215.85,75,3750,237.54,221.10,228.80
13.04.21 11:19:59,221.10,221.10,221.10,221.10,75,3750,236.72,218.60,228.80
13.04.21 11:20:59,228.00,228.00,218.60,218.60,150,3750,235.50,218.60,228.80
13.04.21 11:36:59,218.45,218.45,218.45,218.45,75,3825,234.76,215.35,223.05
13.04.21 11:38:59,220.00,220.00,220.00,220.00,75,3825,234.14,213.80,221.30
13.04.21 12:15:59,212.10,212.10,212.10,212.10,75,3825,233.26,207.65,213.60
13.04.21 12:38:59,220.40,220.40,220.40,220.40,75,3900,232.76,218.25,226.35
13.04.21 12:43:59,234.65,234.65,234.65,234.65,150,3900,232.81,226.15,234.65
13.04.21 12:44:59,231.05,231.05,231.05,231.05,75,3900,232.75,225.75,234.70
13.04.21 12:49:59,231.05,231.05,231.05,231.05,150,3975,232.70,231.25,236.00
13.04.21 12:50:59,237.50,237.50,237.50,237.50,75,3975,232.85,232.95,240.80
13.04.21 14:10:59,266.55,266.55,266.55,266.55,75,3975,233.87,256.55,265.10
13.04.21 14:15:59,266.50,266.50,264.65,264.65,150,3975,235.68,261.95,270.20
13.04.21 14:20:59,258.10,258.10,258.10,258.10,75,3975,236.30,260.50,266.35
13.04.21 15:13:59,273.50,273.50,273.50,273.50,75,3975,237.31,270.90,277.25
15.04.21 09:21:59,279.60,279.60,279.60,279.60,75,3900,279.60,280.20,309.05
15.04.21 09:27:59,295.65,295.65,295.65,295.65,75,3900,287.62,285.90,297.75
15.04.21 09:28:59,295.45,297.55,295.45,297.10,225,3900,293.07,286.00,299.90
15.04.21 09:40:59,252.95,252.95,252.95,252.95,75,3900,286.38,245.45,260.75
15.04.21 09:50:59,245.40,245.40,245.40,245.40,75,3900,280.52,235.60,253.60
15.04.21 09:54:59,240.20,240.20,240.20,240.20,75,3900,275.48,237.50,249.30
15.04.21 09:58:59,249.60,249.60,249.60,249.60,75,3900,272.61,248.70,257.65
15.04.21 10:04:59,269.80,269.80,259.90,259.90,450,3975,270.02,259.75,267.40
15.04.21 10:05:59,261.60,261.60,261.60,261.60,75,3975,269.50,255.85,267.20
15.04.21 10:32:59,230.05,230.05,230.00,230.00,150,4200,265.11,224.05,236.40
15.04.21 10:35:59,232.30,232.30,232.30,232.30,75,4200,263.38,226.85,235.85
15.04.21 11:30:59,216.55,216.55,216.55,216.55,450,4200,252.14,213.35,225.20
15.04.21 11:34:59,223.75,223.75,222.95,222.95,225,4575,249.04,217.65,224.25
15.04.21 11:35:59,223.15,223.25,223.15,223.25,300,4575,245.81,217.65,221.20
15.04.21 11:37:59,221.80,221.80,221.80,221.80,75,4050,245.08,217.65,222.95
15.04.21 11:38:59,221.95,221.95,221.95,221.95,75,4050,244.40,219.75,229.10
15.04.21 11:45:59,238.00,238.00,238.00,238.00,75,3900,244.22,227.15,238.35
15.04.21 11:51:59,247.50,247.50,247.50,247.50,75,3900,244.31,238.35,258.65
15.04.21 12:17:59,238.95,238.95,238.95,238.95,75,3900,244.16,233.25,247.30
15.04.21 12:19:59,238.95,238.95,238.95,238.95,75,3825,244.02,233.25,243.80
15.04.21 12:22:59,231.40,231.40,231.40,231.40,75,3900,243.70,224.25,242.50
15.04.21 15:08:59,300.15,300.15,300.15,300.15,150,3825,246.45,284.20,296.10
15.04.21 15:10:59,290.70,290.70,290.70,290.70,75,3975,247.51,283.55,296.10
15.04.21 15:12:59,296.10,296.10,296.10,296.10,75,3975,248.64,292.20,298.80
15.04.21 15:28:59,299.00,299.00,299.00,299.00,375,3975,253.87,290.15,300.50
16.04.21 09:26:59,298.00,316.90,298.00,316.90,375,4275,305.55,298.60,312.95
16.04.21 09:28:59,300.35,300.35,300.35,300.35,75,4275,304.68,298.25,311.35
16.04.21 09:34:59,317.00,317.00,317.00,317.00,375,4425,310.28,311.55,317.95
16.04.21 09:38:59,308.35,308.35,308.35,308.35,75,4125,310.12,310.50,315.45
16.04.21 10:19:59,326.45,326.45,326.45,326.45,75,4050,311.37,321.15,326.45
16.04.21 10:29:59,326.45,326.45,326.45,326.45,150,4125,313.38,324.65,329.15
16.04.21 11:15:59,338.50,338.50,338.50,338.50,150,4200,316.19,332.20,337.45
16.04.21 11:24:59,339.45,339.45,339.45,339.45,75,4350,317.48,334.55,341.95
16.04.21 11:33:59,333.15,333.15,333.15,333.15,75,4425,318.30,330.50,336.95
16.04.21 12:44:59,323.55,323.55,323.55,323.55,75,4425,318.57,325.05,330.45
16.04.21 12:49:59,333.00,333.00,333.00,333.00,150,4425,319.88,330.55,335.95
16.04.21 12:58:59,329.00,329.00,329.00,329.00,75,4275,320.27,326.05,330.95
16.04.21 14:27:59,340.00,340.00,340.00,340.00,75,4275,321.10,337.05,343.45
16.04.21 14:40:59,340.00,340.00,340.00,340.00,75,4350,321.85,337.00,340.00
16.04.21 14:41:59,340.00,340.00,340.00,340.00,75,4350,322.55,334.55,340.95
16.04.21 14:48:59,333.05,333.05,333.05,333.05,75,4200,322.94,332.55,338.95
16.04.21 14:55:59,325.55,325.55,325.55,325.55,75,4125,323.03,320.55,326.95
16.04.21 15:00:59,314.05,314.05,314.05,314.05,75,4050,322.72,307.00,316.45
19.04.21 09:16:59,122.60,122.60,122.60,122.60,150,3975,122.60,122.60,366.60
19.04.21 09:17:59,171.65,171.65,171.65,171.65,150,3975,147.12,123.40,343.85
19.04.21 09:29:59,199.00,199.00,199.00,199.00,75,3975,157.50,170.05,198.30
19.04.21 09:32:59,199.00,199.00,199.00,199.00,225,3975,172.97,170.05,197.45
19.04.21 09:41:59,167.95,176.05,167.95,176.05,225,3900,172.53,170.60,181.30
19.04.21 09:46:59,170.60,170.60,170.60,170.60,75,3900,172.37,168.75,181.30
19.04.21 10:36:59,196.95,196.95,196.95,196.95,75,3825,174.26,181.15,196.40
19.04.21 10:44:59,192.95,192.95,192.25,192.25,150,3900,176.70,182.15,192.95
19.04.21 10:45:59,192.95,192.95,192.95,192.95,75,4050,177.72,182.15,192.95
19.04.21 10:52:59,192.00,192.00,192.00,192.00,75,4125,178.56,182.15,196.95
19.04.21 11:16:59,183.85,184.30,183.85,184.30,150,4125,179.14,182.35,192.25
19.04.21 11:48:59,177.70,177.70,177.70,177.70,75,3975,179.07,176.00,190.20
19.04.21 12:00:59,178.05,178.05,178.05,178.05,75,3975,179.02,175.10,192.45
19.04.21 12:05:59,192.45,192.45,192.45,192.45,75,3975,179.63,175.40,191.80
19.04.21 12:19:59,177.20,177.20,177.20,177.20,75,3975,179.52,176.05,194.65
19.04.21 12:30:59,194.65,194.65,194.65,194.65,75,3900,180.15,177.35,193.90
19.04.21 12:35:59,192.00,192.00,192.00,192.00,75,3975,180.63,177.35,191.35
19.04.21 13:01:59,192.05,192.05,192.05,192.05,75,4050,181.06,192.00,196.75
19.04.21 13:02:59,192.00,192.00,192.00,192.00,150,4050,181.85,188.05,196.75
19.04.21 14:00:59,198.00,198.00,198.00,198.00,75,3975,182.40,204.85,230.85
19.04.21 14:05:59,215.40,215.40,215.40,215.40,75,3975,183.50,209.75,218.40
19.04.21 14:16:59,209.75,209.75,209.75,209.75,75,3900,184.35,206.20,216.20
19.04.21 14:17:59,206.20,206.20,206.20,206.20,75,3900,185.03,201.70,214.60
19.04.21 14:22:59,201.70,213.70,201.70,213.70,150,4050,186.37,202.25,213.10
19.04.21 14:44:59,204.95,204.95,204.95,204.95,75,4050,186.90,184.45,212.40
19.04.21 14:46:59,189.35,189.35,189.35,189.35,75,4125,186.96,190.15,206.60
19.04.21 14:53:59,212.30,212.30,197.15,197.15,150,4200,187.90,198.05,211.65
19.04.21 14:54:59,211.65,211.65,211.65,211.65,75,4200,188.51,198.05,210.95
19.04.21 14:55:59,198.05,198.05,198.05,198.05,75,4200,188.75,198.80,210.95
19.04.21 15:12:59,205.00,205.00,205.00,205.00,75,4200,189.14,205.75,219.20
20.04.21 09:25:59,257.00,257.00,257.00,257.00,75,4275,257.00,246.40,256.25
20.04.21 09:29:59,245.15,251.35,245.00,245.00,225,4275,249.62,243.85,253.55
20.04.21 09:56:59,236.75,236.75,236.75,236.75,75,4200,247.05,232.60,241.85
20.04.21 10:58:59,237.85,237.85,237.85,237.85,75,4275,245.51,228.40,237.30
20.04.21 11:23:59,215.95,225.00,215.95,225.00,225,4275,237.67,216.45,227.65
20.04.21 11:26:59,216.45,216.45,216.45,216.45,75,4275,235.55,212.05,224.55
20.04.21 11:34:59,213.85,213.85,213.85,213.85,150,4350,231.93,214.75,226.95
20.04.21 11:45:59,227.00,229.75,227.00,229.75,150,4500,231.42,216.05,229.15
20.04.21 11:54:59,221.25,221.25,221.25,221.25,75,4425,230.74,216.05,226.45
20.04.21 12:25:59,205.20,205.20,205.20,205.20,75,4500,229.15,204.55,214.25
20.04.21 12:36:59,215.70,215.70,215.10,215.10,150,4500,227.62,207.65,214.50
20.04.21 12:39:59,214.50,214.50,214.50,214.50,75,4425,226.93,207.65,214.05
20.04.21 13:42:59,213.85,213.85,213.85,213.85,75,4350,226.27,202.05,213.35
20.04.21 13:44:59,202.05,202.05,202.05,202.05,75,4350,225.12,203.80,213.35
20.04.21 14:22:59,202.00,202.00,202.00,202.00,150,4350,223.11,193.30,202.45
20.04.21 14:25:59,192.00,192.00,192.00,192.00,75,4500,221.81,187.35,196.15
20.04.21 14:32:59,184.85,184.85,184.85,184.85,75,4575,220.33,181.50,189.30
20.04.21 14:33:59,181.50,181.50,181.50,181.50,75,4575,218.84,178.45,186.90
20.04.21 14:37:59,179.60,179.60,176.65,176.65,150,4725,215.93,174.15,182.05
20.04.21 14:40:59,180.85,180.85,180.85,180.85,75,4725,214.72,174.25,181.95
20.04.21 14:45:59,178.00,178.00,178.00,178.00,75,4875,213.50,176.05,183.40
20.04.21 14:48:59,176.25,176.25,176.25,176.25,75,4875,212.30,171.50,179.80
20.04.21 14:50:59,171.30,171.30,171.30,171.30,75,4875,211.01,168.15,177.20
20.04.21 15:04:59,184.10,184.10,184.10,184.10,75,5100,210.20,178.05,183.40
20.04.21 15:06:59,183.25,183.25,183.25,183.25,75,5100,209.41,179.75,186.00
20.04.21 15:11:59,187.10,187.10,187.10,187.10,75,5100,208.77,182.10,187.10
20.04.21 15:14:59,180.65,180.65,180.65,180.65,75,5100,207.99,182.30,189.25
20.04.21 15:24:59,188.75,188.75,188.75,188.75,75,5025,207.47,181.10,190.05
20.04.21 15:30:00,161.15,161.15,161.15,161.15,150,4950,205.52,163.15,196.50
22.04.21 09:29:59,161.80,161.85,161.80,161.85,150,5025,161.82,113.00,165.75
22.04.21 09:34:59,122.05,122.05,122.05,122.05,75,5025,148.56,150.05,161.80
22.04.21 09:36:59,150.00,150.00,150.00,150.00,150,5025,149.15,150.75,161.80
22.04.21 09:40:59,161.10,166.30,161.10,166.30,150,4875,153.30,156.30,171.00
22.04.21 09:41:59,164.45,164.45,164.45,164.45,75,4875,154.70,156.30,172.55
22.04.21 09:43:59,168.50,168.50,168.50,168.50,75,4875,156.23,164.45,172.55
22.04.21 09:44:59,164.45,164.45,164.45,164.45,75,4875,157.05,162.25,172.55
22.04.21 10:02:59,170.00,170.00,170.00,170.00,75,5100,158.23,165.05,175.05
22.04.21 10:12:59,161.25,161.25,161.25,161.25,75,5025,158.48,162.05,174.40
22.04.21 10:28:59,175.45,175.45,175.45,175.45,75,5100,159.78,164.95,180.05
22.04.21 10:39:59,182.00,182.00,182.00,182.00,150,5025,162.74,171.35,187.65
22.04.21 10:41:59,181.95,182.00,181.95,182.00,150,5025,165.00,172.45,186.35
22.04.21 11:00:59,172.45,172.45,172.45,172.45,75,4725,165.42,168.35,180.35
22.04.21 11:04:59,168.35,168.35,168.35,168.35,75,4800,165.57,165.65,177.85
22.04.21 11:43:59,187.05,187.05,187.05,187.05,75,4875,166.65,172.90,189.35
22.04.21 11:44:59,189.35,189.35,189.35,189.35,75,4875,167.73,176.10,196.10
22.04.21 11:49:59,196.10,196.10,196.10,196.10,75,4725,169.02,182.20,201.25
22.04.21 11:51:59,183.80,183.80,183.80,183.80,75,4650,169.66,184.75,201.25
22.04.21 12:01:59,201.25,201.25,201.25,201.25,75,4725,170.97,184.85,200.25
22.04.21 12:03:59,184.85,184.85,184.85,184.85,75,4725,171.53,185.45,200.25
22.04.21 12:04:59,183.70,190.70,183.70,190.70,300,4725,173.74,184.25,195.60
22.04.21 12:05:59,182.70,189.05,182.70,189.05,225,4725,174.82,183.20,189.65
22.04.21 12:06:59,189.95,189.95,189.95,189.95,150,4725,175.70,183.20,194.25
22.04.21 12:11:59,194.25,194.25,194.25,194.25,75,4725,176.23,183.20,198.65
22.04.21 12:18:59,200.85,200.85,200.85,200.85,75,4650,176.92,185.20,205.70
22.04.21 12:28:59,185.20,185.20,185.20,185.20,75,4650,177.14,186.15,205.20
22.04.21 12:52:59,201.85,201.85,201.85,201.85,75,4575,177.79,187.45,206.50
22.04.21 12:54:59,201.85,201.85,201.85,201.85,150,4575,178.99,189.85,206.50
22.04.21 13:00:59,206.50,206.50,206.50,206.50,75,4500,179.66,190.35,214.45
22.04.21 13:07:59,205.00,205.00,205.00,205.00,75,4425,180.27,190.50,214.45
22.04.21 13:15:59,193.80,193.80,193.80,193.80,75,4500,180.58,191.70,214.45
22.04.21 13:30:59,195.30,195.30,195.30,195.30,75,4500,180.92,189.60,207.35
22.04.21 13:40:59,207.35,207.35,207.35,207.35,75,0,181.50,191.10,210.55
22.04.21 13:43:59,191.40,191.40,191.40,191.40,75,4500,181.72,192.55,210.55
22.04.21 13:46:59,210.55,216.00,210.55,216.00,225,4575,183.70,196.35,226.60
22.04.21 13:48:59,224.60,224.60,224.60,224.60,75,4575,184.52,197.15,222.90
22.04.21 14:01:59,215.00,215.00,215.00,215.00,75,4350,185.12,201.55,221.95
22.04.21 14:02:59,214.55,214.55,214.55,214.55,75,4350,185.69,201.75,221.95
22.04.21 14:25:59,202.75,202.75,202.75,202.75,75,4275,186.01,196.35,212.25
22.04.21 14:31:59,212.25,212.25,212.25,212.25,75,4350,186.49,196.35,218.00
22.04.21 14:34:59,218.00,218.00,218.00,218.00,75,4350,187.07,200.55,226.90
22.04.21 14:42:59,202.30,202.30,202.30,202.30,300,4350,188.13,205.15,224.95
22.04.21 14:43:59,205.15,205.15,205.15,205.15,75,4350,188.41,206.10,224.95
22.04.21 14:45:59,216.80,216.80,216.15,216.20,525,4350,191.34,206.10,215.70
22.04.21 14:46:59,215.25,218.75,215.25,218.75,225,4725,192.42,206.10,224.35
22.04.21 14:51:59,224.35,224.35,224.35,224.35,75,0,192.86,206.10,223.65
22.04.21 15:16:59,208.60,208.60,208.60,208.60,75,5100,193.08,209.05,216.75
22.04.21 15:23:59,220.25,220.25,220.25,220.25,75,5025,193.46,211.45,219.75
22.04.21 15:25:59,218.95,218.95,218.95,218.95,75,5100,193.80,211.45,217.30
22.04.21 15:26:59,214.35,214.35,212.90,212.90,150,5100,194.32,211.45,217.20
22.04.21 15:28:59,218.50,218.50,218.50,218.50,75,5175,194.64,211.45,218.90
23.04.21 09:15:59,188.00,188.00,188.00,188.00,75,5250,188.00,188.00,191.00
23.04.21 09:16:59,192.50,192.50,192.50,192.50,300,5250,191.60,183.50,186.50
23.04.21 09:18:59,193.50,193.50,193.50,193.50,375,5175,192.55,193.55,196.50
23.04.21 09:20:59,201.95,202.05,201.95,202.05,150,5325,194.12,201.05,203.95
23.04.21 09:21:59,202.05,203.95,202.05,203.95,300,5325,196.22,201.05,204.00
23.04.21 09:22:59,204.45,204.45,204.45,204.45,75,5325,196.70,202.05,204.50
23.04.21 09:23:59,204.50,204.50,201.05,201.05,300,5325,197.97,198.55,201.00
23.04.21 09:26:59,192.00,192.00,192.00,192.00,75,5625,197.70,189.55,191.50
23.04.21 09:27:59,191.00,191.00,191.00,191.00,75,5625,197.41,192.55,195.45
23.04.21 09:29:59,191.55,191.55,191.55,191.55,75,5625,197.17,186.55,189.00
23.04.21 09:31:59,185.50,185.50,185.50,185.50,75,5625,196.70,183.05,185.50
23.04.21 09:33:59,190.50,190.50,188.95,188.95,225,5550,195.98,186.55,189.00
23.04.21 09:40:59,188.45,188.45,188.15,188.15,1350,5850,192.97,186.30,188.45
23.04.21 09:41:59,188.85,188.85,188.85,188.85,75,7200,192.88,188.50,190.00
23.04.21 09:42:59,189.70,189.70,189.70,189.70,750,7200,192.32,187.00,188.50
23.04.21 09:43:59,189.00,189.70,189.00,189.70,150,7200,192.22,189.20,190.60
23.04.21 09:44:59,191.30,191.30,191.30,191.30,675,7200,192.10,191.30,192.40
23.04.21 09:49:59,193.90,193.90,193.55,193.55,150,8625,192.14,193.50,194.85
23.04.21 09:51:59,189.65,189.65,189.65,189.65,75,8625,192.11,188.15,189.65
23.04.21 09:53:59,190.25,190.25,190.25,190.25,75,8625,192.08,189.65,191.05
23.04.21 09:58:59,190.80,190.80,190.80,190.80,75,8775,192.06,189.80,191.50
23.04.21 09:59:59,191.00,191.00,191.00,191.00,75,8775,192.05,193.55,195.00
23.04.21 10:00:59,192.10,192.10,192.10,192.10,675,8850,192.07,192.15,194.45
23.04.21 10:03:59,197.30,198.50,197.30,198.50,300,8850,192.34,195.60,197.35
23.04.21 10:05:59,195.05,195.05,195.05,195.05,75,9075,192.37,194.05,195.65
23.04.21 10:08:59,196.50,196.50,196.50,196.50,75,9075,192.42,195.75,197.30
23.04.21 10:10:59,197.20,198.90,197.20,198.90,375,9075,192.73,199.50,200.25
23.04.21 10:11:59,200.15,200.15,200.10,200.10,375,9075,193.10,199.90,201.40
23.04.21 10:13:59,201.45,201.50,201.45,201.50,375,9825,193.50,200.95,202.00
23.04.21 10:15:59,204.00,204.00,204.00,204.00,75,10200,193.60,202.25,203.70
23.04.21 10:18:59,207.75,209.50,207.75,209.50,300,10200,194.17,208.25,209.85
23.04.21 10:22:59,205.15,205.15,205.15,205.15,75,10350,194.27,202.60,204.00
23.04.21 10:26:59,205.30,205.30,204.45,204.50,900,10500,195.28,206.15,207.60
23.04.21 10:31:59,212.65,212.65,212.65,212.65,150,9675,195.56,210.85,212.40
23.04.21 10:33:59,212.95,212.95,212.95,212.95,75,9675,195.70,210.40,211.75
23.04.21 10:38:59,205.80,205.80,205.80,205.80,75,9750,195.78,206.50,207.85
23.04.21 10:39:59,207.70,207.70,207.70,207.70,75,9825,195.87,206.55,208.10
23.04.21 10:44:59,208.35,208.35,206.80,206.80,900,10350,196.88,205.95,207.20
23.04.21 10:53:59,212.00,212.00,212.00,212.00,75,9900,196.99,209.95,211.25
23.04.21 11:06:59,217.30,217.30,217.30,217.30,75,9825,197.13,215.50,216.80
23.04.21 11:10:59,219.95,219.95,219.80,219.80,150,9825,197.45,218.25,220.00
23.04.21 11:12:59,219.60,219.60,219.60,219.60,75,9900,197.61,218.25,219.90
23.04.21 11:15:59,223.75,223.75,223.75,223.75,75,9900,197.79,224.45,226.10
23.04.21 11:16:59,227.90,227.90,227.90,227.90,300,9900,198.59,226.50,228.20
23.04.21 11:18:59,227.90,227.90,227.90,227.90,75,10275,198.79,226.00,227.60
23.04.21 11:19:59,226.55,226.55,226.55,226.55,75,10275,198.97,224.80,226.15
23.04.21 11:20:59,226.30,226.95,226.30,226.95,150,10275,199.33,225.90,227.65
23.04.21 11:25:59,223.00,223.00,223.00,223.00,75,10425,199.49,223.10,224.95
23.04.21 11:38:59,222.55,222.70,222.25,222.25,1650,10350,202.35,221.40,222.15
23.04.21 11:39:59,222.00,222.00,222.00,222.00,75,11850,202.46,222.45,223.60
23.04.21 11:41:59,219.55,219.55,219.55,219.55,375,11850,202.93,218.25,219.55
23.04.21 11:42:59,218.35,218.35,216.80,216.80,1500,12150,204.38,215.10,216.40
23.04.21 11:44:59,219.00,219.00,219.00,219.00,75,12150,204.45,218.55,220.90
23.04.21 11:49:59,217.45,217.45,217.45,217.45,75,13575,204.52,216.80,218.30
23.04.21 11:55:59,214.05,214.05,214.05,214.05,75,13650,204.56,211.70,213.30
23.04.21 11:56:59,212.05,212.05,212.05,212.05,75,13650,204.60,211.85,213.40
23.04.21 12:01:59,215.25,215.25,215.25,215.25,75,13725,204.65,216.55,218.05
23.04.21 12:03:59,217.80,217.80,217.80,217.80,150,13725,204.78,215.85,217.30
23.04.21 12:05:59,216.80,216.80,215.60,215.60,150,13725,204.89,215.90,217.20
23.04.21 12:08:59,215.00,215.00,215.00,215.00,75,13725,204.93,214.15,215.75
23.04.21 12:11:59,214.10,214.10,214.10,214.10,75,13800,204.98,213.05,214.35
23.04.21 12:16:59,206.20,207.20,205.00,207.20,225,13800,204.99,204.80,206.10
23.04.21 12:20:59,200.00,200.00,200.00,200.00,75,13875,204.97,198.85,200.40
23.04.21 12:21:59,200.00,200.00,200.00,200.00,75,13950,204.95,199.05,200.45
23.04.21 12:24:59,196.50,196.50,196.50,196.50,375,13950,204.76,194.95,196.40
23.04.21 12:25:59,197.95,197.95,197.95,197.95,75,13950,204.73,197.80,199.00
23.04.21 12:32:59,204.60,204.60,204.60,204.60,375,13875,204.72,203.45,204.50
23.04.21 12:40:59,199.50,199.50,199.50,199.50,75,13875,204.70,198.50,199.95
23.04.21 12:43:59,207.80,207.80,207.80,207.80,300,13875,204.75,208.65,210.25
23.04.21 12:44:59,208.05,208.05,208.05,208.05,75,13875,204.77,208.10,209.45
23.04.21 12:50:59,205.50,205.50,205.50,205.50,150,13875,204.77,203.70,205.25
23.04.21 12:55:59,198.65,198.65,198.65,198.65,450,13875,204.62,199.65,201.00
23.04.21 13:05:59,207.30,207.30,207.30,207.30,375,13875,204.68,204.85,206.30
23.04.21 13:13:59,202.05,202.05,202.05,202.05,75,13875,204.67,202.55,203.95
23.04.21 13:18:59,203.80,203.80,203.80,203.80,225,13875,204.66,200.60,202.30
23.04.21 13:37:59,199.05,199.05,198.50,198.50,150,13875,204.61,195.90,199.35
23.04.21 13:40:59,194.45,194.45,194.45,194.45,75,13875,204.57,191.50,193.95
23.04.21 13:42:59,193.45,193.45,193.45,193.45,75,13875,204.53,192.05,194.50
23.04.21 13:44:59,192.00,192.00,192.00,192.00,75,13950,204.48,192.05,193.50
23.04.21 13:46:59,190.50,190.50,189.50,189.50,300,14025,204.26,189.05,191.00
23.04.21 13:48:59,194.50,194.50,194.00,194.50,300,14325,204.11,193.10,195.45
23.04.21 13:50:59,194.55,194.55,194.55,194.55,75,14325,204.07,193.55,196.00
23.04.21 14:10:59,190.00,190.00,190.00,190.00,75,14550,204.02,188.05,190.45
23.04.21 14:14:59,189.50,189.50,189.50,189.50,75,14475,203.96,186.55,188.95
23.04.21 14:18:59,197.25,197.25,191.95,191.95,1350,15525,203.39,190.05,192.00
23.04.21 14:19:59,190.05,190.05,190.05,190.05,75,15525,203.35,189.10,191.45
23.04.21 14:25:59,182.45,182.45,182.45,182.45,75,15600,203.28,180.05,182.00
23.04.21 14:26:59,180.00,180.00,180.00,180.00,75,15600,203.19,182.55,184.95
23.04.21 14:28:59,180.00,180.00,180.00,180.00,300,15675,202.88,176.55,178.50
23.04.21 14:29:59,177.00,177.00,177.00,177.00,75,15675,202.79,175.00,177.00
23.04.21 14:30:59,175.00,175.00,175.00,175.00,300,15675,202.42,173.50,175.95
23.04.21 14:33:59,177.75,177.75,177.75,177.75,75,16050,202.33,178.35,179.65
23.04.21 14:36:59,173.45,173.55,173.00,173.55,450,16125,201.77,174.10,175.40
23.04.21 14:40:59,170.50,171.00,168.25,168.50,600,15750,200.93,168.15,169.90
23.04.21 14:42:59,167.15,167.15,166.50,166.50,525,14925,200.18,167.70,168.95
23.04.21 14:48:59,172.05,172.05,172.05,172.05,75,14925,200.09,172.55,174.40
23.04.21 14:49:59,173.85,173.85,173.85,173.85,75,14925,200.01,173.50,174.65
23.04.21 14:50:59,173.00,173.00,173.00,173.00,75,14925,199.93,172.50,173.75
23.04.21 14:51:59,173.45,173.45,173.45,173.45,75,14925,199.85,171.00,172.45
23.04.21 14:54:59,174.00,174.00,174.00,174.00,150,14925,199.69,173.15,174.50
23.04.21 14:58:59,174.80,174.80,174.80,174.80,75,14925,199.61,172.95,174.30
23.04.21 14:59:59,172.10,172.10,172.10,172.10,75,14925,199.53,172.50,173.80
23.04.21 15:02:59,180.45,180.45,180.45,180.45,75,14850,199.47,179.70,180.70
23.04.21 15:05:59,185.75,185.75,185.75,185.75,75,14775,199.43,187.00,188.25
23.04.21 15:06:59,190.00,190.00,190.00,190.00,75,14775,199.40,188.95,189.95
23.04.21 15:07:59,189.70,189.70,189.70,189.70,75,14700,199.37,188.20,189.35
23.04.21 15:12:59,187.45,187.45,187.45,187.45,225,14700,199.26,187.45,188.85
23.04.21 15:15:59,186.10,186.10,186.10,186.10,75,14550,199.23,186.10,187.30
23.04.21 15:19:59,185.05,185.05,185.05,185.05,75,14475,199.18,185.20,186.30
23.04.21 15:22:59,184.65,184.65,184.65,184.65,75,14475,199.14,182.95,184.10
23.04.21 15:23:59,184.85,184.85,184.85,184.85,150,14475,199.05,183.05,184.30
23.04.21 15:24:59,183.15,183.15,183.15,183.15,150,14475,198.96,183.75,184.80
26.04.21 09:16:59,208.45,208.45,200.75,201.95,2475,14400,202.72,201.55,203.50
26.04.21 09:17:59,203.05,203.05,203.05,203.05,75,12975,202.73,204.55,206.40
26.04.21 09:18:59,206.55,206.55,206.55,206.55,75,12975,202.84,206.55,208.95
26.04.21 09:19:59,206.55,206.55,206.55,206.55,600,0,203.53,207.60,209.95
26.04.21 09:20:59,215.50,215.50,215.50,215.50,75,12975,203.80,215.55,219.40
26.04.21 09:21:59,216.05,219.25,216.05,216.50,900,12975,206.61,216.60,218.95
26.04.21 09:23:59,217.15,217.15,217.15,217.15,375,13500,207.48,217.65,219.30
26.04.21 09:24:59,220.50,220.50,220.20,220.20,375,13500,208.45,221.00,222.75
26.04.21 09:25:59,222.00,222.00,222.00,222.00,75,13500,208.65,223.60,225.00
26.04.21 09:26:59,225.00,226.45,224.75,225.15,675,12975,210.62,225.55,227.20
26.04.21 09:28:59,222.15,222.15,222.15,222.15,150,12975,210.91,223.35,225.15
26.04.21 09:29:59,222.55,224.10,222.55,224.10,150,13500,211.22,221.15,222.60
26.04.21 09:30:59,229.75,230.00,229.75,230.00,150,13500,211.68,230.90,232.75
26.04.21 09:31:59,231.45,235.95,231.45,235.95,975,13500,214.91,233.70,235.35
26.04.21 09:32:59,240.00,240.00,240.00,240.00,75,13800,215.17,240.95,242.80
26.04.21 09:33:59,239.95,239.95,239.95,239.95,300,13800,216.16,239.00,240.70
26.04.21 09:35:59,241.05,241.05,239.60,239.60,750,13575,218.29,238.95,240.50
26.04.21 09:37:59,243.65,243.65,243.65,243.65,75,13575,218.52,241.10,243.15
26.04.21 09:40:59,238.35,238.35,238.35,238.35,75,13575,218.70,236.35,238.10
26.04.21 09:42:59,238.95,238.95,237.75,237.75,225,13650,219.21,236.15,237.90
26.04.21 09:43:59,236.75,236.75,236.75,236.75,75,13650,219.36,236.55,238.50
26.04.21 09:49:59,240.45,240.45,240.45,240.45,450,13800,220.40,240.50,241.60
26.04.21 09:50:59,241.60,241.60,241.60,241.60,75,13800,220.57,241.95,243.60
26.04.21 10:00:59,252.40,252.40,252.40,252.40,150,13425,221.08,253.00,254.45
26.04.21 10:07:59,254.65,254.65,252.15,252.15,150,13575,221.59,252.90,254.70
26.04.21 10:08:59,252.70,252.70,252.70,252.70,75,13575,221.84,249.85,251.65
26.04.21 10:11:59,253.00,253.00,252.10,252.10,225,13575,222.53,250.80,252.75
26.04.21 10:13:59,249.85,249.85,249.85,249.85,225,13575,223.15,244.85,246.65
26.04.21 10:14:59,243.45,244.10,242.65,242.70,525,14025,224.14,241.50,243.35
26.04.21 10:15:59,242.95,242.95,242.95,242.95,150,14025,224.41,244.35,246.25
26.04.21 10:16:59,246.25,246.25,244.20,244.20,150,14025,224.69,243.25,244.85
26.04.21 10:18:59,244.95,244.95,244.95,244.95,75,14400,224.83,242.35,243.95
26.04.21 10:20:59,243.95,244.10,243.10,243.10,225,14625,225.21,240.95,242.50
26.04.21 10:21:59,239.85,240.90,239.85,240.90,675,14625,226.06,239.50,241.25
26.04.21 10:22:59,241.00,241.00,241.00,241.00,75,14625,226.15,240.15,242.00
26.04.21 10:23:59,243.50,243.50,243.00,243.00,375,14625,226.67,242.75,244.50
26.04.21 10:27:59,241.50,241.50,241.50,241.50,150,15225,226.85,241.60,243.00
26.04.21 10:37:59,238.20,238.20,238.20,238.20,75,15375,226.92,238.10,239.80
26.04.21 10:42:59,239.35,239.35,239.35,239.35,150,15450,227.07,236.75,238.65
26.04.21 10:43:59,239.80,239.80,239.80,239.80,150,15450,227.22,237.20,238.60
26.04.21 10:48:59,233.50,233.50,233.50,233.50,75,15750,227.25,234.15,235.50
26.04.21 10:49:59,236.15,236.15,236.15,236.15,75,15750,227.30,235.20,236.80
26.04.21 10:53:59,236.50,236.50,236.50,236.50,75,15675,227.36,234.85,236.40
26.04.21 10:58:59,234.00,234.00,234.00,234.00,75,15750,227.40,234.15,235.00
26.04.21 10:59:59,235.00,235.00,235.00,235.00,75,0,227.44,236.05,237.50
26.04.21 11:03:59,246.65,246.65,246.65,246.65,75,15825,227.55,246.05,247.50
26.04.21 11:06:59,247.35,247.35,247.35,247.35,75,15825,227.66,244.80,246.95
26.04.21 11:15:59,246.45,246.45,246.45,246.45,150,15900,227.87,245.20,246.45
26.04.21 11:16:59,243.80,244.95,243.80,244.95,150,15900,228.05,243.70,245.25
26.04.21 11:19:59,245.00,245.00,245.00,245.00,75,15900,228.14,242.60,244.50
26.04.21 11:20:59,243.30,243.30,243.30,243.30,150,15900,228.31,243.05,245.10
26.04.21 11:25:59,238.95,238.95,238.95,238.95,75,15750,228.36,237.75,238.95
26.04.21 11:26:59,239.90,239.90,239.90,239.90,75,15825,228.42,241.10,242.15
26.04.21 11:39:59,242.35,242.35,242.35,242.35,75,15750,228.50,240.65,242.50
26.04.21 11:42:59,242.35,242.35,242.35,242.35,150,15825,228.64,240.65,243.00
26.04.21 11:59:59,240.50,240.50,240.50,240.50,225,15900,228.83,238.05,241.80
26.04.21 12:02:59,241.00,241.00,241.00,241.00,150,16125,228.95,239.90,242.00
26.04.21 12:17:59,241.25,241.25,241.20,241.20,225,15525,229.14,239.05,241.90
26.04.21 12:21:59,235.00,235.00,235.00,235.00,75,15600,229.17,232.55,235.45
26.04.21 12:23:59,233.50,233.50,233.50,233.50,75,15600,229.19,233.05,235.95
26.04.21 12:31:59,227.95,227.95,227.95,227.95,75,15600,229.18,225.25,227.50
26.04.21 12:32:59,226.00,226.00,226.00,226.00,75,15600,229.17,227.10,228.45
26.04.21 12:35:59,230.50,230.50,230.50,230.50,225,15600,229.19,228.55,231.00
26.04.21 12:44:59,233.50,234.00,233.50,234.00,225,15600,229.25,232.70,234.50
26.04.21 12:45:59,237.00,237.00,237.00,237.00,75,15600,229.29,235.60,238.00
26.04.21 12:50:59,236.40,236.40,236.40,236.40,75,15900,229.32,234.55,236.95
26.04.21 13:04:59,237.75,237.75,237.75,237.75,75,15900,229.36,236.15,238.95
26.04.21 13:06:59,240.00,240.50,240.00,240.50,150,15900,229.47,236.70,238.50
26.04.21 13:17:59,229.50,229.50,229.50,229.50,75,16125,229.47,227.45,229.00
26.04.21 13:22:59,231.50,231.50,231.50,231.50,75,16200,229.48,229.60,231.00
26.04.21 13:34:59,223.65,223.65,223.65,223.65,75,16275,229.45,223.00,223.50
26.04.21 13:35:59,223.00,223.00,223.00,223.00,150,16275,229.39,221.05,223.50
26.04.21 13:39:59,226.00,226.00,226.00,226.00,225,16425,229.34,224.85,227.00
26.04.21 13:48:59,225.05,225.05,225.00,225.00,150,16575,229.31,223.05,225.50
26.04.21 13:53:59,229.45,235.50,229.45,235.50,225,16725,229.36,235.65,238.00
26.04.21 13:54:59,236.25,236.25,236.25,236.25,150,16800,229.42,235.05,237.90
26.04.21 13:55:59,232.60,232.60,232.60,232.60,150,16800,229.45,232.00,234.30
26.04.21 14:06:59,230.95,230.95,230.95,230.95,75,16875,229.46,230.25,232.95
26.04.21 14:10:59,227.05,227.05,227.05,227.05,75,16875,229.44,227.00,228.50
26.04.21 14:16:59,224.00,224.00,224.00,224.00,75,16950,229.42,222.90,225.00
26.04.21 14:17:59,222.85,223.70,222.85,223.70,225,16950,229.34,222.30,224.50
26.04.21 14:24:59,221.00,221.00,221.00,221.00,375,17100,229.17,219.05,221.95
26.04.21 14:40:59,216.20,216.20,216.20,216.20,150,17475,229.06,218.50,220.45
26.04.21 14:42:59,222.45,222.45,222.45,222.45,75,17475,229.03,220.05,222.50
26.04.21 14:46:59,226.95,226.95,226.75,226.75,150,17550,229.02,225.75,227.90
26.04.21 14:50:59,228.15,228.15,228.15,228.15,75,17475,229.01,225.55,227.90
26.04.21 14:54:59,228.00,228.00,228.00,228.00,450,17550,228.99,224.65,226.95
26.04.21 15:01:59,226.95,226.95,226.95,226.95,75,17850,228.98,228.10,229.95
26.04.21 15:30:00,235.45,235.45,235.45,235.45,75,17625,229.01,230.05,243.55
27.04.21 09:15:59,237.00,237.00,237.00,237.00,375,17700,237.00,245.05,255.50
27.04.21 09:18:59,241.55,243.20,241.55,243.20,300,17325,239.52,243.00,245.85
27.04.21 09:20:59,242.50,242.50,242.50,242.50,450,17475,240.54,239.55,242.95
27.04.21 09:24:59,246.50,247.00,244.50,244.50,975,17475,243.18,244.50,246.95
27.04.21 09:26:59,242.50,243.50,242.50,243.50,750,17625,243.13,242.05,244.50
27.04.21 09:31:59,245.00,245.00,245.00,245.00,300,17100,243.31,242.00,244.45
27.04.21 09:37:59,242.50,242.50,242.50,242.50,75,17400,243.29,243.05,245.45
27.04.21 09:38:59,248.00,248.00,248.00,248.00,150,17325,243.50,245.05,248.00
27.04.21 09:40:59,249.00,249.00,249.00,249.00,525,17325,244.24,247.00,249.95
27.04.21 09:53:59,249.95,249.95,249.95,249.95,75,16800,244.35,251.55,253.30
27.04.21 09:57:59,262.00,262.00,262.00,262.00,75,16875,244.67,260.55,262.50
27.04.21 10:05:59,259.15,259.15,259.15,259.15,75,16800,244.94,257.50,259.65
27.04.21 10:07:59,258.15,258.15,258.15,258.15,75,16800,245.17,256.75,258.00
27.04.21 10:08:59,256.75,256.75,256.75,256.75,75,16800,245.37,255.30,257.45
27.04.21 10:19:59,252.60,252.60,252.60,252.60,75,16800,245.50,250.95,253.00
27.04.21 10:36:59,252.60,252.60,252.60,252.60,75,16725,245.62,251.00,253.50
27.04.21 10:51:59,255.50,255.50,255.50,255.50,150,16800,245.94,252.05,254.45
27.04.21 10:58:59,256.75,256.75,256.75,256.75,75,16950,246.12,255.50,257.95
27.04.21 11:08:59,260.00,260.00,260.00,260.00,75,16950,246.34,259.55,262.00
27.04.21 11:10:59,262.00,262.00,262.00,262.00,300,16950,247.27,259.10,261.95
27.04.21 11:12:59,264.00,264.00,264.00,264.00,75,16650,247.52,261.60,264.50
27.04.21 11:13:59,263.00,263.00,263.00,263.00,75,16650,247.74,262.00,264.95
27.04.21 11:14:59,263.00,263.00,263.00,263.00,75,16650,247.96,261.05,263.95
27.04.21 11:19:59,259.45,259.45,258.05,258.05,150,16800,248.26,257.05,260.00
27.04.21 11:31:59,259.45,259.45,259.45,259.45,75,16725,248.41,257.05,260.00
27.04.21 11:33:59,255.55,255.55,255.55,255.55,75,16800,248.51,256.05,258.45
27.04.21 11:49:59,263.00,263.00,263.00,263.00,75,16725,248.70,262.05,264.95
27.04.21 11:50:59,262.05,262.05,262.05,262.05,75,16725,248.88,262.00,264.95
27.04.21 11:52:59,267.95,267.95,267.95,267.95,75,16725,249.13,264.55,267.45
27.04.21 11:57:59,267.95,267.95,267.95,267.95,75,16800,249.37,267.60,270.95
27.04.21 12:00:59,272.00,272.00,272.00,272.00,525,16800,251.23,270.10,276.45
27.04.21 12:27:59,266.00,266.00,266.00,266.00,600,16800,252.54,267.05,270.00
27.04.21 12:32:59,266.95,266.95,266.95,266.95,75,16800,252.69,264.05,266.45
27.04.21 12:34:59,268.95,268.95,268.95,268.95,150,16800,253.03,266.25,268.50
27.04.21 12:53:59,270.00,270.00,270.00,270.00,75,16950,253.20,267.55,270.00
27.04.21 13:15:59,262.95,262.95,262.95,262.95,75,17025,253.30,261.40,262.50
27.04.21 13:18:59,264.20,264.20,264.20,264.20,75,17100,253.41,261.25,263.50
27.04.21 13:19:59,264.95,264.95,264.95,264.95,150,17100,253.64,263.40,265.00
27.04.21 13:20:59,265.00,265.00,265.00,265.00,75,17100,253.75,264.40,266.50
27.04.21 13:45:59,268.95,268.95,268.95,268.95,150,17325,254.05,270.10,271.50
27.04.21 13:46:59,270.40,272.00,270.40,272.00,375,17325,254.84,271.80,274.40
27.04.21 13:52:59,272.00,272.00,272.00,272.00,75,17175,255.00,268.15,269.50
27.04.21 14:00:59,273.70,273.70,273.70,273.70,150,17250,255.33,272.55,275.25
27.04.21 14:12:59,277.00,277.00,277.00,277.00,300,16725,256.08,274.35,276.45
27.04.21 14:16:59,273.55,273.55,273.55,273.55,150,16950,256.37,272.85,274.95
27.04.21 14:20:59,275.95,275.95,275.95,275.95,75,17025,256.54,275.55,278.15
27.04.21 14:33:59,282.10,282.15,282.10,282.10,225,17100,257.17,280.05,282.85
27.04.21 14:36:59,284.00,284.00,284.00,284.00,75,17100,257.38,284.50,287.15
27.04.21 14:38:59,287.55,287.55,287.55,287.55,75,17175,257.63,284.55,287.15
27.04.21 14:41:59,289.00,289.00,289.00,289.00,150,17175,258.13,287.30,289.20
27.04.21 14:47:59,287.00,287.00,287.00,287.00,75,17325,258.35,284.75,287.45
27.04.21 14:50:59,283.60,283.60,283.60,283.60,75,17400,258.55,283.05,284.85
27.04.21 14:51:59,283.65,283.65,283.65,283.65,75,17400,258.74,283.55,285.20
27.04.21 15:00:59,282.00,282.00,282.00,282.00,450,17475,259.78,283.50,285.45
27.04.21 15:01:59,283.50,283.50,283.50,283.50,1800,17550,263.36,282.65,284.95
27.04.21 15:05:59,285.60,285.60,285.60,285.60,675,18825,264.55,287.55,289.20
27.04.21 15:06:59,287.55,287.55,287.55,287.55,75,18825,264.68,287.55,288.95
27.04.21 15:10:59,287.70,288.00,287.05,287.05,1500,18900,267.11,287.05,287.90
27.04.21 15:11:59,287.05,287.05,287.05,287.05,75,18900,267.21,285.15,287.25
27.04.21 15:17:59,289.35,289.35,289.35,289.35,75,19275,267.33,289.70,291.75
27.04.21 15:20:59,290.45,290.45,289.95,289.95,225,19200,267.68,288.10,290.15
27.04.21 15:21:59,287.75,290.45,287.55,288.25,300,19200,268.10,288.30,290.30
27.04.21 15:22:59,290.00,290.00,288.25,288.25,225,19425,268.42,288.30,290.15
27.04.21 15:23:59,289.30,289.30,287.00,287.00,300,19425,268.81,287.60,289.45
27.04.21 15:25:59,290.15,290.15,290.15,290.15,75,19425,268.91,287.20,291.90
27.04.21 15:26:59,291.90,291.90,291.90,291.90,75,19425,269.02,286.50,288.15
27.04.21 15:27:59,289.75,289.75,289.75,289.75,75,19425,269.12,287.05,289.40
27.04.21 15:30:00,284.00,290.00,284.00,290.00,450,19500,269.62,268.90,330.65
28.04.21 09:17:59,319.45,319.45,317.50,317.50,300,19500,318.48,317.05,319.95
28.04.21 09:18:59,319.50,319.55,319.50,319.50,150,19500,318.83,319.80,321.95
28.04.21 09:19:59,320.15,320.15,320.15,320.15,75,19500,319.02,321.00,322.65
28.04.21 09:20:59,325.40,325.40,325.05,325.05,225,19575,320.88,323.65,325.45
28.04.21 09:21:59,325.05,325.05,325.05,325.05,75,0,321.26,326.40,328.20
28.04.21 09:23:59,332.25,332.25,326.45,326.45,1500,19350,326.50,324.20,326.50
28.04.21 09:24:59,326.00,327.95,325.35,327.95,2100,19350,326.47,327.75,329.95
28.04.21 09:28:59,325.55,325.55,325.55,325.55,75,22050,326.46,324.65,325.50
28.04.21 09:29:59,325.60,327.85,325.60,327.85,225,22050,326.45,328.60,330.05
28.04.21 09:30:59,330.05,330.05,329.50,329.50,225,22050,326.60,327.65,329.45
28.04.21 09:31:59,327.00,327.00,327.00,327.00,75,22050,326.61,326.50,328.05
28.04.21 09:33:59,325.95,325.95,325.95,325.95,75,22200,326.60,325.20,327.50
28.04.21 09:34:59,324.90,325.60,324.90,325.60,150,22200,326.56,325.75,327.50
28.04.21 09:35:59,325.00,325.00,325.00,325.00,75,22200,326.54,322.20,324.35
28.04.21 09:36:59,322.90,322.90,322.90,322.90,75,22425,326.49,322.25,323.95
28.04.21 09:38:59,321.50,321.50,321.50,321.50,75,22425,326.42,320.00,321.85
28.04.21 09:39:59,320.00,320.00,320.00,320.00,75,22425,326.33,317.25,319.45
28.04.21 09:40:59,318.35,320.50,318.35,320.50,150,22425,326.15,319.05,320.50
28.04.21 09:41:59,320.55,322.55,320.55,322.55,150,22500,326.03,323.10,324.15
28.04.21 09:42:59,324.90,324.90,324.90,324.90,150,22500,326.00,323.35,325.35
28.04.21 09:45:59,324.00,325.85,324.00,325.85,225,22500,325.95,324.65,326.60
28.04.21 09:46:59,327.45,327.45,327.45,327.45,75,22500,325.97,326.15,328.85
28.04.21 09:47:59,329.15,331.10,329.15,331.10,150,22425,326.06,329.60,331.65
28.04.21 09:49:59,331.20,331.20,331.20,331.20,75,22425,326.12,329.50,330.50
28.04.21 09:50:59,330.50,330.50,330.50,330.50,75,22425,326.17,329.55,331.65
28.04.21 09:51:59,330.80,331.65,330.80,331.65,150,22200,326.29,329.50,330.90
28.04.21 09:52:59,328.15,328.15,328.15,328.15,300,22200,326.38,328.15,330.35
28.04.21 09:53:59,328.40,328.40,328.40,328.40,150,22200,326.42,329.55,331.80
28.04.21 09:55:59,328.50,328.50,328.50,328.50,75,21975,326.45,327.35,329.25
28.04.21 09:58:59,325.60,325.60,325.60,325.60,75,21975,326.44,323.70,325.65
28.04.21 09:59:59,322.55,322.55,322.55,322.55,75,21975,326.40,323.65,326.00
28.04.21 10:00:59,326.80,326.80,326.80,326.80,150,21900,326.41,325.60,327.25
28.04.21 10:03:59,325.55,325.55,325.55,325.55,150,21825,326.39,325.60,327.15
28.04.21 10:07:59,328.95,328.95,328.95,328.95,150,21825,326.44,327.75,329.90
28.04.21 10:08:59,327.30,327.30,327.30,327.30,150,22050,326.45,327.55,329.45
28.04.21 10:09:59,330.55,330.95,328.70,330.95,375,22050,326.61,328.30,330.35
28.04.21 10:11:59,331.55,331.55,331.55,331.55,75,22050,326.65,328.85,330.70
28.04.21 10:12:59,328.50,328.50,328.50,328.50,75,21975,326.67,328.80,330.60
28.04.21 10:14:59,328.50,328.50,328.50,328.50,75,21975,326.68,326.40,328.20
28.04.21 10:22:59,326.45,326.45,326.45,326.45,150,21750,326.68,325.00,327.20
28.04.21 10:28:59,322.90,322.90,322.90,322.90,75,21900,326.65,321.35,323.25
28.04.21 10:38:59,328.15,328.15,328.15,328.15,75,21900,326.66,327.75,329.90
28.04.21 10:42:59,332.15,332.15,332.15,332.15,225,21825,326.77,332.70,334.30
28.04.21 10:43:59,332.95,332.95,332.95,332.95,75,21825,326.82,333.85,336.00
28.04.21 10:47:59,336.90,336.90,336.90,336.90,75,21975,326.91,336.85,339.00
28.04.21 10:49:59,339.15,339.15,339.15,339.15,150,21975,327.10,336.75,338.60
28.04.21 10:50:59,337.30,337.30,337.30,337.30,75,21975,327.18,336.45,338.35
28.04.21 10:53:59,337.30,337.30,337.30,337.30,150,22125,327.34,336.70,338.45
28.04.21 10:55:59,338.90,338.90,338.90,338.90,75,22125,327.43,338.05,339.95
28.04.21 10:57:59,338.90,338.90,338.90,338.90,75,22050,327.51,337.20,338.90
28.04.21 11:02:59,338.10,338.10,338.10,338.10,75,22125,327.59,336.05,338.70
28.04.21 11:09:59,339.80,339.80,339.80,339.80,75,22050,327.69,339.55,342.10
28.04.21 11:13:59,340.00,340.00,340.00,340.00,300,22125,328.04,337.55,339.65
28.04.21 11:14:59,337.15,337.15,337.15,337.15,75,22125,328.11,336.20,338.95
28.04.21 11:15:59,335.60,335.60,335.60,335.60,225,22350,328.27,334.80,337.75
28.04.21 11:25:59,338.90,338.90,338.90,338.90,225,22125,328.49,337.55,340.35
28.04.21 11:33:59,338.55,339.00,338.55,339.00,225,22350,328.70,337.55,339.10
28.04.21 11:38:59,340.20,340.20,339.65,339.65,150,22125,328.85,337.25,339.85
28.04.21 12:02:59,342.95,342.95,342.95,342.95,150,21975,329.04,341.05,342.95
28.04.21 12:06:59,345.00,345.00,345.00,345.00,75,22050,329.14,344.55,347.45
28.04.21 12:09:59,347.80,347.80,347.80,347.80,75,21975,329.27,345.55,347.90
28.04.21 12:10:59,347.95,347.95,347.95,347.95,450,21975,329.97,346.50,347.95
28.04.21 12:11:59,347.95,347.95,347.95,347.95,150,21975,330.19,347.00,348.00
28.04.21 12:13:59,348.05,348.05,348.05,348.05,75,22050,330.30,347.50,349.85
28.04.21 12:14:59,348.05,348.05,348.05,348.05,75,22050,330.41,347.45,349.50
28.04.21 12:15:59,346.55,346.55,346.55,346.55,75,21975,330.51,345.65,346.50
28.04.21 12:16:59,346.50,346.50,346.50,346.50,225,21975,330.80,345.40,347.05
28.04.21 12:19:59,347.00,350.75,347.00,350.75,900,21900,332.00,350.15,351.50
28.04.21 12:20:59,351.45,357.25,351.45,357.25,825,21900,333.24,356.45,357.45
28.04.21 12:21:59,357.55,358.00,357.55,358.00,225,20850,333.62,356.85,358.15
28.04.21 12:22:59,358.15,358.30,358.15,358.30,150,20850,333.88,358.85,359.75
28.04.21 12:23:59,359.75,361.15,359.75,361.15,225,20850,334.28,360.35,361.15
28.04.21 12:24:59,361.50,369.00,361.50,369.00,750,20850,335.76,368.05,369.90
28.04.21 12:25:59,369.95,369.95,369.95,369.95,150,20850,336.08,368.10,370.60
28.04.21 12:27:59,366.20,366.20,366.20,366.20,150,20325,336.37,366.50,367.85
28.04.21 12:29:59,367.75,370.35,367.75,370.35,300,20325,336.97,370.05,372.00
28.04.21 12:30:59,372.25,372.25,372.25,372.25,225,19050,337.45,370.45,371.90
28.04.21 12:31:59,370.20,372.45,370.20,372.45,825,19050,339.12,371.20,373.45
28.04.21 12:32:59,374.15,374.15,372.25,372.25,150,19050,339.41,370.05,371.85
28.04.21 12:33:59,370.00,370.00,370.00,370.00,150,19350,339.67,368.70,370.45
28.04.21 12:35:59,366.00,366.00,366.00,366.00,75,19350,339.78,364.05,366.90
28.04.21 12:36:59,364.05,368.10,364.05,368.10,150,19500,340.01,368.90,370.80
28.04.21 12:38:59,371.30,371.30,371.30,371.30,75,19500,340.14,369.15,370.90
28.04.21 12:40:59,372.95,372.95,372.95,372.95,75,19575,340.27,373.60,376.00
28.04.21 12:43:59,378.00,378.00,378.00,378.00,75,19500,340.43,376.05,378.35
28.04.21 12:45:59,376.95,376.95,376.65,376.65,150,19500,340.73,374.60,376.65
28.04.21 12:46:59,375.40,375.40,375.40,375.40,75,19575,340.88,373.00,375.00
28.04.21 12:47:59,375.30,375.30,375.30,375.30,75,19575,341.02,372.15,374.45
28.04.21 12:49:59,376.95,376.95,376.95,376.95,75,19800,341.16,377.65,379.10
28.04.21 12:50:59,379.05,379.05,379.05,379.05,525,19800,342.21,378.25,379.70
28.04.21 12:52:59,376.95,376.95,376.95,376.95,150,19800,342.49,375.85,378.00
28.04.21 12:53:59,376.95,379.60,376.95,379.60,300,19800,343.05,378.55,380.40
28.04.21 12:54:59,379.95,384.30,379.95,384.30,225,19875,343.50,382.70,384.60
28.04.21 12:57:59,383.20,383.20,383.20,383.20,75,19875,343.65,380.65,382.60
28.04.21 12:58:59,381.00,381.05,381.00,381.05,825,19875,345.16,381.05,382.90
28.04.21 12:59:59,382.55,383.15,382.55,383.15,150,19875,345.43,381.05,382.80
28.04.21 13:00:59,382.65,382.65,380.00,380.00,450,20325,346.21,377.05,379.20
28.04.21 13:01:59,378.95,378.95,373.80,373.80,375,20325,346.75,375.20,377.60
28.04.21 13:02:59,377.80,377.80,377.80,377.80,75,20325,346.85,376.15,378.40
28.04.21 13:04:59,377.80,377.80,377.80,377.80,75,20550,346.96,376.15,378.50
28.04.21 13:05:59,381.10,382.95,381.10,382.95,300,20550,347.44,380.20,382.55
28.04.21 13:06:59,382.40,382.40,382.40,382.40,75,20775,347.56,382.00,384.15
28.04.21 13:07:59,384.15,384.15,380.60,380.60,225,20775,347.91,382.00,383.60
28.04.21 13:11:59,382.00,384.30,382.00,384.30,225,20625,348.26,384.70,386.55
28.04.21 13:12:59,388.80,389.00,388.80,389.00,675,20700,349.45,387.45,389.40
28.04.21 13:13:59,389.25,390.00,389.25,390.00,1050,20700,351.20,390.20,392.20
28.04.21 13:14:59,391.05,391.05,391.05,391.05,150,20700,351.45,392.00,394.35
28.04.21 13:15:59,393.20,397.50,393.20,395.80,375,20700,352.13,395.55,397.85
28.04.21 13:16:59,394.60,395.00,394.00,394.10,675,20700,353.25,391.95,393.90
28.04.21 13:17:59,394.10,394.15,390.85,392.75,675,20700,354.30,390.20,393.15
28.04.21 13:18:59,392.50,394.00,392.50,394.00,150,21825,354.52,394.75,397.10
28.04.21 13:19:59,396.00,396.00,396.00,396.00,75,21825,354.64,395.00,396.70
28.04.21 13:20:59,396.65,396.65,396.65,396.65,75,21825,354.76,394.60,396.90
28.04.21 13:22:59,397.50,398.30,396.85,398.00,525,21900,355.60,396.35,398.35
28.04.21 13:23:59,398.00,398.00,398.00,398.00,75,21900,355.72,394.55,396.85
28.04.21 13:24:59,396.35,398.45,396.35,398.45,150,22200,355.95,395.00,396.90
28.04.21 13:25:59,394.50,394.50,386.70,386.70,375,22200,356.42,382.95,385.40
28.04.21 13:26:59,380.05,383.00,380.05,383.00,450,22200,356.83,380.00,381.90
28.04.21 13:27:59,380.50,384.05,380.50,384.05,600,22350,357.38,382.85,385.00
28.04.21 13:29:59,389.05,389.05,389.00,389.00,375,22350,357.79,387.80,389.80
28.04.21 13:30:59,386.30,386.75,386.30,386.75,150,22650,357.94,385.10,386.95
28.04.21 13:31:59,385.55,389.00,385.55,389.00,150,22650,358.09,388.85,389.95
28.04.21 13:32:59,390.00,391.90,390.00,391.90,225,22650,358.34,388.65,390.50
28.04.21 13:35:59,390.00,390.00,390.00,390.00,150,22725,358.50,388.00,390.10
28.04.21 13:36:59,387.00,387.00,387.00,387.00,75,22725,358.57,385.05,386.95
28.04.21 13:37:59,385.00,385.00,385.00,385.00,75,22725,358.63,384.95,387.20
28.04.21 13:38:59,386.00,386.00,386.00,386.00,150,22725,358.77,383.25,385.35
28.04.21 13:41:59,386.00,386.00,386.00,386.00,75,22875,358.84,383.55,385.05
28.04.21 13:44:59,382.95,382.95,382.95,382.95,75,22875,358.90,383.25,385.45
28.04.21 13:45:59,383.50,383.50,383.50,383.50,75,22875,358.96,380.05,382.25
28.04.21 13:46:59,380.00,380.35,379.50,380.35,375,22800,359.22,379.85,381.80
28.04.21 13:47:59,380.00,380.00,380.00,380.00,825,22800,359.77,380.95,382.70
28.04.21 13:49:59,380.00,380.00,380.00,380.00,675,23175,360.19,377.80,379.50
28.04.21 13:51:59,383.10,390.00,383.10,390.00,525,23850,360.64,389.30,391.90
28.04.21 13:52:59,392.90,392.90,389.65,389.65,150,23850,360.78,389.15,390.90
28.04.21 13:53:59,392.00,392.00,392.00,392.00,225,23850,360.99,392.25,393.95
28.04.21 13:55:59,392.00,392.00,391.85,391.85,225,23925,361.20,390.05,392.00
28.04.21 13:56:59,392.00,392.00,392.00,392.00,75,23925,361.27,394.30,396.45
28.04.21 13:58:59,398.00,398.00,398.00,398.00,75,24000,361.36,396.05,397.75
28.04.21 13:59:59,398.00,398.00,398.00,398.00,75,24000,361.44,397.55,399.85
28.04.21 14:00:59,397.10,397.25,397.10,397.25,150,23925,361.60,397.10,399.25
28.04.21 14:02:59,394.45,394.45,391.10,391.10,300,23925,361.87,389.40,391.60
28.04.21 14:03:59,389.50,389.50,389.50,389.50,75,23850,361.93,387.20,389.45
28.04.21 14:04:59,392.25,392.25,390.05,390.05,750,23850,362.56,391.05,393.45
28.04.21 14:05:59,396.25,396.25,396.25,396.25,375,23850,362.92,394.25,396.30
28.04.21 14:07:59,393.25,394.85,393.25,394.85,450,24300,363.31,392.15,394.15
28.04.21 14:11:59,398.00,398.00,398.00,398.00,75,24750,363.38,396.85,399.20
28.04.21 14:16:59,396.45,404.30,396.45,404.30,900,24750,364.26,400.55,403.90
28.04.21 14:17:59,403.45,403.45,403.35,403.35,750,24750,365.05,401.05,402.50
28.04.21 14:18:59,403.35,403.35,403.35,403.35,150,26400,365.20,402.60,404.75
28.04.21 14:19:59,402.55,402.55,402.55,402.55,75,26400,365.28,402.50,404.40
28.04.21 14:21:59,404.95,407.35,404.95,405.05,300,26625,365.60,403.55,405.80
28.04.21 14:23:59,406.25,406.25,406.25,406.25,75,26625,365.68,402.05,403.85
28.04.21 14:24:59,402.05,402.05,402.05,402.05,75,26625,365.75,401.35,403.50
28.04.21 14:25:59,402.50,404.85,402.50,404.85,300,26550,366.05,402.30,404.10
28.04.21 14:26:59,401.55,401.80,401.55,401.80,300,26550,366.33,401.80,403.40
28.04.21 14:28:59,401.80,401.80,400.00,400.00,450,26325,366.73,398.60,400.95
28.04.21 14:31:59,400.40,400.40,400.05,400.05,150,26325,366.86,398.00,399.00
28.04.21 14:32:59,398.00,398.00,395.55,395.55,150,26325,366.97,396.15,397.35
28.04.21 14:33:59,396.15,396.20,396.15,396.20,450,26325,367.30,394.20,395.00
28.04.21 14:34:59,394.20,395.00,394.20,395.00,150,26775,367.41,394.55,396.40
28.04.21 14:38:59,397.05,398.40,397.05,398.40,150,26775,367.52,395.70,398.15
28.04.21 14:39:59,394.65,396.35,394.65,396.35,225,26625,367.68,394.05,396.00
28.04.21 14:40:59,395.00,395.00,395.00,395.00,150,26625,367.78,391.60,394.10
28.04.21 14:41:59,394.50,394.50,393.30,393.30,300,26625,367.97,394.50,396.45
28.04.21 14:46:59,391.05,391.05,391.05,391.05,75,27075,368.01,392.05,394.05
28.04.21 14:47:59,390.50,390.50,390.50,390.50,375,27075,368.22,391.35,393.40
28.04.21 14:48:59,392.50,392.50,390.00,390.00,300,27075,368.39,387.20,389.40
28.04.21 14:49:59,388.85,388.85,388.85,388.85,75,26925,368.43,389.20,391.25
28.04.21 14:51:59,393.80,393.80,393.80,393.80,225,26925,368.56,393.50,395.90
28.04.21 14:57:59,395.50,395.50,395.50,395.50,75,27150,368.61,396.45,398.45
28.04.21 14:58:59,396.15,396.15,396.15,396.15,225,27150,368.76,395.20,397.65
28.04.21 15:00:59,393.60,393.60,393.60,393.60,75,27150,368.80,392.35,394.50
28.04.21 15:02:59,391.35,391.35,391.35,391.35,75,27000,368.84,392.35,394.30
28.04.21 15:06:59,393.85,393.85,393.85,393.85,75,27075,368.89,392.75,393.90
28.04.21 15:08:59,392.05,392.05,392.05,392.05,150,27150,368.97,392.20,394.05
28.04.21 15:09:59,393.90,393.90,393.75,393.75,225,27000,369.10,392.05,394.95
28.04.21 15:10:59,391.55,391.55,389.60,389.60,450,27000,369.33,389.70,392.30
28.04.21 15:11:59,389.70,389.70,388.00,388.00,525,27000,369.56,385.55,387.60
28.04.21 15:14:59,386.65,386.65,386.65,386.65,75,27000,369.59,386.60,389.05
28.04.21 15:15:59,388.60,388.60,387.45,387.45,150,27075,369.65,385.05,387.50
28.04.21 15:16:59,385.05,385.05,385.05,385.05,75,27075,369.68,384.55,386.15
28.04.21 15:18:59,383.60,385.05,383.60,385.05,600,27075,369.88,382.55,384.45
28.04.21 15:19:59,384.40,384.55,384.40,384.55,300,27600,369.97,385.50,387.10
28.04.21 15:20:59,385.00,387.95,385.00,387.95,225,27600,370.06,385.65,387.25
28.04.21 15:21:59,388.00,388.00,388.00,388.00,75,27600,370.08,386.70,388.35
28.04.21 15:23:59,389.20,389.20,389.20,389.20,150,27675,370.15,386.05,388.60
28.04.21 15:24:59,388.00,388.00,388.00,388.00,75,27675,370.18,386.05,388.10
28.04.21 15:25:59,386.70,390.05,386.70,388.55,2925,27750,371.40,386.00,389.15
28.04.21 15:26:59,388.85,388.85,388.85,388.85,75,27750,371.43,386.05,389.15
28.04.21 15:27:59,386.00,386.00,385.25,385.25,375,27750,371.54,382.05,385.55
28.04.21 15:28:59,385.30,388.65,382.55,388.65,375,28725,371.64,382.55,387.50
28.04.21 15:30:00,388.10,391.05,388.10,391.05,300,28725,371.75,380.05,396.40
29.04.21 09:15:59,456.05,460.50,454.10,454.10,600,29025,459.08,464.00,469.95
29.04.21 09:16:59,470.00,470.00,470.00,470.00,225,29025,462.05,476.00,479.95
29.04.21 09:17:59,480.00,483.25,480.00,483.25,600,28950,470.16,482.05,482.85
29.04.21 09:18:59,482.05,482.10,477.55,477.55,525,28950,472.76,480.50,483.95
29.04.21 09:19:59,482.00,484.75,482.00,484.75,1800,28950,477.86,484.80,487.00
29.04.21 09:20:59,484.80,487.00,484.80,487.00,225,28950,478.34,490.50,492.95
29.04.21 09:21:59,487.15,487.15,487.15,487.15,75,28650,478.50,485.60,488.50
29.04.21 09:22:59,485.00,487.15,485.00,487.15,150,28650,478.77,488.00,490.50
29.04.21 09:24:59,485.95,485.95,485.95,485.95,225,29625,479.14,484.05,486.95
29.04.21 09:25:59,483.50,483.50,481.10,481.10,675,29625,479.57,480.55,482.95
29.04.21 09:26:59,479.50,479.50,479.50,479.50,150,29625,479.56,477.10,480.00
29.04.21 09:27:59,474.20,474.20,474.20,474.20,75,29550,479.49,469.65,471.35
29.04.21 09:28:59,471.35,472.05,463.70,463.70,450,29550,478.61,461.65,464.55
29.04.21 09:29:59,463.70,463.70,463.70,463.70,75,29550,478.42,467.10,469.25
29.04.21 09:30:59,467.80,471.75,467.80,471.75,150,28875,478.20,471.75,474.55
29.04.21 09:31:59,472.00,472.50,472.00,472.50,150,28875,478.06,472.50,474.80
29.04.21 09:33:59,475.00,475.00,475.00,475.00,150,28650,477.98,475.50,478.20
29.04.21 09:34:59,477.50,477.50,477.50,477.50,300,28650,477.96,475.25,478.00
29.04.21 09:35:59,477.50,477.50,477.50,477.50,750,28725,477.91,476.90,479.50
29.04.21 09:37:59,482.85,482.85,482.85,482.85,150,28725,478.01,479.50,482.10
29.04.21 09:41:59,478.00,478.00,478.00,478.00,75,28725,478.01,477.55,480.00
29.04.21 09:42:59,471.55,471.55,471.55,471.55,75,28725,477.95,472.00,474.60
29.04.21 09:43:59,471.00,471.00,471.00,471.00,75,28725,477.88,469.00,472.45
29.04.21 09:44:59,469.00,469.00,469.00,469.00,75,28125,477.80,468.50,470.70
29.04.21 09:45:59,468.95,468.95,467.75,467.75,225,28125,477.54,471.05,473.65
29.04.21 09:47:59,450.60,450.60,450.60,450.60,75,28200,477.29,440.55,442.85
29.04.21 09:48:59,440.00,440.00,440.00,440.00,75,28200,476.94,441.15,444.85
29.04.21 09:49:59,439.55,439.55,435.00,435.00,375,28200,475.19,438.05,440.25
29.04.21 09:50:59,442.65,442.65,436.55,436.55,225,27975,474.31,435.55,439.00
29.04.21 09:57:59,415.55,420.00,415.55,419.65,300,27675,472.44,415.45,420.70
29.04.21 09:58:59,421.15,421.15,415.10,418.30,1050,27675,466.78,416.75,419.45
29.04.21 09:59:59,416.75,419.50,415.10,419.50,1725,27675,459.63,423.75,426.35
29.04.21 10:01:59,417.75,422.00,417.75,418.80,1950,27675,454.01,415.45,417.35
29.04.21 10:02:59,415.55,415.55,414.45,414.45,150,27675,453.59,413.70,415.40
29.04.21 10:05:59,434.15,434.15,434.15,434.15,75,27525,453.49,434.10,437.45
29.04.21 10:09:59,424.95,424.95,415.45,415.45,450,27300,452.46,413.65,415.55
29.04.21 10:12:59,418.25,418.25,418.25,418.25,75,27525,452.29,419.05,421.60
29.04.21 10:13:59,423.50,424.45,423.50,424.45,375,27525,451.57,419.50,422.25
29.04.21 10:15:59,418.80,418.80,415.00,415.00,375,27525,450.70,414.35,416.90
29.04.21 10:20:59,426.45,426.45,426.45,426.45,75,27525,450.58,423.60,426.95
29.04.21 10:22:59,424.60,424.60,424.60,424.60,75,27600,450.45,417.40,420.00
29.04.21 10:26:59,424.15,424.15,424.15,424.15,75,27525,450.33,421.10,423.25
29.04.21 10:34:59,421.10,421.10,421.10,421.10,75,24750,450.18,419.15,421.70
29.04.21 10:41:59,391.70,391.70,391.70,391.70,75,24750,449.91,398.75,400.00
29.04.21 10:42:59,400.00,402.75,400.00,402.75,150,24750,449.45,400.05,403.05
29.04.21 10:43:59,397.75,400.00,397.75,400.00,150,24750,448.97,398.20,400.55
29.04.21 10:47:59,398.70,398.70,398.70,398.70,150,24825,448.50,395.00,397.30
29.04.21 10:48:59,390.00,390.00,390.00,390.00,75,24825,448.23,390.25,392.30
29.04.21 10:49:59,390.00,390.00,390.00,390.00,150,24825,447.70,383.85,386.20
29.04.21 10:50:59,385.85,385.85,385.85,385.85,75,24825,447.42,378.90,381.00
29.04.21 10:51:59,382.25,382.85,382.25,382.85,150,24825,446.83,380.80,383.10
29.04.21 10:52:59,380.25,380.25,380.25,380.25,75,24825,446.53,377.05,379.65
29.04.21 10:53:59,375.15,375.15,375.15,375.15,75,24825,446.21,370.55,372.95
29.04.21 10:54:59,369.35,369.35,369.35,369.35,75,24825,445.86,372.55,374.75
29.04.21 10:55:59,383.95,383.95,382.70,382.70,150,24825,445.31,383.35,385.50
29.04.21 10:56:59,387.15,389.45,385.25,385.25,300,24825,444.29,385.05,386.80
29.04.21 10:57:59,385.00,385.00,379.20,381.95,300,24900,443.24,380.75,383.20
29.04.21 11:03:59,381.95,381.95,378.00,378.00,150,25050,442.71,376.05,378.55
29.04.21 11:04:59,375.00,375.00,372.05,372.05,375,25050,441.25,371.90,374.10
29.04.21 11:05:59,375.00,375.00,375.00,375.00,75,25050,440.98,374.35,376.80
29.04.21 11:06:59,377.85,377.85,377.85,377.85,75,25050,440.72,373.15,375.75
29.04.21 11:08:59,375.70,376.25,375.70,376.25,150,25050,440.19,374.10,376.35
29.04.21 11:09:59,373.15,373.15,373.15,373.15,150,25125,439.65,372.60,375.05
29.04.21 11:11:59,381.90,381.90,381.90,381.90,75,25125,439.41,378.90,381.05
29.04.21 11:13:59,376.60,376.60,376.60,376.60,375,25275,438.17,380.20,381.85
29.04.21 11:14:59,381.90,383.60,381.90,383.60,150,25275,437.74,382.00,384.20
29.04.21 11:15:59,384.05,384.05,384.05,384.05,75,25275,437.53,383.30,385.55
29.04.21 11:16:59,391.85,394.95,391.85,394.95,375,25275,436.68,392.35,395.00
29.04.21 11:17:59,396.40,400.60,396.40,399.50,1200,25275,434.50,396.15,397.85
29.04.21 11:18:59,399.00,400.50,399.00,400.50,300,25275,434.01,401.10,403.35
29.04.21 11:19:59,400.60,401.55,400.60,400.75,225,25275,433.66,401.80,404.20
29.04.21 11:20:59,399.05,399.05,399.05,399.05,150,25275,433.41,397.65,399.85
29.04.21 11:21:59,398.50,400.30,398.50,400.30,150,25275,433.18,410.05,412.40
29.04.21 11:24:59,413.45,413.45,413.45,413.45,450,25575,432.82,411.55,413.95
29.04.21 11:25:59,410.70,410.70,408.40,408.50,300,25575,432.50,409.85,412.30
29.04.21 11:26:59,409.45,409.45,409.45,409.45,300,25575,432.19,418.30,420.60
29.04.21 11:27:59,425.90,428.95,425.90,427.65,225,25500,432.15,421.50,423.65
29.04.21 11:28:59,419.15,419.15,419.15,419.15,75,25500,432.10,417.70,419.85
29.04.21 11:29:59,416.85,417.25,416.55,416.55,375,25500,431.86,411.45,414.00
29.04.21 11:30:59,401.10,401.10,401.10,401.10,75,25500,431.76,400.60,402.90
29.04.21 11:34:59,407.45,407.45,407.45,407.45,75,25500,431.68,407.85,410.10
29.04.21 11:35:59,416.10,416.65,416.10,416.65,150,25500,431.59,411.50,413.80
29.04.21 11:38:59,409.10,409.10,409.10,409.10,150,25800,431.45,405.20,408.25
29.04.21 11:39:59,404.00,405.45,404.00,405.45,150,26100,431.28,402.60,404.95
29.04.21 11:40:59,402.95,410.45,402.95,410.45,150,26100,431.12,407.45,409.85
29.04.21 11:42:59,409.70,409.70,406.50,406.50,150,25950,430.98,405.10,407.50
29.04.21 11:44:59,410.45,410.45,410.45,410.45,75,25950,430.92,411.00,413.45
29.04.21 11:46:59,417.15,417.15,417.15,417.15,75,25875,430.88,413.80,416.35
29.04.21 11:48:59,410.00,410.00,410.00,410.00,75,0,430.81,411.95,414.50
29.04.21 11:51:59,416.15,419.80,416.15,419.80,150,25050,430.73,420.90,423.50
29.04.21 11:53:59,418.40,423.00,418.40,423.00,300,25050,430.61,421.40,424.00
29.04.21 11:56:59,418.00,418.00,418.00,418.00,150,25125,430.54,418.20,420.85
29.04.21 11:57:59,410.10,410.10,410.10,410.10,75,25200,430.48,410.05,412.15
29.04.21 11:59:59,412.60,412.60,410.00,410.00,225,25200,430.30,403.85,406.30
29.04.21 12:00:59,404.65,404.65,404.65,404.65,150,25050,430.15,402.65,404.90
29.04.21 12:01:59,401.85,407.90,401.85,407.90,150,25050,430.00,407.90,408.60
29.04.21 12:03:59,409.90,409.90,409.90,409.90,225,24975,429.83,408.90,411.35
29.04.21 12:06:59,416.05,416.05,416.05,416.05,225,24900,429.71,413.05,415.40
29.04.21 12:10:59,411.90,411.90,411.90,411.90,75,24900,429.66,410.75,412.85
29.04.21 12:12:59,407.90,407.90,407.90,407.90,75,24900,429.60,407.15,408.50
29.04.21 12:14:59,417.95,417.95,417.95,417.95,150,24900,429.53,416.20,418.50
29.04.21 12:15:59,414.25,414.25,412.00,412.00,150,24900,429.44,411.30,414.40
29.04.21 12:19:59,413.00,413.00,413.00,413.00,150,0,429.35,411.65,414.00
29.04.21 12:22:59,413.45,413.45,413.45,413.45,150,24825,429.26,409.80,411.90
29.04.21 12:24:59,415.75,415.75,415.75,415.75,75,24825,429.22,411.25,413.95
29.04.21 12:32:59,420.95,420.95,420.95,420.95,75,24675,429.20,414.75,417.00
29.04.21 12:34:59,422.70,422.70,422.65,422.65,300,24750,429.13,421.80,424.30
29.04.21 12:35:59,420.45,420.45,420.45,420.45,75,24750,429.11,420.50,422.95
29.04.21 12:37:59,420.00,420.00,420.00,420.00,225,24675,429.03,419.35,421.65
29.04.21 12:38:59,418.45,418.45,418.45,418.45,75,24675,429.00,417.10,420.45
29.04.21 12:39:59,418.20,418.20,417.25,417.25,225,24750,428.91,416.70,419.15
29.04.21 12:44:59,421.20,421.20,420.15,420.15,300,24825,428.83,418.55,421.00
29.04.21 12:45:59,422.00,422.00,422.00,422.00,75,24825,428.81,421.70,423.90
29.04.21 12:48:59,417.00,417.00,417.00,417.00,300,24825,428.69,419.10,421.60
29.04.21 12:51:59,429.95,434.60,429.80,434.60,600,24825,428.75,436.50,439.05
29.04.21 12:54:59,439.95,439.95,438.90,438.90,225,24750,428.83,437.50,439.95
29.04.21 12:55:59,439.95,439.95,439.95,439.95,75,24750,428.86,432.05,435.15
29.04.21 12:57:59,436.55,436.55,436.55,436.55,75,24675,428.88,436.70,439.35
29.04.21 12:58:59,437.55,440.00,437.55,438.65,225,24675,428.95,437.40,440.25
29.04.21 13:01:59,439.15,439.15,439.15,439.15,75,24675,428.98,440.05,442.55
29.04.21 13:02:59,441.65,441.65,441.65,441.65,75,24675,429.01,439.20,440.45
29.04.21 13:03:59,439.20,439.20,439.20,439.20,75,24675,429.03,439.50,441.85
29.04.21 13:07:59,442.15,442.15,442.15,442.15,75,24675,429.07,443.00,445.65
29.04.21 13:10:59,440.00,440.00,436.40,436.40,300,24675,429.16,435.55,438.45
29.04.21 13:11:59,423.70,423.70,423.70,423.70,75,24675,429.15,419.05,421.75
29.04.21 13:12:59,418.90,418.90,418.90,418.90,75,24675,429.12,424.50,427.00
29.04.21 13:16:59,431.50,431.50,431.50,431.50,75,24525,429.13,428.05,432.25
29.04.21 13:17:59,429.60,429.60,429.00,429.00,600,24525,429.13,428.00,430.35
29.04.21 13:18:59,428.05,429.00,428.05,429.00,225,24525,429.12,430.50,433.05
29.04.21 13:20:59,436.90,438.60,436.90,438.60,150,24525,429.17,440.55,442.60
29.04.21 13:21:59,442.20,442.20,442.20,442.20,75,24525,429.20,439.90,442.35
29.04.21 13:24:59,437.50,437.50,437.50,437.50,150,24525,429.24,435.05,437.50
29.04.21 13:27:59,440.40,442.00,440.40,442.00,225,24600,429.32,437.95,440.40
29.04.21 13:28:59,438.50,439.80,438.50,439.80,150,24600,429.36,440.55,442.70
29.04.21 13:42:59,447.25,447.25,447.25,447.25,75,23925,429.41,446.05,448.50
29.04.21 13:43:59,450.00,450.00,450.00,450.00,75,23925,429.45,444.25,446.95
29.04.21 13:45:59,432.90,438.55,432.90,438.55,225,23925,429.49,437.75,442.50
29.04.21 13:46:59,438.00,438.00,438.00,438.00,75,23925,429.51,433.20,435.60
29.04.21 13:47:59,432.25,432.25,432.25,432.25,225,23925,429.53,431.35,433.45
29.04.21 13:50:59,432.10,432.10,430.65,430.65,150,23925,429.54,434.20,436.40
29.04.21 13:57:59,426.10,427.50,418.90,418.90,525,23775,429.48,417.55,419.85
29.04.21 13:58:59,417.85,417.85,417.85,417.85,75,23775,429.45,422.00,423.95
29.04.21 13:59:59,415.00,415.00,415.00,415.00,75,23775,429.42,412.75,414.60
29.04.21 14:00:59,413.00,413.00,413.00,413.00,150,23775,429.35,413.95,416.95
29.04.21 14:01:59,418.80,418.80,407.00,407.50,375,23775,429.13,406.60,409.00
29.04.21 14:04:59,408.15,408.15,408.15,408.15,75,23775,429.09,408.40,410.55
29.04.21 14:13:59,416.95,416.95,416.95,416.95,150,23475,429.04,418.30,420.15
29.04.21 14:14:59,419.95,419.95,419.95,419.95,75,23475,429.02,416.50,418.95
29.04.21 14:16:59,411.00,413.05,411.00,413.05,225,23400,428.91,412.95,415.40
29.04.21 14:17:59,412.55,415.80,412.15,412.15,600,23400,428.65,412.95,415.10
29.04.21 14:26:59,423.20,423.20,423.20,423.20,75,23175,428.64,416.80,419.20
29.04.21 14:27:59,417.70,417.70,417.70,417.70,75,23175,428.62,418.60,420.95
29.04.21 14:32:59,414.45,414.45,414.45,414.45,75,23325,428.59,417.70,420.40
29.04.21 14:34:59,420.00,420.00,420.00,420.00,150,22425,428.55,420.15,422.45
29.04.21 14:36:59,425.00,425.00,425.00,425.00,150,22425,428.54,427.20,429.50
29.04.21 14:39:59,425.55,425.55,425.55,425.55,300,22425,428.52,425.15,427.50
29.04.21 14:41:59,425.00,425.00,425.00,425.00,75,22425,428.51,425.25,427.85
29.04.21 14:44:59,425.50,425.50,423.20,423.20,150,22425,428.50,423.75,426.00
29.04.21 14:50:59,427.00,427.00,427.00,427.00,75,22350,428.49,425.05,428.25
29.04.21 14:54:59,427.35,430.00,427.35,430.00,150,22350,428.50,427.55,430.00
29.04.21 14:55:59,430.00,430.00,426.05,426.05,975,22050,428.51,422.60,424.95
29.04.21 14:56:59,421.00,421.00,421.00,421.00,75,22050,428.50,420.65,423.10
29.04.21 14:57:59,421.35,421.35,421.35,421.35,450,22050,428.41,420.15,421.85
29.04.21 14:58:59,420.60,420.95,420.60,420.95,150,22050,428.38,419.45,420.95
29.04.21 14:59:59,421.00,421.00,421.00,421.00,300,22050,428.32,421.15,423.80
29.04.21 15:00:59,421.00,421.00,421.00,421.00,150,22050,428.30,423.05,425.00
29.04.21 15:01:59,421.00,421.00,421.00,421.00,75,21975,428.28,419.80,422.40
29.04.21 15:03:59,425.00,425.00,425.00,425.00,150,21975,428.27,423.65,426.25
29.04.21 15:04:59,424.60,424.60,424.60,424.60,75,21975,428.26,423.05,425.45
29.04.21 15:06:59,420.45,420.45,420.45,420.45,75,21975,428.25,417.40,419.95
29.04.21 15:10:59,416.95,416.95,416.95,416.95,75,21300,428.22,412.65,414.95
29.04.21 15:15:59,410.95,410.95,410.95,410.95,75,21375,428.19,409.25,411.45
29.04.21 15:21:59,409.40,409.40,409.40,409.40,150,21525,428.12,405.70,407.95
29.04.21 15:23:59,409.40,409.40,409.40,409.40,75,21450,428.08,405.35,407.10
29.04.21 15:25:59,405.00,413.15,405.00,405.10,1425,21450,427.32,405.20,407.35
29.04.21 15:26:59,407.05,407.15,407.05,407.15,150,21450,427.25,404.90,410.10
29.04.21 15:28:59,405.70,405.85,405.70,405.85,150,21675,427.17,402.85,413.10
29.04.21 15:30:00,402.85,402.85,401.25,401.25,150,21675,427.08,400.05,422.35
30.04.21 09:15:59,316.55,331.45,316.50,331.45,300,20925,323.91,332.10,336.00
30.04.21 09:16:59,330.00,330.50,327.05,327.05,225,20925,326.17,337.05,340.50
30.04.21 09:17:59,341.90,354.05,341.90,344.20,1125,20925,340.29,341.00,344.50
30.04.21 09:18:59,337.05,348.00,337.05,345.95,375,20925,341.08,342.65,345.95
30.04.21 09:19:59,349.35,349.35,349.35,349.35,75,20925,341.38,348.50,350.95
30.04.21 09:20:59,343.25,343.25,333.05,333.50,600,20700,341.03,335.90,337.65
30.04.21 09:21:59,334.00,339.35,334.00,339.35,225,20700,340.65,340.45,342.00
30.04.21 09:22:59,339.35,347.50,338.70,347.50,375,20700,340.94,347.05,348.50
30.04.21 09:23:59,350.00,350.05,345.55,345.55,375,20775,341.68,344.95,346.45
30.04.21 09:24:59,344.95,346.10,344.95,346.10,150,20775,341.83,344.25,346.40
30.04.21 09:25:59,347.70,350.25,346.60,350.25,225,20775,342.18,349.75,351.20
30.04.21 09:26:59,350.00,350.00,350.00,350.00,750,20775,343.40,352.05,353.65
30.04.21 09:27:59,353.80,359.30,353.45,358.65,300,20775,344.16,357.50,359.35
30.04.21 09:28:59,355.00,361.85,355.00,361.85,1350,20775,346.86,358.85,360.95
30.04.21 09:29:59,360.85,364.55,360.15,360.15,750,21825,348.52,356.20,358.95
30.04.21 09:30:59,357.75,363.70,357.75,362.25,600,21825,349.53,361.00,362.80
30.04.21 09:31:59,359.60,362.10,359.60,362.10,150,21825,349.74,361.20,362.90
30.04.21 09:32:59,362.85,366.90,362.40,362.40,1275,22350,351.80,360.70,362.55
30.04.21 09:33:59,362.40,367.35,362.40,367.35,1575,22350,353.54,365.55,367.50
30.04.21 09:34:59,365.80,371.20,365.10,368.05,1875,22350,355.64,367.55,369.50
30.04.21 09:35:59,369.60,374.90,367.00,374.90,600,23700,356.29,371.85,373.50
30.04.21 09:36:59,369.40,371.65,368.75,368.75,375,23700,356.68,366.15,368.00
30.04.21 09:37:59,365.45,366.95,363.45,366.95,300,23700,356.86,372.45,374.70
30.04.21 09:38:59,371.80,374.20,370.00,371.65,750,23625,357.64,370.20,372.65
30.04.21 09:39:59,378.55,378.55,374.65,375.05,1200,23625,359.01,375.10,377.10
30.04.21 09:40:59,376.00,376.00,375.05,375.05,825,23625,359.84,373.90,376.15
30.04.21 09:41:59,378.85,380.95,375.65,375.65,825,25125,360.70,375.05,376.40
30.04.21 09:42:59,376.00,376.00,368.60,369.00,975,25125,361.25,369.20,371.40
30.04.21 09:43:59,372.15,372.15,372.15,372.15,150,25125,361.34,371.00,373.35
30.04.21 09:44:59,369.50,369.50,365.70,365.70,300,25650,361.44,366.90,368.65
30.04.21 09:45:59,375.20,375.20,375.20,375.20,75,25650,361.50,376.10,378.90
30.04.21 09:46:59,378.90,378.90,371.50,371.50,375,25650,361.76,368.05,370.80
30.04.21 09:47:59,372.40,372.40,370.00,370.00,375,26100,361.95,368.25,370.90
30.04.21 09:48:59,370.00,371.80,366.25,366.25,750,26100,362.26,366.10,368.45
30.04.21 09:50:59,368.20,370.00,368.20,370.00,150,26625,362.31,369.05,371.40
30.04.21 09:51:59,373.85,374.00,371.75,374.00,300,26625,362.46,371.80,374.10
30.04.21 09:52:59,374.00,374.00,372.35,372.35,150,26625,362.54,371.00,373.90
30.04.21 09:53:59,371.35,371.35,362.90,362.90,600,27000,362.71,361.05,363.95
30.04.21 09:54:59,365.00,370.20,365.00,370.20,300,27000,362.78,369.60,373.45
30.04.21 09:55:59,370.05,371.60,366.60,371.60,825,27000,363.02,368.80,371.45
30.04.21 09:56:59,369.10,369.10,365.65,365.65,225,27075,363.06,365.00,367.65
30.04.21 09:57:59,366.80,366.80,366.05,366.05,150,27075,363.08,365.45,367.85
30.04.21 09:58:59,369.35,374.75,369.35,374.75,375,27075,363.23,370.55,372.95
30.04.21 09:59:59,373.90,374.40,370.90,372.65,750,27600,363.52,372.25,374.55
30.04.21 10:00:59,373.60,373.60,373.60,373.60,150,27600,363.58,373.10,375.30
30.04.21 10:01:59,376.25,376.25,375.90,375.90,375,27600,363.77,375.35,377.50
30.04.21 10:02:59,378.00,378.00,378.00,378.00,300,27600,363.94,375.80,377.60
30.04.21 10:04:59,373.35,373.35,373.35,373.35,75,28200,363.97,368.45,369.95
30.04.21 10:05:59,370.30,370.30,370.30,370.30,75,28200,363.99,362.15,364.15
30.04.21 10:06:59,362.75,362.75,350.00,350.00,750,28125,363.79,350.65,352.90
30.04.21 10:07:59,350.95,357.05,349.05,357.00,525,28125,363.60,355.90,358.45
30.04.21 10:08:59,357.70,358.05,354.05,354.05,225,27975,363.54,354.00,355.85
30.04.21 10:09:59,354.00,354.00,349.65,349.65,300,27975,363.41,346.45,348.25
30.04.21 10:10:59,343.55,347.45,340.70,347.45,750,27975,362.88,344.50,346.10
30.04.21 10:11:59,342.85,343.95,342.85,343.95,150,27975,362.77,342.15,343.60
30.04.21 10:12:59,344.45,349.60,344.45,349.60,525,28050,362.50,345.00,346.75
30.04.21 10:13:59,347.45,347.45,347.45,347.45,300,28050,362.34,349.15,352.00
30.04.21 10:14:59,349.60,354.30,349.60,354.30,975,28125,362.00,351.05,352.90
30.04.21 10:15:59,351.00,356.30,347.15,356.30,1275,28125,361.68,353.05,355.15
30.04.21 10:16:59,356.00,356.60,354.35,354.35,750,28125,361.54,352.85,354.35
30.04.21 10:17:59,355.05,355.05,354.90,354.90,450,29850,361.45,355.15,356.70
30.04.21 10:18:59,352.90,352.90,352.90,352.90,150,29850,361.41,353.70,355.15
30.04.21 10:19:59,355.55,355.55,353.65,353.75,600,29850,361.28,351.55,353.65
30.04.21 10:20:59,350.00,350.00,349.65,349.65,1125,30000,360.94,350.40,351.95
30.04.21 10:21:59,353.00,354.00,349.00,349.00,375,30000,360.84,348.80,350.30
30.04.21 10:22:59,345.00,350.65,345.00,350.65,825,30000,360.55,349.90,351.60
30.04.21 10:23:59,351.35,354.65,351.35,354.65,150,30075,360.51,349.75,351.50
30.04.21 10:24:59,351.45,352.35,351.45,352.35,150,30075,360.48,352.55,354.30
30.04.21 10:25:59,354.00,356.05,354.00,355.25,225,30075,360.44,359.85,361.95
30.04.21 10:26:59,360.10,360.10,357.45,358.35,600,30075,360.42,358.15,359.35
30.04.21 10:27:59,356.40,356.40,356.40,356.40,225,30375,360.40,357.65,359.60
30.04.21 10:28:59,358.90,362.30,358.90,362.30,375,30375,360.39,359.55,361.05
30.04.21 10:29:59,358.95,362.45,358.95,362.45,225,30375,360.40,361.30,362.90
30.04.21 10:30:59,359.85,360.70,359.85,360.70,225,29700,360.40,360.55,362.80
30.04.21 10:31:59,363.00,364.40,361.00,361.00,750,29700,360.45,361.05,362.85
30.04.21 10:32:59,363.10,363.10,359.60,360.80,525,30300,360.47,359.60,360.70
30.04.21 10:33:59,359.65,359.65,359.65,359.65,75,30300,360.47,357.05,358.00
30.04.21 10:34:59,357.05,359.00,357.00,359.00,450,30300,360.44,359.00,360.35
30.04.21 10:35:59,361.75,361.75,360.00,360.00,450,30300,360.44,360.10,362.05
30.04.21 10:36:59,360.45,360.45,360.45,360.45,675,30300,360.44,354.95,356.45
30.04.21 10:37:59,353.35,353.60,350.05,353.60,975,30300,360.24,352.55,354.45
30.04.21 10:38:59,355.00,356.00,354.55,354.55,1275,30300,360.09,353.65,355.40
30.04.21 10:39:59,353.05,353.95,353.05,353.80,375,31350,360.04,353.55,354.90
30.04.21 10:40:59,354.70,354.70,350.00,350.00,600,31350,359.95,347.40,348.90
30.04.21 10:41:59,347.65,347.65,344.90,347.00,900,32925,359.69,347.50,349.35
30.04.21 10:42:59,354.85,362.10,354.85,362.10,600,32925,359.68,359.75,362.25
30.04.21 10:43:59,355.80,355.80,355.05,355.05,150,32925,359.66,355.05,357.25
30.04.21 10:44:59,357.05,358.50,356.65,356.65,300,32925,359.65,350.45,352.20
30.04.21 10:46:59,354.00,356.45,354.00,356.45,300,31950,359.62,354.70,356.80
30.04.21 10:47:59,360.00,360.00,358.45,358.45,150,31950,359.62,356.45,357.95
30.04.21 10:49:59,356.30,356.30,353.70,353.70,150,32025,359.60,352.20,354.10
30.04.21 10:50:59,353.70,353.70,353.70,353.70,75,32025,359.59,353.35,355.00
30.04.21 10:51:59,358.05,358.05,356.30,356.30,150,32025,359.59,355.85,357.45
30.04.21 10:52:59,356.30,356.30,356.30,356.30,75,32025,359.58,355.10,356.30
30.04.21 10:53:59,356.00,356.00,356.00,356.00,75,32025,359.58,355.95,357.30
30.04.21 10:54:59,358.10,358.10,358.10,358.10,75,32025,359.57,355.05,357.00
30.04.21 10:55:59,357.05,357.05,353.25,353.25,300,32025,359.55,353.55,355.45
30.04.21 10:57:59,360.00,360.55,360.00,360.55,150,32025,359.55,358.75,360.45
30.04.21 11:00:59,359.55,359.55,357.95,357.95,150,32025,359.55,356.15,357.85
30.04.21 11:01:59,356.75,357.60,354.05,354.05,450,32025,359.50,356.25,358.00
30.04.21 11:02:59,358.00,358.00,358.00,358.00,150,32025,359.50,354.90,356.70
30.04.21 11:03:59,357.05,357.05,357.05,357.05,75,32400,359.50,356.15,357.80
30.04.21 11:06:59,354.45,354.45,351.35,351.35,300,32325,359.46,350.55,353.35
30.04.21 11:07:59,355.00,356.05,355.00,356.05,300,32325,359.43,354.10,356.65
30.04.21 11:08:59,355.05,355.05,355.05,355.05,75,32325,359.43,356.15,358.00
30.04.21 11:09:59,354.05,358.00,354.05,358.00,225,32625,359.42,355.05,357.75
30.04.21 11:15:59,356.80,356.80,356.80,356.80,300,32250,359.39,355.30,357.90
30.04.21 11:16:59,357.15,360.50,357.15,360.50,1425,32250,359.36,358.65,360.20
30.04.21 11:19:59,357.35,357.35,356.30,356.30,150,32175,359.36,352.35,354.80
30.04.21 11:20:59,354.00,354.00,354.00,354.00,75,32175,359.35,353.60,355.80
30.04.21 11:21:59,352.00,352.00,352.00,352.00,75,32250,359.34,351.55,353.40
30.04.21 11:22:59,352.00,352.70,352.00,352.70,150,32250,359.32,353.80,355.55
30.04.21 11:24:59,353.50,353.50,353.50,353.50,150,32400,359.30,352.00,354.15
30.04.21 11:25:59,350.00,350.55,346.30,350.55,450,32400,359.21,348.90,350.85
30.04.21 11:26:59,346.40,346.40,346.40,346.40,75,32400,359.19,347.10,349.15
30.04.21 11:27:59,346.40,350.15,346.40,350.15,150,32400,359.16,347.10,348.95
30.04.21 11:28:59,353.65,353.65,353.65,353.65,75,32400,359.15,348.10,350.10
30.04.21 11:29:59,349.20,349.20,347.45,347.45,150,32400,359.12,348.00,349.70
30.04.21 11:32:59,352.20,352.20,352.20,352.20,75,32325,359.11,350.20,351.75
30.04.21 11:33:59,352.00,352.00,351.80,351.80,150,32400,359.09,350.40,352.25
30.04.21 11:34:59,351.90,351.90,350.60,350.60,150,32400,359.07,347.75,349.50
30.04.21 11:35:59,347.00,347.00,344.30,344.30,225,32400,359.01,347.20,349.35
30.04.21 11:37:59,345.90,345.90,344.15,344.15,375,32550,358.91,344.35,346.20
30.04.21 11:38:59,344.95,344.95,344.95,344.95,150,32550,358.87,344.15,346.00
30.04.21 11:39:59,340.60,341.15,340.60,341.15,525,32250,358.69,340.15,341.95
30.04.21 11:42:59,340.00,341.25,340.00,341.25,225,31950,358.62,341.45,343.15
30.04.21 11:44:59,340.30,340.30,337.20,337.20,225,31950,358.53,337.30,339.60
30.04.21 11:45:59,339.85,339.85,339.15,339.15,150,32250,358.48,340.65,342.90
30.04.21 11:47:59,336.85,337.00,336.85,337.00,225,32250,358.39,337.30,338.90
30.04.21 11:50:59,340.00,340.65,340.00,340.65,375,32325,358.27,338.80,340.20
30.04.21 11:52:59,341.45,341.45,341.45,341.45,525,31650,358.11,340.20,341.70
30.04.21 11:55:59,346.00,350.00,346.00,350.00,375,30975,358.05,347.90,349.80
30.04.21 11:57:59,348.00,349.50,348.00,349.50,150,30975,358.03,346.75,348.55
30.04.21 12:02:59,345.25,345.25,345.25,345.25,75,30975,358.01,344.80,346.60
30.04.21 12:05:59,349.00,349.00,349.00,349.00,75,30975,358.00,348.90,350.75
30.04.21 12:09:59,351.00,351.00,351.00,351.00,75,30750,357.99,347.45,349.40
30.04.21 12:13:59,341.90,341.90,341.90,341.90,75,30825,357.97,344.10,345.85
30.04.21 12:14:59,344.60,344.60,343.00,343.00,225,30825,357.91,342.35,343.65
30.04.21 12:17:59,350.65,350.65,350.35,350.35,375,30975,357.86,348.10,350.20
30.04.21 12:18:59,350.70,351.45,350.70,351.35,525,31350,357.80,349.35,351.05
30.04.21 12:20:59,350.35,350.35,350.35,350.35,75,31350,357.79,349.15,350.95
30.04.21 12:24:59,355.00,357.45,355.00,355.05,225,31800,357.78,353.80,355.25
30.04.21 12:25:59,355.05,355.05,355.05,355.05,75,31800,357.78,351.40,353.00
30.04.21 12:26:59,354.30,354.30,354.30,354.30,150,31800,357.77,352.70,354.15
30.04.21 12:27:59,353.50,355.00,353.50,355.00,150,31950,357.76,354.05,355.25
30.04.21 12:28:59,353.80,353.80,350.75,350.75,300,31950,357.73,350.25,352.10
30.04.21 12:29:59,352.10,352.10,352.10,352.10,75,31950,357.72,350.80,353.00
30.04.21 12:31:59,350.50,350.50,350.50,350.50,75,32025,357.72,350.30,351.70
30.04.21 12:35:59,353.65,353.65,353.65,353.65,75,32025,357.71,351.90,353.90
30.04.21 12:36:59,353.60,355.20,353.00,353.00,525,32325,357.67,351.80,353.55
30.04.21 12:38:59,353.40,353.40,352.30,352.90,225,32325,357.66,350.80,352.85
30.04.21 12:41:59,355.70,355.70,355.70,355.70,75,32625,357.65,354.95,356.45
30.04.21 12:42:59,356.40,356.40,356.40,356.40,75,32625,357.65,357.75,359.35
30.04.21 12:43:59,358.85,358.85,356.20,356.20,150,32700,357.65,354.10,355.65
30.04.21 12:44:59,356.10,356.10,356.10,356.10,75,32700,357.65,355.25,356.95
30.04.21 12:45:59,356.90,356.90,355.30,355.30,525,32925,357.64,356.25,357.90
30.04.21 12:46:59,357.40,357.40,357.40,357.40,75,32925,357.64,354.55,356.75
30.04.21 12:50:59,353.90,353.90,350.35,350.35,300,33300,357.61,350.20,351.65
30.04.21 12:51:59,348.75,348.75,344.00,344.40,975,33225,357.45,345.90,348.05
30.04.21 12:55:59,349.90,349.90,349.90,349.90,150,33150,357.43,349.05,350.20
30.04.21 12:56:59,349.15,352.85,349.15,352.85,525,33150,357.38,350.70,352.35
30.04.21 12:57:59,352.50,352.55,352.05,352.55,825,33300,357.31,352.70,354.50
30.04.21 12:58:59,352.80,352.80,352.80,352.80,150,33300,357.30,352.05,353.20
30.04.21 13:00:59,350.90,350.90,350.90,350.90,75,34050,357.29,346.65,348.45
30.04.21 13:01:59,347.85,347.85,347.85,347.85,75,34050,357.28,347.80,349.25
30.04.21 13:02:59,347.85,347.85,347.00,347.00,525,34050,357.20,348.00,349.90
30.04.21 13:04:59,347.65,347.65,347.65,347.65,150,33675,357.18,346.95,348.65
30.04.21 13:06:59,347.00,347.00,347.00,347.00,75,33675,357.16,340.80,342.00
30.04.21 13:07:59,341.15,342.45,341.15,342.45,450,33675,357.06,341.60,343.10
30.04.21 13:08:59,341.00,341.00,341.00,341.00,150,33675,357.02,340.20,341.55
30.04.21 13:09:59,344.30,344.30,338.70,338.70,225,33825,356.97,337.75,338.55
30.04.21 13:10:59,330.00,330.00,324.35,324.35,1275,33825,356.42,325.55,327.10
30.04.21 13:11:59,329.40,329.40,329.40,329.40,150,33825,356.36,330.20,331.60
30.04.21 13:13:59,332.55,332.55,331.85,331.85,300,33975,356.25,331.00,332.35
30.04.21 13:14:59,331.90,332.45,330.80,330.80,225,33975,356.17,330.70,331.95
30.04.21 13:15:59,331.25,339.00,331.25,339.00,1275,33600,355.75,337.65,339.40
30.04.21 13:17:59,334.30,334.45,333.20,334.45,1650,33600,355.22,332.80,334.35
30.04.21 13:18:59,332.85,332.85,332.10,332.10,150,33600,355.17,332.10,333.50
30.04.21 13:22:59,332.10,332.10,331.80,331.80,150,33150,355.12,330.55,331.90
30.04.21 13:23:59,330.15,330.15,330.15,330.15,75,33150,355.09,328.85,330.00
30.04.21 13:24:59,330.00,330.00,329.80,329.80,150,32400,355.04,328.40,329.65
30.04.21 13:25:59,328.90,329.45,328.75,328.75,225,32400,354.96,331.85,333.00
30.04.21 13:27:59,327.05,327.05,327.05,327.05,75,32325,354.93,327.65,329.05
30.04.21 13:29:59,327.95,327.95,327.10,327.10,225,32325,354.84,327.20,328.70
30.04.21 13:30:59,326.90,326.90,326.90,326.90,75,32250,354.81,327.45,328.85
30.04.21 13:31:59,327.05,327.05,318.75,320.15,300,32250,354.67,318.70,319.85
30.04.21 13:32:59,318.55,318.55,318.55,318.55,75,32250,354.63,320.20,321.55
30.04.21 13:33:59,320.50,320.50,320.50,320.50,75,32100,354.59,319.45,321.30
30.04.21 13:37:59,330.60,330.60,330.60,330.60,300,32100,354.49,328.80,330.15
30.04.21 13:40:59,321.55,323.30,321.55,322.15,225,31950,354.39,319.65,321.35
30.04.21 13:41:59,320.05,320.05,320.05,320.05,75,31950,354.36,320.50,321.75
30.04.21 13:42:59,320.05,320.05,319.00,319.00,300,31950,354.21,320.90,322.30
30.04.21 13:44:59,313.75,313.75,309.70,313.35,2025,31950,353.10,312.80,314.15
30.04.21 13:45:59,312.65,313.00,302.75,305.25,825,31875,352.61,304.85,306.10
30.04.21 13:46:59,300.00,302.70,299.00,302.70,375,31875,352.35,304.75,306.00
30.04.21 13:47:59,303.85,303.95,300.00,303.95,300,31875,352.15,306.50,307.75
30.04.21 13:48:59,308.10,310.00,308.10,309.50,600,31950,351.82,309.55,310.90
30.04.21 13:49:59,309.00,310.35,306.50,310.35,750,31950,351.39,309.75,311.70
30.04.21 13:50:59,308.05,308.05,308.05,308.05,225,31950,351.27,307.00,308.45
30.04.21 13:51:59,310.45,311.00,309.30,309.30,900,31650,350.79,306.30,307.95
30.04.21 13:52:59,305.25,305.25,305.25,305.25,75,31650,350.75,305.35,306.70
30.04.21 13:53:59,307.00,309.40,307.00,309.40,300,31650,350.59,307.85,309.00
30.04.21 13:54:59,309.35,310.75,309.35,310.75,150,32100,350.51,309.40,310.75
30.04.21 13:56:59,310.70,310.70,310.70,310.70,75,32100,350.47,310.35,311.80
30.04.21 13:57:59,308.45,308.45,308.45,308.45,75,32100,350.43,308.75,310.20
30.04.21 13:58:59,313.70,313.70,313.70,313.70,75,32100,350.40,311.65,313.20
30.04.21 14:00:59,312.60,312.60,312.60,312.60,75,32100,350.36,303.55,305.05
30.04.21 14:01:59,303.65,303.65,303.65,303.65,75,32250,350.32,298.70,299.90
30.04.21 14:02:59,299.50,299.50,293.55,298.70,525,32250,349.96,297.25,298.35
30.04.21 14:03:59,295.95,295.95,288.90,288.90,750,31950,349.43,293.35,294.55
30.04.21 14:04:59,289.60,289.60,289.60,289.60,150,31950,349.32,289.35,290.85
30.04.21 14:06:59,287.50,287.50,287.50,287.50,150,31875,349.21,285.75,287.30
30.04.21 14:07:59,288.55,288.55,288.15,288.15,150,31875,349.09,288.40,290.25
30.04.21 14:09:59,291.45,291.45,288.70,288.70,375,31950,348.83,289.40,290.85
30.04.21 14:10:59,292.35,292.35,292.35,292.35,75,31950,348.77,291.15,292.45
30.04.21 14:11:59,292.35,292.35,292.35,292.35,75,31950,348.72,292.00,293.25
30.04.21 14:12:59,293.20,293.20,293.20,293.20,75,31950,348.67,295.20,296.45
30.04.21 14:15:59,293.20,293.20,287.00,287.00,225,31500,348.51,284.50,285.65
30.04.21 14:16:59,285.90,285.90,285.90,285.90,75,31500,348.46,285.40,286.75
30.04.21 14:17:59,286.20,286.20,286.20,286.20,75,31500,348.40,287.25,288.55
30.04.21 14:18:59,287.25,287.25,287.25,287.25,75,31500,348.34,286.70,287.90
30.04.21 14:19:59,286.20,286.20,286.20,286.20,75,31650,348.29,288.05,290.00
30.04.21 14:20:59,290.00,290.00,290.00,290.00,75,31650,348.23,288.55,290.05
30.04.21 14:21:59,292.15,292.15,292.15,292.15,75,31650,348.18,290.05,291.40
30.04.21 14:22:59,291.80,291.80,290.00,290.00,750,31800,347.67,291.85,293.35
30.04.21 14:24:59,293.75,293.75,293.75,293.75,225,31800,347.52,293.75,295.35
30.04.21 14:25:59,296.15,296.15,296.15,296.15,225,31725,347.38,295.05,296.25
30.04.21 14:26:59,293.75,293.75,293.75,293.75,75,31725,347.33,295.45,297.15
30.04.21 14:29:59,293.30,293.30,290.40,290.40,300,31875,347.14,291.15,292.70
30.04.21 14:30:59,288.95,288.95,288.95,288.95,75,31875,347.08,289.85,291.95
30.04.21 14:31:59,293.00,297.85,293.00,297.85,150,31425,346.99,296.00,297.15
30.04.21 14:32:59,296.00,296.00,296.00,296.00,225,31425,346.86,296.60,297.80
30.04.21 14:33:59,295.90,295.90,295.90,295.90,75,31800,346.81,294.60,295.85
30.04.21 14:34:59,295.95,295.95,295.40,295.40,150,31800,346.72,297.00,298.20
30.04.21 14:36:59,296.80,296.80,296.80,296.80,75,31800,346.68,297.30,298.75
30.04.21 14:40:59,294.75,294.75,294.75,294.75,75,31275,346.63,296.55,297.90
30.04.21 14:41:59,298.25,298.25,298.25,298.25,375,31275,346.42,302.85,304.20
30.04.21 14:42:59,305.00,305.90,305.00,305.90,450,31275,346.20,303.90,305.45
30.04.21 14:43:59,303.95,303.95,303.95,303.95,75,31350,346.16,299.10,300.65
30.04.21 14:44:59,301.45,301.45,300.15,300.15,225,31350,346.04,300.40,301.75
30.04.21 14:45:59,302.05,302.05,302.05,302.05,75,31425,346.01,300.35,302.00
30.04.21 14:46:59,300.00,300.00,300.00,300.00,225,31425,345.89,300.15,301.65
30.04.21 14:47:59,303.50,303.50,303.50,303.50,75,31425,345.85,298.35,299.95
30.04.21 14:49:59,300.00,300.00,300.00,300.00,75,31500,345.81,296.95,298.90
30.04.21 14:50:59,298.15,298.15,298.15,298.15,75,31500,345.77,293.35,294.95
30.04.21 14:51:59,293.30,293.30,290.10,290.10,900,31125,345.20,288.50,289.45
30.04.21 14:52:59,289.55,289.55,288.95,288.95,675,31125,344.77,287.95,289.20
30.04.21 14:53:59,289.45,289.45,289.45,289.45,75,31125,344.73,290.45,291.90
30.04.21 14:54:59,292.05,292.05,290.10,290.10,1350,32700,343.92,287.15,288.75
30.04.21 14:55:59,287.55,288.75,287.55,288.70,975,32700,343.31,289.40,290.50
30.04.21 14:56:59,289.00,289.00,289.00,289.00,75,32700,343.27,287.00,288.20
30.04.21 14:57:59,286.55,286.70,286.00,286.70,1050,34650,342.62,286.85,288.15
30.04.21 14:58:59,287.30,287.30,287.30,287.30,75,34650,342.57,287.90,289.30
30.04.21 15:00:59,290.10,290.10,286.80,286.80,1200,35250,341.87,286.85,287.25
30.04.21 15:01:59,287.40,290.45,286.05,289.25,1875,35250,340.80,285.35,287.35
30.04.21 15:02:59,285.00,285.00,285.00,285.00,150,35250,340.71,281.05,282.45
30.04.21 15:03:59,281.00,281.00,280.00,280.00,225,37725,340.57,278.05,279.80
30.04.21 15:05:59,280.50,280.50,276.00,276.00,300,37725,340.37,275.65,277.95
30.04.21 15:07:59,278.45,278.45,278.45,278.45,75,37650,340.32,278.05,279.95
30.04.21 15:09:59,276.00,276.00,275.00,275.30,225,37650,340.17,275.20,277.35
30.04.21 15:10:59,276.50,278.95,276.50,278.95,600,37725,339.78,275.55,277.15
30.04.21 15:11:59,276.00,276.00,276.00,276.00,75,37725,339.73,272.65,274.50
30.04.21 15:14:59,276.35,276.35,276.35,276.35,75,37575,339.68,276.05,277.90
30.04.21 15:15:59,277.90,277.90,276.00,276.40,450,35250,339.39,274.45,275.90
30.04.21 15:16:59,274.20,274.20,274.20,274.20,75,35250,339.34,271.40,273.40
30.04.21 15:17:59,274.85,276.45,274.85,276.45,150,35250,339.24,274.05,275.45
30.04.21 15:18:59,275.00,275.00,275.00,275.00,525,35250,338.89,273.55,274.95
30.04.21 15:19:59,276.85,276.85,276.85,276.85,75,35475,338.84,275.70,276.90
30.04.21 15:20:59,276.90,276.90,273.60,273.60,600,35475,338.45,272.05,273.00
30.04.21 15:21:59,271.35,271.35,271.35,271.35,150,35250,338.35,271.25,272.00
30.04.21 15:22:59,272.00,275.65,272.00,275.65,300,35250,338.15,273.45,275.45
30.04.21 15:23:59,276.10,277.10,273.90,276.40,1500,35250,337.22,274.55,275.30
30.04.21 15:24:59,274.70,275.20,272.70,272.70,600,36375,336.84,272.00,273.45
30.04.21 15:25:59,273.35,274.80,273.35,274.80,300,36375,336.66,275.35,276.60
30.04.21 15:26:59,274.75,274.75,271.30,271.30,150,36375,336.56,270.90,273.10
30.04.21 15:27:59,272.00,272.45,272.00,272.45,225,36675,336.42,272.55,274.55
30.04.21 15:28:59,273.70,273.70,273.50,273.50,525,36675,336.10,272.20,273.80
30.04.21 15:30:00,272.40,272.40,269.10,269.10,150,36675,336.00,256.60,277.00
03.05.21 09:15:59,204.80,207.55,190.70,190.70,450,36375,198.75,198.55,201.00
03.05.21 09:16:59,198.10,198.10,193.30,193.30,600,36375,197.03,192.00,192.95
03.05.21 09:17:59,190.85,190.85,183.95,185.40,2175,36600,189.66,185.95,186.70
03.05.21 09:18:59,187.00,190.85,187.00,190.85,975,36600,189.51,190.55,192.20
03.05.21 09:19:59,192.95,196.15,189.95,196.15,1125,36600,190.24,195.05,197.05
03.05.21 09:20:59,191.15,191.15,191.15,191.15,75,35925,190.26,188.20,189.25
03.05.21 09:21:59,188.80,188.80,188.80,188.80,75,35925,190.24,193.85,194.75
03.05.21 09:22:59,196.00,200.00,196.00,199.05,1425,35925,192.08,199.05,200.10
03.05.21 09:23:59,199.20,204.75,199.20,204.70,750,36000,193.14,204.75,205.80
03.05.21 09:24:59,204.00,204.00,200.80,202.20,1575,36000,194.74,208.45,209.45
03.05.21 09:25:59,207.50,207.50,203.90,204.05,375,36000,195.16,207.50,208.40
03.05.21 09:26:59,207.10,207.10,207.10,207.10,150,36600,195.35,207.20,208.35
03.05.21 09:27:59,206.70,214.30,206.70,214.30,225,36600,195.69,212.75,214.10
03.05.21 09:28:59,212.75,212.75,212.75,212.75,75,0,195.82,213.75,215.15
03.05.21 09:29:59,212.35,217.85,212.35,217.85,450,36825,196.60,215.50,216.90
03.05.21 09:30:59,217.85,217.85,217.85,217.85,75,36825,196.75,215.20,216.60
03.05.21 09:31:59,212.95,213.35,212.40,212.40,225,36825,197.08,210.60,211.85
03.05.21 09:32:59,207.70,207.70,207.70,207.70,225,36600,197.30,209.55,211.00
03.05.21 09:33:59,211.55,211.55,209.75,209.75,525,36600,197.93,207.50,208.80
03.05.21 09:35:59,206.45,206.45,205.00,205.00,150,36750,198.03,202.30,203.55
03.05.21 09:36:59,209.40,209.40,209.40,209.40,300,36750,198.31,208.30,209.20
03.05.21 09:37:59,211.55,211.55,211.55,211.55,75,36750,198.39,211.85,212.95
03.05.21 09:41:59,215.10,215.10,215.10,215.10,150,36675,198.59,216.40,217.45
03.05.21 09:42:59,218.90,220.90,218.35,218.35,1200,36675,200.39,220.45,221.70
03.05.21 09:43:59,220.85,220.85,217.10,217.10,1575,36675,202.40,217.55,218.60
03.05.21 09:44:59,218.70,218.70,218.15,218.15,150,36975,202.56,217.90,218.90
03.05.21 09:45:59,218.40,218.40,218.40,218.40,75,36975,202.64,217.65,218.75
03.05.21 09:46:59,217.00,217.00,216.85,216.85,150,36975,202.78,216.50,217.75
03.05.21 09:47:59,216.00,216.00,216.00,216.00,75,36900,202.84,215.60,216.45
03.05.21 09:48:59,215.20,226.45,215.20,226.45,1425,36900,204.39,225.45,229.35
03.05.21 09:49:59,225.40,225.40,221.80,221.80,300,36900,204.72,222.60,223.60
03.05.21 09:52:59,220.05,221.25,220.05,221.25,450,37350,205.13,220.20,221.55
03.05.21 09:53:59,219.65,221.20,218.00,218.00,300,37650,205.37,219.40,220.05
03.05.21 09:54:59,223.25,223.25,223.25,223.25,300,37650,205.66,220.40,221.30
03.05.21 09:55:59,214.65,216.15,214.65,216.15,975,37650,206.14,215.50,216.65
03.05.21 10:00:59,220.35,220.35,220.35,220.35,75,37650,206.19,221.30,222.00
03.05.21 10:01:59,222.45,222.45,222.45,222.45,75,37650,206.26,222.05,222.95
03.05.21 10:02:59,221.70,221.70,221.70,221.70,75,37650,206.32,220.30,221.25
03.05.21 10:04:59,218.50,218.60,216.75,216.75,225,37650,206.45,216.70,218.05
03.05.21 10:06:59,221.20,221.20,221.20,221.20,75,37650,206.51,220.80,221.65
03.05.21 10:07:59,218.85,218.85,218.85,218.85,75,37650,206.55,217.70,218.75
03.05.21 10:08:59,217.05,217.05,212.60,212.60,225,37800,206.65,213.40,214.10
03.05.21 10:09:59,214.60,215.15,214.60,215.00,225,37800,206.74,214.20,214.90
03.05.21 10:12:59,216.85,216.85,216.85,216.85,75,38025,206.78,215.85,216.95
03.05.21 10:13:59,218.00,218.00,218.00,218.00,75,38025,206.82,217.30,218.45
03.05.21 10:15:59,218.65,218.65,217.95,217.95,225,38175,206.95,216.85,217.40
03.05.21 10:16:59,217.40,220.75,217.40,220.35,900,38175,207.47,220.30,221.40
03.05.21 10:18:59,218.00,218.00,218.00,218.00,300,38250,207.62,215.35,216.65
03.05.21 10:20:59,209.40,209.40,209.00,209.30,600,38550,207.66,209.85,210.80
03.05.21 10:21:59,210.15,210.15,209.25,209.25,375,38550,207.69,211.10,212.30
03.05.21 10:23:59,214.25,214.25,214.25,214.25,75,38625,207.71,211.70,212.95
03.05.21 10:25:59,208.00,208.00,208.00,208.00,75,38625,207.71,208.05,208.90
03.05.21 10:27:59,213.00,213.00,213.00,213.00,75,38775,207.73,209.70,210.75
03.05.21 10:30:59,212.55,212.55,212.55,212.55,150,38775,207.76,210.20,211.80
03.05.21 10:31:59,209.50,209.50,209.50,209.50,75,38775,207.77,209.65,210.75
03.05.21 10:38:59,220.45,220.45,220.45,220.45,75,38700,207.81,217.45,218.40
03.05.21 10:39:59,220.70,227.00,220.70,227.00,600,38700,208.23,226.10,226.90
03.05.21 10:40:59,229.90,229.90,229.90,229.90,225,38700,208.43,229.15,230.05
03.05.21 10:41:59,229.35,229.35,227.90,227.90,225,38700,208.62,226.95,228.35
03.05.21 10:42:59,227.80,227.80,227.60,227.60,150,39450,208.73,226.55,227.50
03.05.21 10:43:59,226.55,227.00,226.55,227.00,150,39450,208.84,227.70,228.65
03.05.21 10:45:59,233.35,233.60,233.25,233.60,300,39450,209.14,232.35,233.75
03.05.21 10:46:59,231.95,231.95,231.95,231.95,75,39450,209.21,231.15,233.90
03.05.21 10:48:59,231.95,231.95,231.95,231.95,75,39600,209.28,231.00,232.55
03.05.21 10:50:59,226.45,226.45,226.45,226.45,150,39600,209.38,226.15,227.65
03.05.21 10:51:59,228.20,228.20,226.45,226.45,300,39525,209.59,225.75,226.85
03.05.21 10:52:59,225.70,225.70,225.00,225.00,150,39525,209.68,223.85,225.00
03.05.21 10:53:59,224.10,224.10,224.10,224.10,75,39600,209.72,224.05,224.45
03.05.21 10:54:59,224.05,225.85,224.05,225.85,150,39600,209.81,225.05,226.00
03.05.21 10:55:59,224.10,224.10,223.45,223.45,150,39600,209.89,221.35,222.40
03.05.21 11:01:59,215.70,216.05,215.70,216.05,300,39525,209.96,211.35,212.65
03.05.21 11:02:59,211.00,211.60,211.00,211.60,225,39525,209.97,213.60,214.60
03.05.21 11:05:59,216.40,216.40,214.00,214.00,300,39825,210.03,215.95,217.05
03.05.21 11:06:59,215.95,215.95,215.95,215.95,75,39975,210.05,215.20,216.20
03.05.21 11:07:59,219.65,219.65,218.20,218.20,150,39975,210.10,217.70,218.60
03.05.21 11:10:59,219.05,219.05,219.05,219.05,75,39975,210.12,219.15,220.00
03.05.21 11:11:59,218.20,218.20,218.20,218.20,75,39975,210.14,215.85,217.05
03.05.21 11:12:59,215.30,215.30,215.30,215.30,75,40125,210.16,214.75,215.60
03.05.21 11:14:59,218.40,219.05,218.40,219.05,300,40200,210.25,217.00,218.30
03.05.21 11:16:59,216.60,217.55,216.60,217.55,600,40200,210.40,219.00,220.00
03.05.21 11:17:59,220.00,220.00,218.45,218.45,300,40200,210.49,219.35,220.70
03.05.21 11:29:59,218.35,218.35,218.35,218.35,75,40275,210.51,218.45,219.80
03.05.21 11:30:59,212.75,212.75,212.75,212.75,75,40275,210.51,214.20,215.40
03.05.21 11:36:59,214.50,214.50,214.50,214.50,375,40350,210.57,216.10,217.25
03.05.21 11:39:59,216.15,216.15,216.15,216.15,75,40725,210.58,215.90,216.95
03.05.21 11:40:59,218.25,218.25,218.25,218.25,300,40725,210.66,213.30,214.45
03.05.21 11:46:59,210.00,210.00,207.00,207.00,225,41025,210.65,207.90,209.15
03.05.21 11:51:59,214.95,214.95,214.15,214.15,450,41175,210.71,214.30,215.05
03.05.21 11:54:59,214.80,214.80,214.80,214.80,75,41400,210.72,216.40,217.10
03.05.21 11:55:59,217.00,217.00,217.00,217.00,75,41400,210.73,217.55,218.40
03.05.21 11:56:59,217.70,217.70,217.70,217.70,525,41400,210.85,217.00,218.20
03.05.21 11:58:59,218.25,221.00,218.25,221.00,150,41850,210.89,218.80,220.15
03.05.21 12:00:59,221.00,221.00,221.00,221.00,225,41925,210.97,218.90,220.15
03.05.21 12:02:59,223.00,223.35,221.50,221.50,825,42150,211.26,220.60,221.95
03.05.21 12:03:59,221.95,221.95,220.00,220.90,975,42150,211.55,220.35,221.30
03.05.21 12:04:59,220.95,220.95,220.45,220.45,375,42150,211.65,217.10,218.40
03.05.21 12:05:59,217.75,217.75,217.75,217.75,75,42150,211.67,217.10,218.30
03.05.21 12:07:59,218.65,218.65,218.65,218.65,75,43800,211.68,218.20,219.40
03.05.21 12:08:59,218.35,218.35,218.35,218.35,75,43800,211.70,218.30,219.05
03.05.21 12:11:59,222.70,223.95,222.70,223.95,300,43875,211.80,223.15,223.90
03.05.21 12:12:59,222.60,222.60,222.60,222.60,75,44100,211.83,220.70,221.40
03.05.21 12:16:59,223.45,224.00,222.95,223.50,750,44100,212.08,223.65,224.95
03.05.21 12:17:59,223.25,223.25,222.80,223.00,375,44100,212.20,222.25,223.45
03.05.21 12:18:59,222.50,222.50,222.50,222.50,150,44475,212.24,219.20,220.35
03.05.21 12:19:59,219.75,221.40,219.40,220.50,675,44475,212.39,220.45,221.05
03.05.21 12:20:59,220.50,220.50,220.50,220.50,75,44475,212.41,220.55,221.50
03.05.21 12:25:59,216.00,216.00,214.65,214.65,150,45300,212.42,214.75,215.50
03.05.21 12:27:59,218.30,218.30,218.00,218.00,225,45375,212.46,216.80,217.70
03.05.21 12:28:59,218.00,218.00,218.00,218.00,750,45375,212.57,216.95,218.00
03.05.21 12:29:59,216.75,216.75,216.75,216.75,750,45375,212.65,216.85,217.75
03.05.21 12:31:59,220.85,220.85,220.85,220.85,75,45525,212.67,219.15,220.20
03.05.21 12:34:59,220.20,220.20,220.10,220.10,375,45600,212.74,219.40,220.35
03.05.21 12:35:59,220.40,220.40,220.40,220.40,75,45600,212.76,216.60,217.85
03.05.21 12:40:59,212.30,212.30,212.30,212.30,300,45975,212.75,211.60,212.45
03.05.21 12:41:59,213.40,213.40,213.40,213.40,75,45975,212.75,211.55,212.50
03.05.21 12:42:59,211.85,211.85,211.85,211.85,150,45975,212.75,214.20,215.00
03.05.21 12:45:59,216.30,216.30,216.30,216.30,75,46050,212.76,217.25,218.15
03.05.21 12:46:59,219.15,219.15,219.15,219.15,150,46050,212.78,217.65,218.80
03.05.21 12:47:59,218.40,218.40,218.40,218.40,75,46050,212.79,215.00,216.25
03.05.21 12:55:59,225.05,225.90,224.30,224.30,375,46200,212.91,223.05,224.25
03.05.21 13:00:59,228.00,230.65,228.00,230.65,225,46200,213.00,227.55,228.60
03.05.21 13:02:59,225.95,225.95,225.95,225.95,75,46200,213.03,225.30,226.25
03.05.21 13:03:59,224.15,224.15,224.15,224.15,75,46275,213.05,223.00,224.30
03.05.21 13:04:59,224.15,224.15,224.00,224.00,225,46275,213.11,222.80,224.25
03.05.21 13:07:59,225.30,225.30,224.60,224.60,300,46425,213.20,224.20,224.90
03.05.21 13:09:59,225.05,225.05,225.05,225.05,75,46575,213.22,224.15,225.10
03.05.21 13:11:59,227.20,227.20,226.50,226.50,300,46575,213.32,225.85,226.75
03.05.21 13:13:59,226.65,226.65,226.65,226.65,150,46950,213.37,226.95,228.05
03.05.21 13:14:59,231.70,234.55,231.70,234.55,750,46950,213.71,232.80,234.20
03.05.21 13:15:59,234.95,239.45,234.95,236.30,2775,48075,215.18,235.25,236.30
03.05.21 13:16:59,235.75,235.75,234.60,234.60,375,48075,215.35,231.65,232.75
03.05.21 13:17:59,230.85,230.85,230.85,230.85,75,48075,215.37,229.65,230.50
03.05.21 13:18:59,230.05,230.05,227.55,227.55,450,50250,215.50,227.35,228.35
03.05.21 13:19:59,228.95,228.95,227.00,227.00,300,50250,215.58,223.30,224.50
03.05.21 13:20:59,224.40,224.40,220.00,220.00,1500,50250,215.81,219.60,220.50
03.05.21 13:21:59,219.35,219.50,215.15,215.15,450,51825,215.84,210.30,211.55
03.05.21 13:22:59,212.30,217.15,212.30,217.15,375,51825,215.84,214.45,215.50
03.05.21 13:23:59,217.10,217.10,217.10,217.10,75,51825,215.84,216.05,217.05
03.05.21 13:24:59,221.05,221.05,221.05,221.05,75,52200,215.85,219.55,220.70
03.05.21 13:25:59,220.35,220.35,220.35,220.35,450,52200,215.89,219.90,220.95
03.05.21 13:26:59,221.65,222.40,221.65,222.40,450,52200,215.95,221.20,222.15
03.05.21 13:27:59,220.00,221.50,220.00,221.50,600,53100,216.01,221.30,222.50
03.05.21 13:28:59,221.50,221.50,221.50,221.50,75,53100,216.01,221.50,222.55
03.05.21 13:29:59,218.30,218.30,218.30,218.30,300,53100,216.03,217.25,218.15
03.05.21 13:31:59,216.10,216.10,216.10,216.10,75,53925,216.03,215.05,215.75
03.05.21 13:32:59,217.25,218.70,217.25,218.70,225,53925,216.04,218.90,219.80
03.05.21 13:33:59,219.05,219.05,219.05,219.05,75,54150,216.04,218.10,219.05
03.05.21 13:37:59,217.85,219.90,217.85,219.90,150,54225,216.05,218.95,220.10
03.05.21 13:47:59,217.15,217.15,216.55,216.55,150,54375,216.05,216.25,217.40
03.05.21 13:53:59,223.25,224.60,223.25,224.60,225,54450,216.09,220.95,222.25
03.05.21 13:54:59,223.00,223.00,223.00,223.00,75,54600,216.10,223.20,223.95
03.05.21 13:55:59,223.60,223.60,223.60,223.60,75,54600,216.11,223.80,225.30
03.05.21 13:56:59,225.25,225.25,225.25,225.25,225,54600,216.15,222.75,224.35
03.05.21 14:04:59,225.00,225.00,225.00,225.00,75,54900,216.16,224.80,226.05
03.05.21 14:05:59,225.00,225.00,225.00,225.00,75,54900,216.18,224.20,225.50
03.05.21 14:08:59,223.95,223.95,223.95,223.95,75,54975,216.19,222.30,223.60
03.05.21 14:09:59,223.20,223.20,223.20,223.20,75,55050,216.20,222.10,223.10
03.05.21 14:15:59,221.20,231.45,221.20,231.45,1050,55125,216.42,229.50,234.35
03.05.21 14:16:59,228.25,228.25,228.15,228.15,300,55125,216.48,226.30,227.30
03.05.21 14:20:59,228.35,228.35,228.35,228.35,150,56100,216.52,227.85,228.90
03.05.21 14:21:59,232.60,233.20,232.60,232.75,675,56250,216.72,230.40,231.45
03.05.21 14:22:59,232.35,232.35,232.35,232.35,75,56250,216.75,232.60,233.75
03.05.21 14:25:59,235.00,235.00,235.00,235.00,75,56850,216.77,233.75,234.75
03.05.21 14:26:59,232.00,232.00,232.00,232.00,150,56850,216.81,234.45,235.40
03.05.21 14:27:59,237.10,242.10,237.10,242.10,600,56850,217.07,241.25,242.35
03.05.21 14:29:59,242.10,242.10,242.10,242.10,75,57225,217.10,243.50,244.70
03.05.21 14:30:59,248.75,256.30,248.75,256.30,675,57375,217.54,256.15,257.50
03.05.21 14:31:59,258.00,260.60,258.00,258.85,600,57375,217.98,257.80,258.95
03.05.21 14:32:59,261.50,261.50,258.25,260.25,825,57375,218.60,261.65,262.80
03.05.21 14:33:59,266.10,271.95,265.65,271.95,450,57750,218.99,268.70,270.25
03.05.21 14:34:59,265.25,265.25,265.25,265.25,225,57750,219.18,268.70,269.90
03.05.21 14:35:59,271.95,271.95,265.05,265.05,225,57750,219.36,264.15,265.30
03.05.21 14:36:59,264.00,264.00,264.00,264.00,75,57900,219.42,263.65,264.50
03.05.21 14:37:59,274.70,274.70,274.70,274.70,75,57900,219.49,272.70,274.00
03.05.21 14:38:59,273.10,273.10,271.00,271.00,225,57900,219.70,268.80,270.45
03.05.21 14:41:59,267.00,267.00,267.00,267.00,75,58050,219.76,267.80,269.00
03.05.21 14:45:59,275.00,275.00,275.00,275.00,75,58125,219.83,274.65,275.90
03.05.21 14:47:59,274.00,274.00,274.00,274.00,75,58050,219.90,273.60,274.55
03.05.21 14:48:59,273.00,273.00,273.00,273.00,150,58125,220.04,271.55,272.50
03.05.21 14:49:59,273.00,273.00,272.70,272.70,150,58125,220.17,269.15,270.00
03.05.21 14:50:59,275.00,275.00,275.00,275.00,75,58125,220.24,274.05,275.35
03.05.21 14:52:59,276.00,276.00,273.00,273.00,300,58200,220.52,273.40,274.50
03.05.21 14:53:59,273.35,273.35,273.35,273.35,75,58200,220.59,270.70,272.00
03.05.21 14:54:59,272.00,272.00,267.55,269.95,300,58200,220.83,270.10,271.50
03.05.21 14:55:59,271.80,271.80,271.80,271.80,150,58200,220.96,271.75,272.95
03.05.21 14:59:59,266.80,266.80,266.80,266.80,150,58350,221.08,264.65,265.80
03.05.21 15:00:59,260.80,260.80,260.80,260.80,375,58350,221.33,258.50,260.30
03.05.21 15:01:59,254.50,254.50,249.35,251.15,1125,58800,221.88,251.65,253.45
03.05.21 15:05:59,262.00,262.00,259.00,259.00,225,59400,222.02,258.00,259.05
03.05.21 15:06:59,258.00,263.50,258.00,263.50,225,59625,222.17,262.35,263.70
03.05.21 15:09:59,262.00,262.00,262.00,262.00,75,59700,222.21,262.25,263.65
03.05.21 15:11:59,252.65,252.65,252.65,252.65,75,59700,222.25,252.25,253.95
03.05.21 15:12:59,254.95,254.95,254.95,254.95,75,59700,222.29,253.20,254.00
03.05.21 15:13:59,254.20,255.90,254.20,255.70,375,59850,222.49,255.30,256.40
03.05.21 15:15:59,252.75,252.75,252.75,252.75,75,59850,222.52,250.25,251.45
03.05.21 15:16:59,252.75,252.75,252.20,252.20,900,60225,222.95,251.20,252.65
03.05.21 15:18:59,249.85,252.00,249.85,252.00,225,60825,223.04,251.25,253.00
03.05.21 15:20:59,255.00,255.00,255.00,255.00,150,60825,223.12,253.15,254.15
03.05.21 15:23:59,251.60,252.00,251.60,252.00,300,60825,223.25,252.05,253.05
03.05.21 15:24:59,251.45,252.00,251.35,252.00,600,60825,223.51,251.70,253.30
03.05.21 15:25:59,253.35,255.00,253.35,255.00,150,61050,223.59,254.65,256.30
03.05.21 15:27:59,255.60,255.60,255.60,255.60,75,61050,223.62,257.15,259.40
04.05.21 09:15:59,280.95,280.95,268.05,272.05,975,61200,273.84,271.55,274.20
04.05.21 09:16:59,274.25,277.40,274.25,277.40,2775,61200,275.94,277.30,278.25
04.05.21 09:17:59,277.45,277.45,272.95,272.95,600,63675,275.88,270.30,272.40
04.05.21 09:18:59,273.15,273.15,269.45,269.45,750,63675,275.24,273.75,275.45
04.05.21 09:19:59,275.45,275.45,269.45,269.70,1050,63675,274.46,270.85,271.80
04.05.21 09:20:59,273.75,274.35,273.75,274.35,300,62175,274.44,273.30,274.45
04.05.21 09:21:59,273.00,273.00,272.00,272.00,225,62175,274.38,269.00,270.20
04.05.21 09:23:59,261.20,261.20,261.20,261.20,675,62175,273.17,263.35,264.85
04.05.21 09:24:59,263.45,263.45,263.45,263.45,75,62175,273.07,261.50,263.00
04.05.21 09:25:59,260.15,260.15,254.75,254.75,300,62175,272.46,253.65,254.75
04.05.21 09:26:59,252.25,259.45,251.95,256.45,525,62325,271.37,254.95,256.30
04.05.21 09:27:59,262.10,262.10,260.20,260.20,225,62325,271.09,258.30,259.50
04.05.21 09:28:59,257.60,257.60,257.60,257.60,75,62325,270.98,257.30,258.35
04.05.21 09:30:59,255.50,255.50,254.15,254.15,1125,62100,269.06,257.15,258.70
04.05.21 09:31:59,260.35,260.35,260.35,260.35,75,62100,268.99,258.50,259.60
04.05.21 09:32:59,261.00,261.00,261.00,261.00,75,62100,268.93,259.90,260.95
04.05.21 09:35:59,261.00,261.00,259.80,259.80,150,62100,268.80,260.95,262.15
04.05.21 09:36:59,261.10,261.40,261.10,261.40,150,62100,268.69,261.40,262.55
04.05.21 09:37:59,262.55,262.55,255.95,255.95,600,62100,268.10,254.80,256.00
04.05.21 09:38:59,252.95,256.85,252.95,256.85,225,62100,267.82,254.70,255.95
04.05.21 09:41:59,252.50,252.50,252.50,252.50,75,62100,267.71,248.95,250.10
04.05.21 09:42:59,239.30,242.70,239.30,242.70,300,62100,267.01,241.80,242.90
04.05.21 09:43:59,239.10,241.65,239.10,240.80,375,62100,266.17,239.85,241.35
04.05.21 09:44:59,240.80,240.80,235.00,235.00,450,62100,265.12,236.15,237.45
04.05.21 09:45:59,230.00,230.50,226.10,226.75,2325,62100,259.13,226.15,227.65
04.05.21 09:46:59,222.30,222.30,220.80,220.90,600,62100,257.63,226.85,227.45
04.05.21 09:47:59,226.60,232.80,226.60,232.80,525,62100,256.70,230.95,232.20
04.05.21 09:48:59,230.55,230.95,230.00,230.95,375,62100,256.09,232.45,233.45
04.05.21 09:49:59,231.75,231.75,231.75,231.75,75,62100,255.98,233.65,234.50
04.05.21 09:50:59,237.95,240.70,237.95,240.50,375,62100,255.61,237.60,239.10
04.05.21 09:51:59,238.95,238.95,238.75,238.75,225,62100,255.39,237.60,238.95
04.05.21 09:54:59,235.30,235.30,233.00,233.00,225,62100,255.11,234.75,236.25
04.05.21 09:55:59,236.50,237.15,236.50,237.15,150,62100,254.94,236.10,237.40
04.05.21 09:57:59,245.50,245.50,245.50,245.50,225,62100,254.82,243.00,244.15
04.05.21 09:59:59,245.00,245.00,245.00,245.00,75,62100,254.78,246.95,248.10
04.05.21 10:00:59,250.00,250.00,250.00,250.00,75,62100,254.76,249.05,250.35
04.05.21 10:01:59,248.50,248.50,248.50,248.50,75,62100,254.73,247.00,248.25
04.05.21 10:03:59,251.55,251.55,251.55,251.55,75,62100,254.72,250.40,251.95
04.05.21 10:04:59,249.60,252.45,249.60,252.45,150,62100,254.69,251.30,252.45
04.05.21 10:05:59,251.40,251.40,248.00,248.10,225,62100,254.62,249.50,251.15
04.05.21 10:06:59,253.40,253.40,250.65,250.65,525,62100,254.56,250.05,251.40
04.05.21 10:07:59,248.10,248.10,248.10,248.10,75,62100,254.53,247.85,249.25
04.05.21 10:08:59,248.05,248.05,248.05,248.05,75,62100,254.51,247.30,248.35
04.05.21 10:09:59,250.00,250.00,249.95,249.95,300,62100,254.44,249.30,250.45
04.05.21 10:14:59,243.25,243.25,243.25,243.25,75,62100,254.39,244.05,245.20
04.05.21 10:15:59,238.25,238.25,238.25,238.25,150,62100,254.27,242.65,243.60
04.05.21 10:17:59,246.60,246.60,246.60,246.60,75,62100,254.24,245.50,246.65
04.05.21 10:18:59,244.10,244.10,244.10,244.10,75,62100,254.20,243.55,244.95
04.05.21 10:19:59,243.05,243.05,243.05,243.05,375,62100,253.98,243.70,245.15
04.05.21 10:22:59,247.20,247.20,247.20,247.20,600,62100,253.78,246.55,247.55
04.05.21 10:23:59,247.35,247.35,244.85,244.85,150,63450,253.72,244.50,245.55
04.05.21 10:24:59,244.40,244.40,244.40,244.40,75,63450,253.69,241.35,242.35
04.05.21 10:25:59,241.00,241.00,241.00,241.00,375,63450,253.46,241.60,242.70
04.05.21 10:28:59,244.50,244.50,244.50,244.50,150,63450,253.39,242.25,243.45
04.05.21 10:33:59,249.25,249.25,249.25,249.25,150,63450,253.36,246.60,247.65
04.05.21 10:35:59,249.10,249.70,249.10,249.70,150,63450,253.34,250.05,250.95
04.05.21 10:36:59,251.15,251.15,251.15,251.15,75,63450,253.33,249.00,250.00
04.05.21 10:38:59,249.50,249.50,249.50,249.50,75,63450,253.32,250.10,251.00
04.05.21 10:40:59,246.50,246.50,246.50,246.50,75,62700,253.29,246.80,247.75
04.05.21 10:44:59,246.50,246.50,246.50,246.50,300,62700,253.20,245.05,246.15
04.05.21 10:47:59,244.45,244.45,244.45,244.45,75,64575,253.17,244.60,245.95
04.05.21 10:50:59,247.00,247.00,247.00,247.00,75,64650,253.15,246.85,248.40
04.05.21 10:51:59,245.60,245.60,245.60,245.60,75,64650,253.12,247.00,248.70
04.05.21 10:54:59,244.50,244.50,244.50,244.50,375,64800,252.98,241.90,243.25
04.05.21 10:59:59,247.10,247.10,247.10,247.10,75,65100,252.96,247.10,247.85
04.05.21 11:00:59,247.10,247.10,246.10,246.10,150,65100,252.92,246.15,247.25
04.05.21 11:02:59,252.00,255.00,252.00,255.00,225,64950,252.93,253.55,254.70
04.05.21 11:07:59,255.50,257.00,255.50,257.00,225,64950,252.96,256.35,257.75
04.05.21 11:10:59,259.90,259.90,259.90,259.90,75,64875,252.98,260.05,261.20
04.05.21 11:11:59,260.00,260.00,258.35,258.35,300,64650,253.06,258.30,259.45
04.05.21 11:15:59,261.00,263.00,261.00,263.00,150,64650,253.12,261.15,262.40
04.05.21 11:16:59,258.90,258.90,258.90,258.90,225,64650,253.17,258.70,260.35
04.05.21 11:17:59,258.35,258.35,258.35,258.35,75,64650,253.19,257.90,259.10
04.05.21 11:21:59,253.75,253.75,253.75,253.75,750,64650,253.21,255.90,257.45
04.05.21 11:25:59,257.15,257.15,257.15,257.15,75,64575,253.22,255.25,256.50
04.05.21 11:26:59,256.55,256.55,256.55,256.55,75,64575,253.23,254.30,255.75
04.05.21 11:28:59,256.20,256.20,256.20,256.20,75,64425,253.24,255.60,256.40
04.05.21 11:29:59,255.60,255.60,255.60,255.60,75,64425,253.25,255.45,256.75
04.05.21 11:35:59,261.00,261.00,261.00,261.00,75,63975,253.27,261.70,262.80
04.05.21 11:36:59,263.65,263.65,263.65,263.65,75,63975,253.30,261.75,262.90
04.05.21 11:38:59,265.50,265.50,264.95,264.95,150,63975,253.37,263.70,264.85
04.05.21 11:39:59,264.95,266.00,264.95,266.00,225,63975,253.48,266.30,267.60
04.05.21 11:40:59,269.95,269.95,269.95,269.95,75,63975,253.53,268.60,269.70
04.05.21 11:43:59,266.95,266.95,265.80,265.80,150,63675,253.60,262.60,263.95
04.05.21 11:44:59,266.85,266.85,266.85,266.85,75,63675,253.64,264.30,265.90
04.05.21 11:47:59,263.75,263.75,263.75,263.75,75,63600,253.67,262.80,264.05
04.05.21 11:50:59,264.85,264.85,264.85,264.85,150,63675,253.73,264.85,266.05
04.05.21 11:51:59,262.45,262.45,262.45,262.45,75,63825,253.76,261.90,263.00
04.05.21 11:55:59,267.00,267.00,267.00,267.00,75,63825,253.80,264.15,265.30
04.05.21 11:56:59,264.60,264.60,263.35,263.35,150,63825,253.86,263.35,264.55
04.05.21 11:59:59,266.60,266.60,264.15,264.15,225,63750,253.95,262.65,263.70
04.05.21 12:06:59,259.30,259.30,248.00,248.00,675,63675,253.97,249.25,250.70
04.05.21 12:07:59,250.50,250.50,250.50,250.50,75,63675,253.96,250.50,251.75
04.05.21 12:11:59,253.35,253.35,253.35,253.35,75,63975,253.95,253.45,254.50
04.05.21 12:15:59,250.25,250.25,250.25,250.25,75,63900,253.94,251.40,252.55
04.05.21 12:17:59,244.20,244.20,244.20,244.20,150,63900,253.89,244.95,246.05
04.05.21 12:18:59,245.05,245.45,242.30,242.30,300,63525,253.78,242.40,243.55
04.05.21 12:19:59,246.00,250.95,246.00,250.95,225,63525,253.74,250.80,251.90
04.05.21 12:20:59,252.10,253.30,252.10,253.30,150,63525,253.73,254.00,254.80
04.05.21 12:21:59,255.20,255.20,253.90,253.90,225,63750,253.74,255.10,256.15
04.05.21 12:25:59,252.95,252.95,252.95,252.95,75,63750,253.73,253.00,254.10
04.05.21 12:27:59,254.85,254.85,254.85,254.85,75,63825,253.74,254.25,255.45
04.05.21 12:29:59,256.65,256.65,256.65,256.65,75,63825,253.74,257.15,258.40
04.05.21 12:30:59,257.95,257.95,257.95,257.95,75,63825,253.76,259.15,260.50
04.05.21 12:33:59,255.50,255.50,255.50,255.50,75,63675,253.76,252.55,253.85
04.05.21 12:34:59,252.35,252.35,252.35,252.35,75,63675,253.76,252.00,252.80
04.05.21 12:35:59,252.00,252.00,250.00,250.00,150,63675,253.74,248.20,249.30
04.05.21 12:40:59,245.00,245.00,245.00,245.00,75,63900,253.72,247.50,248.60
04.05.21 12:42:59,251.30,254.00,251.30,254.00,150,63900,253.71,253.15,254.80
04.05.21 12:43:59,254.10,254.10,254.10,254.10,75,63900,253.71,253.75,255.30
04.05.21 12:44:59,254.60,254.60,254.60,254.60,75,63900,253.72,253.05,254.50
04.05.21 12:46:59,252.80,255.85,252.80,255.85,150,63975,253.72,253.35,254.45
04.05.21 12:54:59,248.75,248.75,248.25,248.25,300,63975,253.67,248.30,249.50
04.05.21 12:57:59,245.00,245.00,245.00,245.00,150,64350,253.62,246.50,248.15
04.05.21 12:58:59,249.40,249.40,249.40,249.40,75,64350,253.61,249.10,250.70
04.05.21 13:00:59,249.40,249.40,249.40,249.40,75,64350,253.60,243.60,245.00
04.05.21 13:01:59,242.00,242.00,239.25,239.25,150,64425,253.54,238.85,239.90
04.05.21 13:02:59,239.50,241.65,239.50,241.65,375,64425,253.39,240.50,241.60
04.05.21 13:04:59,230.50,230.50,225.50,225.50,300,64650,253.15,226.45,227.55
04.05.21 13:05:59,225.00,231.90,223.85,231.90,525,64650,252.72,230.05,231.65
04.05.21 13:06:59,229.85,234.50,229.85,231.90,300,64950,252.52,231.70,232.65
04.05.21 13:07:59,233.85,235.95,233.85,235.95,150,64950,252.44,235.40,236.50
04.05.21 13:10:59,230.00,230.00,230.00,230.00,75,65175,252.39,227.75,228.65
04.05.21 13:11:59,225.25,225.25,222.00,222.00,225,65175,252.19,225.70,226.70
04.05.21 13:12:59,225.40,225.40,225.40,225.40,75,65175,252.13,224.45,225.60
04.05.21 13:13:59,220.00,220.00,220.00,220.00,150,65325,251.99,219.35,220.75
04.05.21 13:14:59,220.35,220.35,217.60,217.60,150,65325,251.83,214.55,215.50
04.05.21 13:15:59,208.80,211.60,208.10,209.85,525,65625,251.17,208.05,208.80
04.05.21 13:16:59,211.20,216.75,211.20,216.75,375,65625,250.76,215.95,216.95
04.05.21 13:17:59,216.75,216.75,216.75,216.75,75,65625,250.69,219.10,220.35
04.05.21 13:18:59,216.50,216.50,215.55,215.55,150,66000,250.53,214.20,215.45
04.05.21 13:19:59,214.30,215.75,214.30,215.75,300,66000,250.22,214.20,215.50
04.05.21 13:20:59,213.10,217.40,211.50,217.30,825,66000,249.42,215.60,216.45
04.05.21 13:21:59,211.40,214.00,211.40,214.00,225,67050,249.18,213.30,214.85
04.05.21 13:22:59,214.10,214.35,212.10,214.35,1200,67050,247.98,215.40,216.75
04.05.21 13:23:59,216.40,216.40,214.30,215.30,375,67050,247.65,214.70,216.05
04.05.21 13:24:59,214.65,216.35,213.75,215.80,825,68775,246.94,214.95,215.50
04.05.21 13:25:59,213.40,218.80,213.40,217.45,1800,68775,245.53,218.35,219.20
04.05.21 13:26:59,218.35,218.35,216.25,216.25,750,68775,245.01,216.00,216.80
04.05.21 13:27:59,215.50,220.45,215.50,220.45,300,69900,244.81,220.55,221.50
04.05.21 13:28:59,220.00,222.95,220.00,222.95,1050,69900,244.23,222.75,223.60
04.05.21 13:29:59,224.25,226.05,220.85,226.05,1425,69900,243.53,225.10,226.50
04.05.21 13:30:59,225.45,225.50,223.95,224.75,450,72225,243.33,219.80,221.10
04.05.21 13:32:59,225.80,225.80,225.80,225.80,225,72225,243.24,228.05,229.30
04.05.21 13:33:59,231.10,231.10,228.40,228.40,225,72450,243.17,228.40,229.45
04.05.21 13:34:59,229.10,229.10,229.10,229.10,75,72450,243.15,225.70,226.95
04.05.21 13:36:59,227.95,227.95,223.10,225.30,225,72375,243.06,224.25,225.45
04.05.21 13:38:59,220.50,220.50,220.50,220.50,75,72375,243.02,222.50,223.90
04.05.21 13:40:59,223.00,223.00,223.00,223.00,75,72300,242.99,221.25,222.55
04.05.21 13:45:59,225.35,225.35,225.35,225.35,75,72300,242.96,224.60,225.95
04.05.21 13:46:59,222.00,222.00,222.00,222.00,75,72300,242.92,222.45,223.90
04.05.21 13:49:59,224.90,224.90,224.90,224.90,150,72375,242.86,225.40,226.75
04.05.21 13:50:59,227.55,230.00,227.55,230.00,225,72375,242.79,230.35,234.75
04.05.21 13:53:59,233.30,233.30,233.30,233.30,75,72375,242.77,234.30,235.00
04.05.21 13:54:59,235.60,235.60,235.25,235.25,300,72375,242.72,232.95,234.60
04.05.21 13:55:59,229.15,229.15,229.15,229.15,75,72450,242.70,228.95,230.50
04.05.21 13:56:59,231.30,231.30,231.30,231.30,150,72450,242.66,232.10,233.75
04.05.21 13:58:59,231.80,232.40,231.80,232.40,225,72150,242.61,231.75,233.40
04.05.21 14:00:59,230.75,230.75,230.75,230.75,75,72150,242.59,235.90,237.25
04.05.21 14:02:59,234.25,234.25,234.25,234.25,75,0,242.58,232.80,234.15
04.05.21 14:04:59,231.45,231.45,230.00,230.00,150,71850,242.54,228.75,230.15
04.05.21 14:05:59,218.35,220.10,218.35,220.10,225,71850,242.42,220.00,221.55
04.05.21 14:09:59,220.55,220.55,220.55,220.55,150,71925,242.35,220.45,221.75
04.05.21 14:11:59,224.90,224.90,224.90,224.90,75,71925,242.33,224.75,225.95
04.05.21 14:13:59,223.95,223.95,223.95,223.95,75,71850,242.30,222.75,224.00
04.05.21 14:19:59,222.00,222.00,222.00,222.00,75,71775,242.26,220.60,221.80
04.05.21 14:27:59,221.40,221.40,221.40,221.40,75,71850,242.23,222.25,223.50
04.05.21 14:31:59,221.00,221.00,209.40,209.40,600,71775,241.86,205.05,210.45
04.05.21 14:32:59,211.45,214.50,211.45,214.50,225,71775,241.72,210.95,211.90
04.05.21 14:33:59,207.40,208.95,204.70,204.70,450,71925,241.40,203.05,204.55
04.05.21 14:34:59,204.55,204.55,202.00,202.00,375,71925,241.10,201.15,202.00
04.05.21 14:35:59,201.00,203.00,200.00,203.00,600,71925,240.61,199.45,200.95
04.05.21 14:36:59,198.40,203.80,198.40,203.80,150,71925,240.49,202.80,204.15
04.05.21 14:37:59,199.05,199.05,199.00,199.05,525,72075,240.05,197.50,198.30
04.05.21 14:38:59,197.45,200.00,197.45,199.80,225,72075,239.87,197.35,198.60
04.05.21 14:40:59,199.30,199.30,199.30,199.30,300,72225,239.62,194.00,195.50
04.05.21 14:41:59,198.00,198.95,198.00,198.95,150,72225,239.50,199.10,200.10
04.05.21 14:43:59,195.00,195.00,193.80,193.80,900,72525,238.70,192.15,193.05
04.05.21 14:44:59,192.50,192.50,192.30,192.30,150,72525,238.57,191.55,192.25
04.05.21 14:45:59,190.00,191.25,190.00,191.25,825,72525,237.82,192.85,194.30
04.05.21 14:46:59,193.65,193.65,193.65,193.65,75,73050,237.76,194.35,195.50
04.05.21 14:47:59,195.10,195.35,194.00,194.00,900,73050,237.02,194.05,195.00
04.05.21 14:48:59,195.10,196.30,193.95,196.30,225,72975,236.84,195.50,196.40
04.05.21 14:49:59,198.10,198.40,197.45,197.45,225,72975,236.68,197.35,198.50
04.05.21 14:51:59,195.55,195.55,193.75,193.75,225,72975,236.50,194.50,195.75
04.05.21 14:53:59,195.95,195.95,193.80,193.80,150,73200,236.39,189.25,190.45
04.05.21 14:54:59,187.85,187.85,187.85,187.85,150,73200,236.25,186.50,187.80
04.05.21 14:55:59,186.00,187.40,185.00,187.40,600,73275,235.70,187.20,188.45
04.05.21 14:56:59,189.50,191.40,189.50,190.80,600,73275,235.21,188.75,190.20
04.05.21 14:57:59,185.35,185.35,185.35,185.35,75,73275,235.14,188.05,189.20
04.05.21 14:58:59,186.40,186.40,183.75,183.75,225,73875,234.94,180.15,181.15
04.05.21 14:59:59,182.60,182.60,182.40,182.45,675,73875,234.31,182.30,183.50
04.05.21 15:00:59,183.75,187.15,183.75,186.40,450,73875,233.93,188.55,189.65
04.05.21 15:01:59,184.70,184.70,184.70,184.70,75,74100,233.86,185.75,186.85
04.05.21 15:02:59,186.90,186.90,186.90,186.90,75,74100,233.80,188.10,189.30
04.05.21 15:03:59,189.85,190.50,189.85,190.50,150,74100,233.68,190.05,191.25
04.05.21 15:05:59,189.75,189.75,186.05,186.05,525,74100,233.26,189.30,190.55
04.05.21 15:07:59,191.20,191.20,190.20,190.20,150,74250,233.15,190.20,191.40
04.05.21 15:09:59,189.90,189.90,189.90,189.90,75,74250,233.09,192.15,193.05
04.05.21 15:11:59,189.15,189.15,189.15,189.15,75,73950,233.03,190.55,191.80
04.05.21 15:12:59,190.75,190.75,190.75,190.75,300,73950,232.81,193.05,194.30
04.05.21 15:14:59,191.10,191.10,191.10,191.10,300,73950,232.60,191.15,192.60
04.05.21 15:15:59,189.80,190.05,189.80,190.05,150,73950,232.49,189.50,190.80
04.05.21 15:16:59,189.15,189.55,189.15,189.55,975,73800,231.79,189.50,190.90
04.05.21 15:19:59,189.90,189.90,189.90,189.90,75,73725,231.73,189.10,190.40
04.05.21 15:22:59,188.75,188.75,188.75,188.75,75,73425,231.68,189.00,189.95
04.05.21 15:23:59,189.15,190.45,188.50,188.50,675,73425,231.21,188.05,189.05
04.05.21 15:24:59,188.20,190.80,188.20,190.80,150,73425,231.11,189.45,190.55
04.05.21 15:25:59,190.80,190.80,190.80,190.80,150,73125,231.01,190.15,191.40
04.05.21 15:28:59,190.30,190.30,190.30,190.30,75,73125,230.96,189.25,191.45
04.05.21 15:30:00,189.25,190.50,184.15,189.10,1125,73125,230.21,169.80,201.85
05.05.21 09:15:59,239.65,239.65,191.80,202.05,750,73125,205.14,200.10,201.65
05.05.21 09:16:59,200.05,202.25,200.05,202.00,1050,73125,202.67,201.70,203.15
05.05.21 09:17:59,202.00,202.00,200.00,200.00,450,72975,202.13,200.30,201.95
05.05.21 09:18:59,202.50,202.50,202.25,202.25,300,72975,202.16,202.30,203.55
05.05.21 09:19:59,201.30,201.30,200.70,201.00,300,72975,202.04,203.90,204.90
05.05.21 09:20:59,206.60,206.60,203.95,204.55,300,73050,202.32,201.60,202.90
05.05.21 09:21:59,202.95,202.95,197.00,199.05,1500,73050,201.29,198.30,199.35
05.05.21 09:22:59,198.00,198.00,196.65,196.65,150,73050,201.16,195.30,196.15
05.05.21 09:23:59,194.05,196.65,193.40,196.65,675,72975,200.31,196.95,197.95
05.05.21 09:24:59,195.50,195.50,195.05,195.05,600,72975,199.82,195.70,196.50
05.05.21 09:25:59,195.70,200.00,195.70,200.00,975,72975,199.69,197.60,199.00
05.05.21 09:26:59,196.45,198.00,196.45,196.90,375,73350,199.57,199.25,200.00
05.05.21 09:28:59,198.00,199.40,198.00,199.40,450,73350,199.53,197.30,198.50
05.05.21 09:30:59,203.05,203.05,203.05,203.05,75,73650,199.57,203.05,204.30
05.05.21 09:31:59,204.30,205.40,204.00,204.00,225,73650,199.70,202.00,203.50
05.05.21 09:34:59,202.15,202.15,201.85,201.85,150,73875,199.75,201.80,203.20
05.05.21 09:36:59,202.80,203.40,201.85,203.40,375,73725,199.87,203.30,204.90
05.05.21 09:37:59,207.10,207.10,207.10,207.10,150,73725,200.00,204.95,206.00
05.05.21 09:38:59,206.50,206.50,206.50,206.50,150,73800,200.10,205.90,207.40
05.05.21 09:39:59,206.90,207.40,206.90,207.40,150,73800,200.22,205.20,206.50
05.05.21 09:40:59,208.00,208.00,208.00,208.00,75,73800,200.28,206.50,207.95
05.05.21 09:42:59,205.70,206.50,205.70,206.50,150,73650,200.38,205.20,206.50
05.05.21 09:44:59,207.15,207.15,207.15,207.15,75,73650,200.43,207.30,208.50
05.05.21 09:45:59,210.05,211.30,210.05,211.30,150,73650,200.59,205.80,206.95
05.05.21 09:46:59,205.00,205.00,201.45,203.50,225,73650,200.65,204.50,205.75
05.05.21 09:48:59,206.05,207.40,206.05,207.40,225,73650,200.79,206.10,207.50
05.05.21 09:54:59,203.20,203.20,203.20,203.20,75,73725,200.81,203.35,204.55
05.05.21 09:57:59,206.10,206.10,206.10,206.10,75,73650,200.85,206.00,207.15
05.05.21 09:58:59,205.00,206.40,205.00,206.40,300,73650,200.98,204.10,205.45
05.05.21 09:59:59,204.90,205.45,203.85,205.45,225,73725,201.06,204.15,205.35
05.05.21 10:00:59,209.05,209.05,206.85,206.85,150,73725,201.15,206.35,207.75
05.05.21 10:01:59,212.00,212.00,212.00,212.00,225,73725,201.35,215.80,217.20
05.05.21 10:02:59,216.90,217.50,216.90,217.50,150,73650,201.57,215.65,217.20
05.05.21 10:03:59,215.55,215.55,215.55,215.55,75,73650,201.66,212.45,213.95
05.05.21 10:04:59,212.00,212.00,186.45,186.45,1650,73650,201.24,183.35,191.00
05.05.21 10:05:59,185.70,199.70,180.05,192.20,3600,73650,199.22,193.05,193.75
05.05.21 10:06:59,192.90,194.10,192.30,192.75,900,73650,198.90,192.15,193.95
05.05.21 10:07:59,192.85,192.90,192.85,192.90,150,73650,198.85,195.35,197.00
05.05.21 10:08:59,197.05,197.05,197.05,197.05,75,73650,198.84,194.25,195.45
05.05.21 10:09:59,196.55,196.55,196.55,196.55,150,73950,198.82,196.80,197.95
05.05.21 10:10:59,206.45,207.00,204.55,204.55,2025,73950,199.56,204.25,205.50
05.05.21 10:12:59,202.15,203.05,200.00,200.00,300,74250,199.58,198.85,200.45
05.05.21 10:17:59,201.65,202.35,201.65,202.35,225,74325,199.61,200.65,202.45
05.05.21 10:18:59,199.65,199.65,199.65,199.65,75,74325,199.61,199.40,200.50
05.05.21 10:19:59,198.50,198.50,198.50,198.50,375,74325,199.59,199.75,201.30
05.05.21 10:24:59,200.50,200.50,200.50,200.50,75,75225,199.59,200.70,202.00
05.05.21 10:25:59,201.00,201.00,200.00,200.00,150,75225,199.60,199.55,201.25
05.05.21 10:28:59,204.95,204.95,204.95,204.95,75,74700,199.62,205.75,207.50
05.05.21 10:30:59,209.45,212.85,209.45,210.80,300,74850,199.78,208.70,210.50
05.05.21 10:31:59,212.75,213.35,212.10,212.70,750,74850,200.23,207.65,209.30
05.05.21 10:35:59,207.85,207.85,207.85,207.85,75,74325,200.26,203.40,205.20
05.05.21 10:38:59,203.70,203.70,203.70,203.70,150,74175,200.28,201.85,203.20
05.05.21 10:39:59,203.55,203.55,203.55,203.55,150,74175,200.30,206.65,208.40
05.05.21 10:40:59,207.55,207.55,207.55,207.55,75,74175,200.32,206.15,207.75
05.05.21 10:41:59,206.70,206.75,206.70,206.75,225,74175,200.39,203.90,205.35
05.05.21 10:45:59,213.40,215.00,213.40,214.60,225,74175,200.52,213.55,214.85
05.05.21 10:46:59,214.55,215.70,214.55,215.70,150,74175,200.62,215.65,217.30
05.05.21 10:47:59,215.65,215.65,211.65,211.65,150,74175,200.70,212.20,213.95
05.05.21 10:48:59,213.00,213.00,213.00,213.00,75,74175,200.74,212.95,214.80
05.05.21 10:49:59,213.25,215.50,213.25,215.50,150,74175,200.83,213.60,214.90
05.05.21 10:50:59,210.80,210.80,209.15,209.15,225,74175,200.91,205.05,206.35
05.05.21 10:51:59,207.20,207.20,207.20,207.20,75,74025,200.93,206.35,207.95
05.05.21 10:52:59,209.00,210.45,209.00,210.45,150,74025,200.98,208.75,210.55
05.05.21 10:54:59,210.20,210.20,210.20,210.20,75,74175,201.01,208.05,209.80
05.05.21 10:56:59,206.00,206.00,206.00,206.00,75,74175,201.03,204.90,206.00
05.05.21 10:57:59,206.00,206.00,206.00,206.00,75,74025,201.04,206.50,208.10
05.05.21 11:02:59,209.35,209.35,209.35,209.35,150,74025,201.09,206.90,208.40
05.05.21 11:04:59,204.55,204.55,204.55,204.55,75,74025,201.10,204.80,206.35
05.05.21 11:05:59,201.30,201.30,201.30,201.30,75,74025,201.11,202.50,204.05
05.05.21 11:06:59,205.10,205.10,205.10,205.10,75,74100,201.12,204.35,206.15
05.05.21 11:10:59,200.70,200.70,200.70,200.70,225,74100,201.11,193.55,197.70
05.05.21 11:11:59,195.90,197.50,195.90,197.50,225,74100,201.07,195.20,196.45
05.05.21 11:12:59,196.00,198.45,196.00,198.45,150,74250,201.05,196.55,198.00
05.05.21 11:15:59,198.50,198.50,198.50,198.50,75,74250,201.04,196.55,197.75
05.05.21 11:18:59,196.00,196.00,191.70,191.70,300,74250,200.97,190.30,191.50
05.05.21 11:19:59,190.40,190.40,188.70,188.70,450,74250,200.78,187.85,188.90
05.05.21 11:20:59,185.15,190.05,184.95,190.05,450,74250,200.54,188.75,189.85
05.05.21 11:22:59,189.35,189.35,189.35,189.35,75,74175,200.51,188.90,190.15
05.05.21 11:28:59,193.40,193.40,193.40,193.40,375,74025,200.41,192.00,193.20
05.05.21 11:30:59,196.40,196.40,196.40,196.40,75,74025,200.39,195.80,197.00
05.05.21 11:35:59,195.45,195.45,195.45,195.45,75,73950,200.38,192.95,194.30
05.05.21 11:42:59,186.00,186.00,186.00,186.00,375,74025,200.19,186.20,187.45
05.05.21 11:44:59,189.85,189.85,189.85,189.85,75,74025,200.16,188.30,189.50
05.05.21 11:48:59,193.10,193.10,193.10,193.10,75,74475,200.14,192.25,193.40
05.05.21 11:49:59,190.85,190.85,190.85,190.85,75,74475,200.11,191.10,192.20
05.05.21 11:55:59,193.40,193.55,193.40,193.55,4200,74175,199.06,193.30,194.00
05.05.21 11:56:59,194.90,194.90,194.90,194.90,75,74175,199.05,194.60,195.55
05.05.21 11:57:59,195.45,195.45,195.45,195.45,75,75750,199.05,193.15,194.20
05.05.21 11:59:59,195.05,195.05,195.05,195.05,225,75750,199.02,194.95,196.00
05.05.21 12:02:59,196.90,196.90,196.05,196.05,375,75825,198.99,194.80,195.80
05.05.21 12:03:59,196.70,196.70,195.50,195.50,300,75675,198.96,193.60,194.85
05.05.21 12:04:59,195.55,195.55,195.55,195.55,75,75675,198.95,196.50,197.80
05.05.21 12:05:59,197.10,197.10,197.10,197.10,75,75675,198.95,196.75,197.20
05.05.21 12:09:59,196.10,196.10,196.10,196.10,75,74775,198.94,195.25,196.35
05.05.21 12:16:59,198.80,198.80,198.80,198.80,75,74475,198.94,199.35,200.60
05.05.21 12:22:59,195.80,195.80,195.80,195.80,75,74475,198.93,196.50,197.50
05.05.21 12:23:59,196.10,196.10,196.10,196.10,150,74475,198.92,195.10,196.30
05.05.21 12:25:59,194.25,194.25,194.25,194.25,75,74475,198.91,193.60,194.90
05.05.21 12:28:59,196.55,196.55,196.55,196.55,75,74475,198.90,195.75,196.90
05.05.21 12:44:59,193.95,193.95,193.95,193.95,75,74325,198.89,191.85,193.20
05.05.21 12:46:59,193.00,195.10,193.00,195.10,150,74325,198.87,194.20,195.50
05.05.21 12:53:59,197.65,205.20,197.65,205.20,225,74400,198.90,204.45,208.85
05.05.21 12:54:59,202.70,210.00,202.70,210.00,225,74400,198.95,210.00,211.95
05.05.21 12:55:59,211.25,211.25,211.25,211.25,75,74400,198.98,207.50,209.00
05.05.21 12:57:59,211.00,217.20,211.00,217.20,450,74250,199.18,215.15,216.65
05.05.21 12:58:59,215.50,215.50,215.50,215.50,75,74250,199.22,212.40,214.60
05.05.21 12:59:59,214.00,214.00,214.00,214.00,75,74250,199.25,212.60,214.00
05.05.21 13:00:59,214.75,214.75,214.75,214.75,75,74250,199.28,215.25,217.50
05.05.21 13:01:59,217.65,217.65,216.60,216.60,150,74100,199.36,214.35,215.65
05.05.21 13:02:59,216.55,216.55,216.55,216.55,75,74100,199.40,214.00,215.15
05.05.21 13:03:59,214.00,214.00,214.00,214.00,75,74100,199.43,212.15,214.25
05.05.21 13:05:59,221.00,225.70,221.00,225.70,900,74100,200.04,222.55,224.60
05.05.21 13:07:59,225.50,225.50,224.85,224.85,150,74325,200.14,224.85,226.90
05.05.21 13:08:59,225.90,225.90,225.90,225.90,75,74325,200.19,224.95,227.00
05.05.21 13:09:59,225.40,228.00,225.40,228.00,525,74400,200.58,226.30,228.45
05.05.21 13:10:59,230.00,230.00,229.00,229.00,375,74400,200.87,227.95,229.45
05.05.21 13:11:59,230.00,230.00,229.95,229.95,300,74400,201.10,228.55,229.95
05.05.21 13:14:59,225.60,225.60,225.60,225.60,75,74325,201.15,222.90,224.45
05.05.21 13:15:59,223.90,223.90,223.90,223.90,75,74325,201.19,226.15,227.15
05.05.21 13:17:59,229.50,229.60,229.50,229.60,150,74250,201.30,228.70,230.05
05.05.21 13:21:59,230.30,230.30,230.30,230.30,300,73950,201.53,228.10,229.10
05.05.21 13:23:59,227.05,227.30,227.05,227.30,225,73725,201.68,224.30,225.70
05.05.21 13:25:59,225.95,225.95,225.95,225.95,75,73500,201.73,222.70,224.05
05.05.21 13:26:59,228.00,228.00,228.00,228.00,75,73500,201.78,227.25,228.40
05.05.21 13:29:59,223.00,223.00,223.00,223.00,75,73275,201.82,220.75,222.25
05.05.21 13:30:59,222.00,222.00,222.00,222.00,75,73350,201.86,219.15,220.45
05.05.21 13:31:59,219.15,219.15,219.15,219.15,75,73350,201.89,221.20,222.55
05.05.21 13:34:59,212.80,212.80,212.80,212.80,75,73350,201.91,210.60,212.00
05.05.21 13:35:59,208.85,208.85,207.50,207.50,225,73350,201.95,207.30,208.50
05.05.21 13:36:59,207.30,207.80,203.60,203.60,300,73425,201.98,203.40,204.85
05.05.21 13:38:59,204.30,204.30,204.30,204.30,75,0,201.98,207.10,208.40
05.05.21 13:39:59,209.80,209.80,209.80,209.80,75,73650,202.00,208.30,209.45
05.05.21 13:40:59,217.05,217.05,217.05,217.05,75,73650,202.03,214.70,215.95
05.05.21 13:41:59,216.25,216.25,214.05,214.05,150,73650,202.07,214.90,216.00
05.05.21 13:49:59,215.20,216.45,215.20,216.45,225,73050,202.15,216.65,217.95
05.05.21 13:50:59,218.70,218.70,218.70,218.70,75,73050,202.18,216.50,217.55
05.05.21 13:51:59,219.15,219.15,219.15,219.15,75,73050,202.21,217.75,219.20
05.05.21 13:58:59,209.40,210.00,209.40,210.00,750,72825,202.35,210.20,211.70
05.05.21 14:00:59,210.50,210.50,210.50,210.50,75,72825,202.36,210.10,211.45
05.05.21 14:01:59,209.20,209.20,209.20,209.20,75,73425,202.37,208.80,210.10
05.05.21 14:02:59,212.40,212.40,212.40,212.40,75,73425,202.39,211.65,212.95
05.05.21 14:05:59,210.20,210.20,210.20,210.20,75,73500,202.41,206.80,208.00
05.05.21 14:10:59,200.85,200.85,195.45,195.45,150,73200,202.39,192.00,193.50
05.05.21 14:12:59,194.30,196.45,194.30,196.45,150,73200,202.37,193.00,194.35
05.05.21 14:13:59,192.10,192.10,185.55,185.55,300,73275,202.27,184.40,185.55
05.05.21 14:14:59,186.00,188.60,186.00,188.60,525,73275,202.09,188.20,189.40
05.05.21 14:15:59,190.20,190.20,190.20,190.20,75,73500,202.06,192.10,193.25
05.05.21 14:16:59,193.60,193.60,193.60,193.60,75,73500,202.05,192.75,194.05
05.05.21 14:17:59,192.25,192.25,192.25,192.25,75,73500,202.03,192.75,194.05
05.05.21 14:19:59,195.75,195.75,195.75,195.75,75,74025,202.02,194.50,195.65
05.05.21 14:20:59,193.60,193.60,193.60,193.60,75,74025,202.01,193.60,194.85
05.05.21 14:21:59,199.45,199.45,199.45,199.45,75,73950,202.00,197.25,198.45
05.05.21 14:23:59,198.00,198.00,198.00,198.00,75,73950,202.00,197.50,198.80
05.05.21 14:25:59,199.45,199.75,199.45,199.75,375,73800,201.97,195.95,197.30
05.05.21 14:26:59,199.35,199.35,199.35,199.35,75,73800,201.97,201.90,203.35
05.05.21 14:29:59,206.00,206.20,206.00,206.20,450,73500,202.01,206.50,207.50
05.05.21 14:32:59,201.95,201.95,201.95,201.95,75,73575,202.01,201.05,201.85
05.05.21 14:33:59,201.00,201.00,201.00,201.00,525,73575,202.00,201.30,202.50
05.05.21 14:35:59,201.00,201.00,201.00,201.00,225,73500,201.99,197.50,198.80
05.05.21 14:36:59,197.50,197.50,197.50,197.50,75,73500,201.99,197.15,198.25
05.05.21 14:38:59,202.00,202.00,202.00,202.00,150,73875,201.99,203.10,204.95
05.05.21 14:39:59,204.25,204.25,204.25,204.25,150,73875,201.99,201.05,202.45
05.05.21 14:40:59,206.00,206.00,206.00,206.00,450,73500,202.03,204.00,205.15
05.05.21 14:42:59,204.20,204.20,203.90,203.90,150,73050,202.04,203.35,204.70
05.05.21 14:46:59,209.00,209.90,208.65,209.90,600,72675,202.14,208.75,209.85
05.05.21 14:47:59,210.35,210.35,207.80,207.80,225,72675,202.17,208.40,209.50
05.05.21 14:49:59,205.00,205.00,205.00,205.00,75,72900,202.18,202.45,203.80
05.05.21 14:52:59,201.15,201.15,201.15,201.15,75,72900,202.18,202.25,203.35
05.05.21 14:53:59,202.25,202.25,202.25,202.25,375,0,202.18,202.70,203.70
05.05.21 14:55:59,207.05,207.05,207.05,207.05,75,72600,202.18,205.95,207.30
05.05.21 14:58:59,202.90,202.90,202.90,202.90,75,72600,202.18,204.55,205.85
05.05.21 14:59:59,202.90,202.90,202.90,202.90,75,72600,202.19,202.65,203.70
05.05.21 15:00:59,203.95,203.95,203.95,203.95,75,72600,202.19,205.55,207.00
05.05.21 15:02:59,205.90,207.90,205.90,207.90,150,72525,202.20,209.00,210.00
05.05.21 15:03:59,210.00,210.00,209.45,209.45,450,72525,202.27,208.90,210.00
05.05.21 15:04:59,210.25,210.25,210.20,210.20,750,72675,202.40,209.70,210.15
05.05.21 15:05:59,209.70,210.60,209.70,210.40,1125,72675,202.57,209.50,210.70
05.05.21 15:06:59,210.40,210.40,209.20,209.25,675,73425,202.67,208.10,209.00
05.05.21 15:07:59,208.60,208.60,207.55,207.55,375,73425,202.71,205.95,207.00
05.05.21 15:08:59,206.05,206.95,206.05,206.95,150,73425,202.72,207.30,208.45
05.05.21 15:09:59,208.80,208.80,208.40,208.65,300,73575,202.76,208.25,209.40
05.05.21 15:10:59,209.10,209.30,209.05,209.05,450,73575,202.81,209.30,210.40
05.05.21 15:11:59,210.60,210.60,210.60,210.60,600,73575,202.90,210.40,211.15
05.05.21 15:12:59,211.20,211.80,210.90,211.25,900,73725,203.05,211.25,211.65
05.05.21 15:13:59,211.65,214.20,211.65,214.20,975,73725,203.23,214.85,216.20
05.05.21 15:14:59,216.10,218.00,216.10,218.00,750,73725,203.42,217.80,218.90
05.05.21 15:15:59,218.45,218.45,217.10,217.55,1275,73425,203.75,216.60,218.10
05.05.21 15:16:59,217.45,217.45,217.45,217.45,225,73425,203.81,216.70,217.65
05.05.21 15:18:59,218.35,218.35,218.35,218.35,75,73425,203.82,218.00,219.25
05.05.21 15:19:59,218.00,218.00,218.00,218.00,75,73650,203.84,217.05,218.05
05.05.21 15:20:59,217.05,221.50,217.05,221.45,2475,73650,204.54,220.15,221.50
05.05.21 15:21:59,221.25,223.95,221.25,223.95,1050,73650,204.85,221.75,223.15
05.05.21 15:22:59,222.75,224.60,222.75,223.00,750,73650,205.09,223.15,224.45
05.05.21 15:23:59,224.50,224.85,223.15,224.65,1500,73650,205.55,224.35,225.70
05.05.21 15:24:59,223.25,223.25,223.25,223.25,150,73650,205.59,223.45,224.85
05.05.21 15:25:59,223.50,225.60,223.45,223.75,825,72225,205.83,223.25,225.00
05.05.21 15:26:59,225.20,225.30,222.75,223.85,825,72225,206.06,223.90,225.80
05.05.21 15:27:59,223.80,225.15,222.35,222.35,525,72225,206.21,223.45,224.95
05.05.21 15:28:59,223.45,223.60,222.50,223.60,300,72525,206.29,222.35,225.05
05.05.21 15:30:00,222.35,225.40,222.35,222.85,300,72525,206.37,222.85,229.00
06.05.21 09:16:59,229.55,229.55,229.55,229.55,75,67650,229.55,231.90,233.45
06.05.21 09:17:59,232.05,232.35,226.10,226.75,825,67650,229.84,225.65,227.25
06.05.21 09:18:59,224.85,224.85,224.85,224.85,150,67650,229.12,224.25,225.15
06.05.21 09:19:59,224.25,224.25,222.00,223.95,375,67650,227.50,222.45,223.60
06.05.21 09:20:59,221.00,221.90,220.50,221.90,375,67650,226.20,219.10,220.35
06.05.21 09:21:59,219.35,223.35,219.35,223.35,450,67650,225.40,222.95,224.30
06.05.21 09:22:59,223.35,223.35,222.75,222.75,150,67650,225.26,220.60,222.60
06.05.21 09:23:59,222.95,223.85,222.95,223.70,225,67650,225.11,223.90,224.70
06.05.21 09:24:59,224.70,224.90,221.85,221.85,450,67650,224.93,220.55,222.00
06.05.21 09:25:59,220.00,220.00,219.20,219.20,150,67650,224.69,218.50,219.50
06.05.21 09:26:59,218.50,220.20,218.50,220.20,1275,67650,222.98,220.25,221.25
06.05.21 09:27:59,221.25,221.25,220.50,220.50,150,67650,222.91,219.60,221.20
06.05.21 09:28:59,218.85,218.85,218.85,218.85,75,67650,222.85,218.85,219.75
06.05.21 09:29:59,218.85,220.05,218.50,220.05,450,67650,222.51,220.00,221.50
06.05.21 09:30:59,221.50,221.50,221.50,221.50,75,67650,222.49,220.35,221.75
06.05.21 09:31:59,222.10,223.65,220.95,223.40,300,67650,222.49,222.50,223.85
06.05.21 09:32:59,224.00,224.00,223.00,223.00,300,67650,222.53,225.85,227.45
06.05.21 09:34:59,224.30,224.30,224.30,224.30,75,67650,222.56,225.55,227.00
06.05.21 09:35:59,230.00,230.00,230.00,230.00,150,67650,222.74,229.90,231.45
06.05.21 09:36:59,232.00,239.20,232.00,234.50,675,67650,223.93,233.35,234.75
06.05.21 09:37:59,236.55,236.55,236.55,236.55,75,67650,224.07,236.35,237.50
06.05.21 09:39:59,236.55,236.55,236.55,236.55,75,67650,224.21,235.55,236.80
06.05.21 09:41:59,233.20,233.90,233.20,233.90,150,67650,224.41,231.15,232.70
06.05.21 09:44:59,231.85,231.85,231.85,231.85,75,67650,224.49,229.50,231.05
06.05.21 09:45:59,231.60,231.60,231.60,231.60,225,67650,224.70,230.85,232.25
06.05.21 09:47:59,235.65,235.65,235.65,235.65,600,67650,225.53,234.55,235.60
06.05.21 09:48:59,235.00,235.00,233.90,233.90,150,67650,225.70,234.55,235.50
06.05.21 09:49:59,233.90,233.90,233.90,233.90,225,67650,225.92,232.30,233.70
06.05.21 09:50:59,234.35,234.35,234.35,234.35,150,67650,226.07,235.20,235.95
06.05.21 09:51:59,234.80,234.80,234.80,234.80,75,67650,226.15,233.40,235.00
06.05.21 09:52:59,233.15,233.15,231.85,231.85,150,67650,226.25,231.90,233.25
06.05.21 09:53:59,232.15,232.15,231.40,231.40,225,66375,226.40,231.35,232.60
06.05.21 09:54:59,230.80,230.80,230.80,230.80,150,66375,226.47,226.95,229.15
06.05.21 09:58:59,227.10,227.10,225.50,225.50,150,66450,226.46,224.45,225.95
06.05.21 10:00:59,227.70,227.70,227.70,227.70,75,66150,226.47,226.30,227.70
06.05.21 10:01:59,230.00,230.00,230.00,230.00,150,66150,226.53,228.20,229.85
06.05.21 10:02:59,227.70,227.70,227.70,227.70,75,66150,226.54,226.75,228.35
06.05.21 10:04:59,225.45,225.45,225.45,225.45,75,66150,226.53,228.15,229.55
06.05.21 10:07:59,227.80,227.80,227.80,227.80,150,66150,226.55,226.80,227.75
06.05.21 10:08:59,226.20,226.20,225.55,225.55,150,66075,226.54,225.00,225.95
06.05.21 10:09:59,224.10,225.25,223.95,225.25,375,66075,226.46,224.25,225.35
06.05.21 10:10:59,224.25,225.00,223.50,223.50,375,66075,226.39,223.55,224.65
06.05.21 10:11:59,223.25,223.25,223.25,223.25,75,66075,226.36,223.00,224.15
06.05.21 10:12:59,221.00,221.00,220.15,220.75,225,66150,226.25,220.80,221.80
06.05.21 10:13:59,220.80,220.80,220.80,220.80,75,66150,226.21,219.60,220.95
06.05.21 10:15:59,223.70,223.70,223.00,223.00,450,66300,226.10,220.55,222.45
06.05.21 10:16:59,216.60,216.60,216.60,216.60,75,66300,226.04,214.30,215.50
06.05.21 10:17:59,211.60,211.60,211.60,211.60,75,66300,225.95,209.95,211.40
06.05.21 10:19:59,212.40,212.40,211.20,211.20,150,66600,225.77,211.00,211.85
06.05.21 10:20:59,209.20,212.60,209.20,212.60,150,66600,225.58,213.40,214.65
06.05.21 10:21:59,215.60,217.70,215.60,217.00,225,66750,225.42,216.25,217.60
06.05.21 10:22:59,215.35,215.35,215.35,215.35,75,66750,225.35,214.05,215.10
06.05.21 10:23:59,215.25,215.25,215.25,215.25,75,66750,225.29,213.00,214.65
06.05.21 10:24:59,215.05,215.05,215.05,215.05,375,66900,224.99,213.50,214.85
06.05.21 10:25:59,214.90,214.90,212.10,212.10,225,66900,224.79,212.00,213.30
06.05.21 10:27:59,213.20,213.20,213.20,213.20,75,66975,224.73,215.25,216.50
06.05.21 10:32:59,213.80,213.80,213.15,213.15,150,66675,224.60,213.35,214.60
06.05.21 10:36:59,216.55,216.55,216.55,216.55,150,66750,224.51,215.80,217.10
06.05.21 10:37:59,217.85,217.85,217.85,217.85,75,66750,224.47,220.10,221.60
06.05.21 10:40:59,214.40,214.40,214.40,214.40,225,66750,224.30,213.70,215.05
06.05.21 10:44:59,217.45,217.45,217.45,217.45,75,66600,224.27,217.05,218.15
06.05.21 10:47:59,219.05,219.05,219.05,219.05,75,66600,224.24,218.75,220.05
06.05.21 10:48:59,217.40,217.40,217.40,217.40,1350,66675,223.62,217.45,218.70
06.05.21 10:51:59,219.00,219.00,219.00,219.00,75,65475,223.60,218.50,219.90
06.05.21 10:54:59,219.50,219.50,219.50,219.50,75,65475,223.58,218.40,219.65
06.05.21 10:59:59,219.10,219.10,219.10,219.10,75,65400,223.56,218.75,220.00
06.05.21 11:00:59,221.85,221.85,221.85,221.85,75,65400,223.55,222.85,224.60
06.05.21 11:01:59,222.15,222.15,221.65,221.95,300,65400,223.52,222.15,223.45
06.05.21 11:07:59,226.90,226.90,225.90,225.90,150,65325,223.55,224.50,225.80
06.05.21 11:10:59,225.90,225.90,225.90,225.90,150,65400,223.57,225.55,226.75
06.05.21 11:11:59,224.35,224.35,224.35,224.35,300,65400,223.58,224.40,225.65
06.05.21 11:12:59,224.35,224.35,224.35,224.35,150,64875,223.59,223.00,224.30
06.05.21 11:13:59,220.80,220.80,215.65,215.65,225,64875,223.51,216.00,217.05
06.05.21 11:15:59,215.65,215.65,215.65,215.65,75,65025,223.47,213.65,215.30
06.05.21 11:16:59,215.10,215.10,215.10,215.10,75,65025,223.43,214.05,214.95
06.05.21 11:17:59,213.45,214.50,213.45,214.50,225,65025,223.31,214.20,216.15
06.05.21 11:18:59,216.50,216.50,216.50,216.50,75,64950,223.28,215.60,216.90
06.05.21 11:22:59,217.00,217.00,215.30,215.30,150,64875,223.22,214.50,215.75
06.05.21 11:23:59,213.05,213.05,213.05,213.05,75,64875,223.17,210.00,210.90
06.05.21 11:24:59,211.55,211.55,211.55,211.55,75,64875,223.12,209.05,210.00
06.05.21 11:25:59,209.00,209.00,209.00,209.00,75,64875,223.06,210.65,212.10
06.05.21 11:30:59,214.45,214.45,212.85,212.85,150,64950,222.98,212.25,213.60
06.05.21 11:31:59,216.95,217.00,216.95,217.00,225,64950,222.91,217.15,218.30
06.05.21 11:32:59,217.15,217.15,217.15,217.15,150,64950,222.86,216.35,217.60
06.05.21 11:35:59,216.60,216.60,216.60,216.60,75,64950,222.83,216.05,217.20
06.05.21 11:36:59,217.45,217.45,217.45,217.45,75,64875,222.81,216.75,217.90
06.05.21 11:38:59,217.55,217.55,217.55,217.55,75,64875,222.79,216.70,217.95
06.05.21 11:43:59,216.85,216.85,216.55,216.55,300,64875,222.69,216.80,217.80
06.05.21 11:45:59,220.55,220.55,220.55,220.55,75,64650,222.68,219.60,220.55
06.05.21 11:47:59,219.85,219.85,219.85,219.85,75,64650,222.67,219.90,221.35
06.05.21 11:48:59,221.45,221.45,221.45,221.45,75,64650,222.67,219.55,220.90
06.05.21 11:49:59,218.45,218.45,218.45,218.45,75,64650,222.65,216.15,217.40
06.05.21 11:50:59,215.75,215.75,215.75,215.75,75,64650,222.62,218.60,219.75
06.05.21 11:51:59,220.30,220.30,220.30,220.30,75,64575,222.61,220.40,221.75
06.05.21 11:57:59,222.85,223.65,222.85,223.65,300,64500,222.62,223.10,223.90
06.05.21 11:58:59,224.75,224.75,224.75,224.75,75,64500,222.63,224.05,225.25
06.05.21 11:59:59,224.00,224.75,224.00,224.75,300,64500,222.65,224.20,225.15
06.05.21 12:01:59,223.85,223.85,223.85,223.85,75,64425,222.66,223.45,224.40
06.05.21 12:05:59,223.00,223.00,223.00,223.00,75,64425,222.66,223.10,224.05
06.05.21 12:09:59,226.20,226.20,226.20,226.20,225,64050,222.70,224.95,225.85
06.05.21 12:10:59,228.30,228.30,228.30,228.30,75,64050,222.72,228.40,229.80
06.05.21 12:11:59,228.25,228.25,228.25,228.25,75,64050,222.74,226.40,227.15
06.05.21 12:12:59,225.40,225.40,223.25,223.75,450,63975,222.77,224.30,225.30
06.05.21 12:15:59,226.10,226.10,225.40,225.40,150,64050,222.79,224.10,225.70
06.05.21 12:17:59,229.90,230.50,229.90,230.50,150,64050,222.84,231.65,232.95
06.05.21 12:18:59,232.70,232.70,231.60,231.60,300,63825,222.98,231.85,232.55
06.05.21 12:19:59,232.00,235.00,232.00,235.00,600,63825,223.27,235.00,236.20
06.05.21 12:20:59,236.25,236.25,235.00,235.00,150,63825,223.36,233.40,234.85
06.05.21 12:21:59,236.35,236.35,236.35,236.35,450,63525,223.62,236.55,238.60
06.05.21 12:22:59,239.00,241.55,238.20,238.20,975,63525,224.31,237.60,239.30
06.05.21 12:23:59,235.45,235.45,235.45,235.45,75,63525,224.35,235.10,236.00
06.05.21 12:24:59,236.45,236.45,236.45,236.45,75,62925,224.39,234.15,234.95
06.05.21 12:25:59,233.85,235.00,233.85,235.00,150,62925,224.45,234.85,236.00
06.05.21 12:26:59,233.90,233.90,233.90,233.90,75,62925,224.48,233.60,234.65
06.05.21 12:27:59,233.10,233.25,233.10,233.25,150,62325,224.53,233.20,234.30
06.05.21 12:28:59,234.55,237.00,234.55,237.00,150,62325,224.60,236.35,237.15
06.05.21 12:29:59,239.70,239.70,239.70,239.70,975,62325,225.19,238.55,239.90
06.05.21 12:30:59,240.00,240.00,238.55,238.55,225,62475,225.31,237.55,238.50
06.05.21 12:31:59,236.50,236.50,235.35,235.70,450,62475,225.50,234.90,235.70
06.05.21 12:33:59,239.70,243.80,239.70,243.45,600,62400,225.88,243.40,244.75
06.05.21 12:34:59,241.95,241.95,241.95,241.95,75,62400,225.93,241.35,243.00
06.05.21 12:35:59,239.10,239.10,239.10,239.10,75,62400,225.96,238.85,239.55
06.05.21 12:36:59,238.25,238.35,238.25,238.35,150,62400,226.03,236.90,238.20
06.05.21 12:37:59,236.85,236.85,236.85,236.85,75,62400,226.06,236.90,238.15
06.05.21 12:38:59,241.00,241.00,241.00,241.00,75,62400,226.10,240.95,242.30
06.05.21 12:39:59,245.10,245.10,245.10,245.10,225,60975,226.26,244.10,245.85
06.05.21 12:40:59,240.80,240.80,240.80,240.80,75,60975,226.30,239.85,241.05
06.05.21 12:44:59,242.05,242.75,242.05,242.75,375,59925,226.52,241.80,243.15
06.05.21 12:47:59,244.20,244.20,242.30,242.30,375,59925,226.75,241.40,242.95
06.05.21 12:50:59,240.10,240.10,238.90,238.90,150,59775,226.82,238.10,240.05
06.05.21 12:52:59,250.00,252.00,250.00,250.15,225,59850,227.01,250.15,251.55
06.05.21 12:53:59,252.00,256.10,252.00,253.20,675,59850,227.66,254.10,254.95
06.05.21 12:54:59,255.00,255.05,253.00,253.00,300,59400,227.94,252.30,253.50
06.05.21 12:55:59,252.80,252.80,251.85,252.45,300,59400,228.19,252.55,253.95
06.05.21 12:56:59,253.40,253.40,253.40,253.40,75,59400,228.25,252.35,253.65
06.05.21 12:57:59,252.60,252.60,252.60,252.60,75,59250,228.31,252.00,252.95
06.05.21 12:58:59,252.00,256.10,252.00,256.10,225,59250,228.51,254.90,256.25
06.05.21 12:59:59,255.30,255.30,254.35,254.35,150,59250,228.64,253.20,254.65
06.05.21 13:02:59,255.65,255.65,251.50,251.50,1575,59250,229.91,249.85,251.00
06.05.21 13:03:59,258.00,258.55,258.00,258.15,375,59100,230.23,257.70,258.85
06.05.21 13:04:59,257.85,258.20,257.85,258.20,150,59100,230.36,256.80,257.90
06.05.21 13:05:59,256.75,256.75,255.75,255.75,150,59100,230.48,254.30,255.50
06.05.21 13:06:59,255.75,255.75,255.75,255.75,75,59250,230.54,253.15,254.15
06.05.21 13:07:59,255.00,255.00,255.00,255.00,375,59250,230.82,255.20,256.50
06.05.21 13:10:59,250.20,250.20,250.20,250.20,150,58650,230.91,253.95,255.00
06.05.21 13:11:59,255.00,255.00,255.00,255.00,75,58650,230.97,254.95,256.15
06.05.21 13:12:59,255.00,255.00,255.00,255.00,225,57975,231.13,254.95,256.00
06.05.21 13:14:59,256.00,256.00,256.00,256.00,75,57975,231.19,255.65,257.00
06.05.21 13:16:59,257.75,257.75,257.75,257.75,150,57675,231.30,255.90,256.95
06.05.21 13:18:59,253.15,253.15,251.00,251.00,750,57000,231.78,251.05,252.05
06.05.21 13:22:59,251.00,251.00,249.85,249.85,150,56925,231.86,249.45,250.90
06.05.21 13:23:59,247.05,247.05,245.75,245.75,150,56925,231.92,243.70,245.10
06.05.21 13:25:59,248.00,248.00,248.00,248.00,150,57000,231.99,245.95,247.60
06.05.21 13:26:59,245.00,245.00,245.00,245.00,150,57000,232.04,242.00,243.70
06.05.21 13:27:59,245.00,245.00,245.00,245.00,825,57000,232.34,242.05,243.60
06.05.21 13:28:59,240.15,241.20,240.15,240.70,225,56250,232.39,241.40,242.70
06.05.21 13:34:59,241.10,241.10,240.00,240.00,300,55950,232.46,239.65,241.00
06.05.21 13:40:59,246.20,246.20,245.70,245.70,525,56025,232.66,247.20,248.45
06.05.21 13:41:59,249.40,249.40,248.25,248.25,225,56025,232.75,248.10,249.15
06.05.21 13:43:59,250.70,251.55,250.70,251.55,225,55725,232.87,250.85,251.95
06.05.21 13:45:59,251.55,252.35,251.55,252.35,225,55800,232.98,250.95,252.15
06.05.21 13:46:59,249.30,249.30,249.30,249.30,75,55800,233.01,250.75,252.20
06.05.21 13:51:59,247.20,247.20,247.20,247.20,75,55800,233.04,247.15,248.45
06.05.21 13:52:59,248.45,248.45,248.45,248.45,75,55800,233.07,247.60,248.90
06.05.21 13:54:59,246.35,246.35,244.10,244.10,225,55650,233.14,241.85,244.10
06.05.21 13:55:59,241.00,241.00,241.00,241.00,150,55650,233.18,243.20,244.20
06.05.21 13:56:59,243.30,243.30,243.30,243.30,150,55650,233.22,243.90,245.10
06.05.21 13:58:59,245.20,245.20,245.20,245.20,525,55725,233.38,246.25,248.00
06.05.21 14:01:59,246.95,246.95,246.95,246.95,525,56250,233.56,248.40,249.55
06.05.21 14:02:59,249.35,249.35,249.35,249.35,150,0,233.62,248.35,249.35
06.05.21 14:05:59,251.10,251.10,251.10,251.10,75,55800,233.65,248.15,249.60
06.05.21 14:06:59,248.25,248.25,248.25,248.25,75,55800,233.68,250.70,251.70
06.05.21 14:08:59,250.90,250.90,250.90,250.90,75,55800,233.71,248.80,250.05
06.05.21 14:09:59,249.75,249.75,248.35,248.35,150,55800,233.77,245.25,246.15
06.05.21 14:10:59,245.20,245.20,245.20,245.20,75,55350,233.79,244.60,245.50
06.05.21 14:11:59,241.00,241.00,241.00,241.00,75,55350,233.81,243.70,244.80
06.05.21 14:15:59,244.05,244.05,244.05,244.05,75,55350,233.82,242.10,243.20
06.05.21 14:16:59,242.90,242.90,241.75,241.75,150,55350,233.86,239.25,240.80
06.05.21 14:18:59,245.70,245.70,245.70,245.70,75,55125,233.88,243.85,245.15
06.05.21 14:20:59,248.05,248.05,248.05,248.05,75,55125,233.90,246.20,247.60
06.05.21 14:21:59,246.90,247.15,246.90,247.15,150,55125,233.95,245.05,246.05
06.05.21 14:23:59,241.85,241.85,240.65,241.60,225,55125,233.99,241.65,243.20
06.05.21 14:25:59,241.55,241.55,240.15,240.15,150,55275,234.02,239.25,240.40
06.05.21 14:26:59,239.45,239.45,239.45,239.45,525,55275,234.08,238.50,239.45
06.05.21 14:28:59,235.00,235.00,235.00,235.00,150,0,234.08,235.85,237.20
06.05.21 14:29:59,239.35,239.35,239.35,239.35,225,54750,234.11,240.05,241.70
06.05.21 14:30:59,235.50,235.50,235.50,235.50,150,54750,234.11,236.15,237.65
06.05.21 14:31:59,237.75,239.35,237.75,239.35,525,54675,234.17,238.50,239.90
06.05.21 14:32:59,239.70,239.70,239.70,239.70,75,54675,234.18,239.55,241.15
06.05.21 14:34:59,244.65,244.65,241.75,242.70,225,54450,234.22,242.05,243.15
06.05.21 14:37:59,248.90,248.90,247.50,248.55,675,54300,234.45,247.55,248.75
06.05.21 14:38:59,250.00,250.00,250.00,250.00,450,54300,234.61,248.65,249.90
06.05.21 14:39:59,248.90,248.90,248.90,248.90,300,54300,234.70,247.20,248.55
06.05.21 14:41:59,246.70,247.90,246.70,247.90,150,54450,234.75,247.65,249.40
06.05.21 14:42:59,248.40,248.40,248.40,248.40,300,54450,234.84,248.05,249.65
06.05.21 14:47:59,244.25,244.25,242.80,242.80,300,54000,234.90,241.90,243.10
06.05.21 14:48:59,241.40,241.45,241.40,241.45,300,54000,234.94,240.20,241.30
06.05.21 14:49:59,240.30,240.30,240.30,240.30,75,52875,234.95,241.40,242.50
06.05.21 14:51:59,242.75,242.75,242.75,242.75,150,52875,234.97,241.55,242.60
06.05.21 14:55:59,243.50,243.50,243.50,243.50,75,52950,234.99,241.05,242.45
06.05.21 14:56:59,241.05,242.40,241.05,242.40,225,52950,235.02,242.50,243.40
06.05.21 14:57:59,243.75,243.75,243.75,243.75,75,52950,235.04,243.05,244.40
06.05.21 14:58:59,243.60,243.75,243.60,243.75,225,52725,235.08,243.10,243.75
06.05.21 14:59:59,244.30,244.30,242.40,242.40,150,52725,235.11,241.80,243.40
06.05.21 15:00:59,243.35,243.35,243.35,243.35,150,52725,235.13,240.80,242.00
06.05.21 15:01:59,244.95,245.00,244.95,245.00,150,52725,235.17,247.90,249.35
06.05.21 15:02:59,248.15,253.10,248.15,253.10,300,52725,235.27,250.85,252.75
06.05.21 15:03:59,252.20,252.20,252.20,252.20,150,52725,235.32,249.75,251.45
06.05.21 15:04:59,249.05,249.05,249.05,249.05,75,52650,235.34,248.75,249.85
06.05.21 15:06:59,251.40,251.40,251.40,251.40,150,52650,235.40,249.05,250.10
06.05.21 15:07:59,248.80,249.00,248.80,249.00,150,52350,235.44,247.15,248.05
06.05.21 15:10:59,248.15,248.65,247.95,248.65,450,52275,235.56,247.55,248.55
06.05.21 15:11:59,248.50,249.20,248.30,249.20,450,52275,235.68,248.90,249.90
06.05.21 15:12:59,248.70,249.45,248.70,249.45,300,52275,235.77,248.95,250.00
06.05.21 15:13:59,250.00,250.00,250.00,250.00,75,51975,235.79,250.00,250.65
06.05.21 15:14:59,250.00,251.05,250.00,251.05,375,51975,235.90,249.55,251.15
06.05.21 15:15:59,251.85,253.30,251.85,252.10,675,51975,236.13,252.10,253.30
06.05.21 15:16:59,254.50,254.50,254.05,254.05,150,51900,236.19,254.00,254.50
06.05.21 15:17:59,253.80,255.10,253.80,255.10,525,51900,236.38,255.10,256.15
06.05.21 15:18:59,254.30,254.30,254.30,254.30,75,51900,236.41,253.15,254.20
06.05.21 15:19:59,252.00,254.05,252.00,254.05,225,51375,236.48,252.40,253.70
06.05.21 15:20:59,253.45,253.45,253.45,253.45,75,51375,236.51,252.85,253.95
06.05.21 15:21:59,252.75,255.60,252.75,255.60,300,51375,236.61,256.00,257.50
06.05.21 15:22:59,256.65,257.70,255.90,257.70,900,51000,236.96,256.65,257.60
06.05.21 15:23:59,257.40,257.45,257.40,257.45,675,51000,237.22,256.20,257.45
06.05.21 15:24:59,256.45,258.00,256.45,258.00,150,51000,237.28,257.30,258.10
06.05.21 15:25:59,258.05,262.60,257.40,258.00,2475,50475,238.28,256.75,258.30
06.05.21 15:26:59,258.20,258.20,257.95,258.00,225,50475,238.37,257.35,258.70
06.05.21 15:27:59,259.45,259.45,259.45,259.45,75,50475,238.39,258.60,260.40
06.05.21 15:28:59,259.70,261.95,259.70,261.70,675,49500,238.66,260.90,262.85
06.05.21 15:30:00,260.20,263.75,260.20,263.75,300,49500,238.78,255.05,264.95
07.05.21 09:15:59,304.50,304.50,290.05,297.45,975,47100,295.80,297.55,300.95
07.05.21 09:16:59,300.95,303.00,296.00,299.55,1575,47100,298.77,292.75,302.30
07.05.21 09:17:59,301.50,302.45,296.10,296.10,975,47250,299.08,296.05,298.40
07.05.21 09:18:59,298.40,301.40,296.55,299.75,1425,47250,299.10,298.55,300.70
07.05.21 09:19:59,301.50,302.90,298.75,302.90,750,47250,299.29,302.55,304.95
07.05.21 09:20:59,306.20,307.55,302.70,305.40,1425,47700,300.47,304.90,306.55
07.05.21 09:21:59,307.25,311.50,306.55,311.50,1125,47700,301.51,309.50,311.80
07.05.21 09:22:59,312.80,312.80,306.05,308.00,1125,47700,302.47,307.55,309.40
07.05.21 09:23:59,310.90,310.95,309.50,309.50,225,48975,302.66,307.85,309.50
07.05.21 09:24:59,309.00,312.00,306.00,312.00,1650,48975,303.51,310.55,312.50
07.05.21 09:25:59,312.80,314.00,306.05,306.05,2625,48975,305.27,306.00,307.45
07.05.21 09:26:59,306.95,310.20,306.05,310.20,450,50775,305.36,308.05,310.35
07.05.21 09:27:59,309.15,309.15,306.05,307.40,450,50775,305.42,306.55,308.65
07.05.21 09:28:59,308.90,309.15,308.90,308.95,1050,50775,305.67,306.65,308.95
07.05.21 09:29:59,306.80,310.60,306.80,310.55,1200,51975,305.82,310.50,312.05
07.05.21 09:30:59,311.10,311.10,308.05,308.80,675,51975,305.98,308.05,310.35
07.05.21 09:31:59,310.00,312.00,309.50,309.50,1200,51975,306.29,309.25,311.40
07.05.21 09:32:59,310.05,316.85,310.05,315.45,2625,51825,307.32,315.30,317.20
07.05.21 09:33:59,316.00,317.00,315.80,317.00,300,51825,307.44,316.00,317.25
07.05.21 09:34:59,317.30,317.30,315.00,315.00,375,51825,307.58,313.60,315.30
07.05.21 09:35:59,315.30,315.95,311.40,311.40,300,51975,307.68,310.30,312.00
07.05.21 09:36:59,311.60,313.00,311.60,313.00,300,51975,307.74,314.35,316.15
07.05.21 09:37:59,315.45,316.95,315.15,316.70,300,51975,307.85,314.45,316.05
07.05.21 09:38:59,314.70,316.95,313.15,313.15,1050,52125,308.16,312.55,314.25
07.05.21 09:39:59,316.00,318.70,315.00,316.15,1575,52125,308.69,315.00,316.65
07.05.21 09:40:59,314.00,314.00,312.15,312.15,900,52125,308.82,311.10,312.90
07.05.21 09:41:59,312.45,315.60,311.70,313.00,1275,54150,308.99,311.70,313.70
07.05.21 09:43:59,316.00,316.50,315.20,316.50,675,54150,309.16,315.50,317.10
07.05.21 09:44:59,314.60,317.15,314.00,316.05,600,54450,309.28,314.15,316.00
07.05.21 09:45:59,317.90,317.90,314.00,314.60,225,54450,309.32,313.90,315.65
07.05.21 09:46:59,315.55,316.05,315.55,316.05,225,54450,309.37,314.25,315.90
07.05.21 09:47:59,313.85,313.85,311.50,311.50,375,54600,309.41,311.45,313.35
07.05.21 09:48:59,311.00,311.40,310.05,310.05,225,54600,309.42,310.00,311.35
07.05.21 09:49:59,310.00,310.70,308.20,308.20,450,54600,309.42,308.35,309.70
07.05.21 09:50:59,307.00,308.80,307.00,308.05,375,54525,309.40,306.50,308.55
07.05.21 09:51:59,307.70,311.60,307.70,311.60,375,54525,309.40,309.25,311.90
07.05.21 09:52:59,308.00,308.00,308.00,308.00,900,54525,309.36,306.65,308.40
07.05.21 09:53:59,306.75,310.90,306.75,310.90,300,54375,309.35,310.00,310.80
07.05.21 09:54:59,310.00,310.00,308.30,309.60,300,54375,309.35,306.70,308.55
07.05.21 09:55:59,308.35,308.35,308.35,308.35,75,54375,309.35,306.80,308.25
07.05.21 09:58:59,302.10,302.10,300.00,300.00,300,54600,309.28,299.10,300.95
07.05.21 09:59:59,298.60,299.25,298.30,299.25,225,54600,309.21,299.05,300.45
07.05.21 10:00:59,299.85,302.25,299.85,301.10,1050,54600,308.95,300.50,302.10
07.05.21 10:01:59,301.10,301.10,301.10,301.10,150,54600,308.91,297.95,300.05
07.05.21 10:02:59,301.80,301.80,301.55,301.55,150,55575,308.88,300.00,301.20
07.05.21 10:03:59,300.00,300.00,300.00,300.00,225,55575,308.82,296.55,298.25
07.05.21 10:04:59,295.00,296.00,295.00,296.00,600,55575,308.60,298.15,299.80
07.05.21 10:05:59,300.20,302.00,300.05,300.05,525,56025,308.50,300.65,302.10
07.05.21 10:06:59,302.75,303.35,302.00,303.20,450,56025,308.43,302.50,302.90
07.05.21 10:07:59,303.20,304.15,302.00,302.00,225,56025,308.40,301.15,303.20
07.05.21 10:08:59,302.25,303.40,302.25,303.40,150,56025,308.38,301.05,302.45
07.05.21 10:09:59,302.35,303.65,302.05,302.25,450,56400,308.31,301.45,303.05
07.05.21 10:10:59,305.00,305.15,302.40,302.40,375,56400,308.26,302.10,303.80
07.05.21 10:11:59,302.00,302.00,302.00,302.00,600,56700,308.17,301.30,303.05
07.05.21 10:12:59,301.00,301.10,298.55,298.55,450,56700,308.07,298.40,300.35
07.05.21 10:13:59,298.55,298.55,298.55,298.55,225,56700,308.02,297.35,299.30
07.05.21 10:14:59,299.00,299.00,299.00,299.00,75,57000,308.00,298.65,300.40
07.05.21 10:16:59,295.00,295.00,293.35,293.35,300,57000,307.89,290.70,292.90
07.05.21 10:17:59,291.65,295.05,290.80,295.05,750,56475,307.60,293.05,294.60
07.05.21 10:18:59,296.00,296.00,295.75,295.75,150,56475,307.56,292.65,294.70
07.05.21 10:20:59,294.00,294.00,294.00,294.00,150,56475,307.51,293.60,295.15
07.05.21 10:21:59,295.25,295.25,295.25,295.25,150,56850,307.46,293.90,295.55
07.05.21 10:22:59,294.85,294.85,292.85,292.85,900,56850,307.18,294.30,295.85
07.05.21 10:23:59,296.00,296.00,296.00,296.00,750,57075,306.98,294.30,295.90
07.05.21 10:24:59,294.00,294.00,294.00,294.00,75,57075,306.96,294.85,296.45
07.05.21 10:25:59,296.15,298.60,296.15,296.40,300,57075,306.89,295.40,297.20
07.05.21 10:26:59,297.60,299.85,297.60,299.80,450,56775,306.81,298.60,299.95
07.05.21 10:27:59,296.60,296.60,296.60,296.60,75,56775,306.80,295.30,296.95
07.05.21 10:28:59,296.60,296.60,296.60,296.60,75,56775,306.78,295.90,297.40
07.05.21 10:29:59,297.25,297.25,293.55,293.55,150,56925,306.74,292.85,294.15
07.05.21 10:30:59,293.55,293.75,293.55,293.75,225,56925,306.67,294.10,295.80
07.05.21 10:31:59,294.95,294.95,294.95,294.95,75,56925,306.65,295.25,296.95
07.05.21 10:32:59,295.20,299.05,295.20,299.05,225,56925,306.60,295.95,297.40
07.05.21 10:35:59,298.75,301.60,298.75,301.30,1950,56400,306.35,299.50,300.50
07.05.21 10:36:59,299.50,299.50,298.55,298.55,300,56400,306.30,297.40,299.20
07.05.21 10:37:59,295.65,298.20,295.65,298.20,150,56400,306.27,295.50,297.45
07.05.21 10:38:59,295.10,297.70,295.10,297.55,225,56400,306.23,296.10,297.95
07.05.21 10:40:59,295.55,295.55,295.55,295.55,75,56175,306.21,296.55,298.55
07.05.21 10:41:59,300.25,300.25,300.25,300.25,75,56100,306.20,298.90,300.35
07.05.21 10:42:59,297.60,298.55,295.85,295.85,225,56100,306.16,295.00,295.80
07.05.21 10:43:59,295.00,295.00,283.20,283.20,2100,56100,305.43,283.50,285.15
07.05.21 10:44:59,283.60,287.95,283.60,287.55,1575,57075,304.82,285.25,287.35
07.05.21 10:45:59,285.25,285.50,282.15,282.70,900,57075,304.46,281.20,283.55
07.05.21 10:46:59,280.50,284.40,280.50,283.10,225,57075,304.37,283.00,283.80
07.05.21 10:47:59,283.00,284.65,281.15,284.65,375,57675,304.21,282.05,283.80
07.05.21 10:48:59,277.25,278.00,277.25,278.00,525,57675,303.97,277.10,278.20
07.05.21 10:49:59,277.00,280.00,277.00,280.00,525,57675,303.71,279.45,281.00
07.05.21 10:50:59,280.45,281.35,279.50,280.50,375,58050,303.55,281.45,282.55
07.05.21 10:51:59,283.45,284.65,283.45,284.65,450,58050,303.39,281.30,282.75
07.05.21 10:52:59,280.50,280.50,278.85,280.00,300,58050,303.26,281.35,282.85
07.05.21 10:53:59,283.65,283.85,282.85,283.20,375,56850,303.12,282.60,284.00
07.05.21 10:55:59,284.70,285.15,284.70,285.00,600,56850,302.92,283.55,285.05
07.05.21 10:56:59,284.00,284.75,284.00,284.75,150,57450,302.87,285.20,286.50
07.05.21 10:57:59,286.80,286.95,285.05,285.05,675,57450,302.67,285.05,286.50
07.05.21 10:58:59,286.50,287.10,286.50,286.85,225,57450,302.61,285.35,286.90
07.05.21 10:59:59,286.85,288.00,285.65,286.90,375,57525,302.50,287.15,288.00
07.05.21 11:00:59,287.85,288.00,286.15,288.00,225,57525,302.44,287.30,288.55
07.05.21 11:01:59,286.60,286.60,286.60,286.60,75,57525,302.42,287.15,288.00
07.05.21 11:02:59,288.00,288.00,286.70,288.00,300,57525,302.35,286.75,288.00
07.05.21 11:04:59,286.65,286.65,286.65,286.65,75,57525,302.33,285.20,286.45
07.05.21 11:06:59,289.15,289.15,289.15,289.15,75,57600,302.31,286.45,287.65
07.05.21 11:07:59,286.45,287.15,286.45,287.15,150,57600,302.27,289.50,291.20
07.05.21 11:08:59,291.90,291.90,290.40,290.40,900,57600,302.09,288.55,290.25
07.05.21 11:09:59,290.40,290.40,290.00,290.00,225,57525,302.04,288.70,290.05
07.05.21 11:10:59,289.30,289.30,288.00,288.00,225,57525,301.99,287.20,288.55
07.05.21 11:11:59,286.10,288.00,286.10,288.00,150,57825,301.95,286.10,287.20
07.05.21 11:12:59,286.10,286.10,284.50,285.60,600,57825,301.79,286.30,287.55
07.05.21 11:13:59,284.65,284.65,284.65,284.65,75,57825,301.77,283.25,284.25
07.05.21 11:14:59,285.00,285.00,285.00,285.00,75,57825,301.75,285.10,286.10
07.05.21 11:16:59,287.40,287.60,286.50,287.25,825,57600,301.55,286.45,287.50
07.05.21 11:17:59,287.40,287.40,284.00,284.00,150,58200,301.51,283.85,284.70
07.05.21 11:18:59,285.95,285.95,285.95,285.95,75,58200,301.49,285.40,286.05
07.05.21 11:21:59,288.25,288.25,288.25,288.25,150,58050,301.46,286.60,287.60
07.05.21 11:22:59,288.30,288.30,284.00,284.00,150,58050,301.42,284.00,285.35
07.05.21 11:24:59,286.80,286.80,286.80,286.80,375,58350,301.33,282.85,283.85
07.05.21 11:25:59,282.50,283.00,282.50,283.00,150,58350,301.29,284.05,285.00
07.05.21 11:27:59,288.30,288.30,288.30,288.30,75,58575,301.27,288.05,288.80
07.05.21 11:28:59,289.70,291.00,289.70,291.00,450,58575,301.19,289.80,290.90
07.05.21 11:29:59,290.50,294.35,290.50,294.25,825,58575,301.08,292.80,293.85
07.05.21 11:30:59,294.25,294.25,294.15,294.15,225,58500,301.06,291.65,292.85
07.05.21 11:31:59,293.00,293.00,291.85,292.40,225,58500,301.03,291.45,292.55
07.05.21 11:32:59,291.00,291.00,291.00,291.00,75,58500,301.02,291.45,292.60
07.05.21 11:34:59,291.00,291.00,290.00,290.00,150,58725,300.99,289.95,290.80
07.05.21 11:35:59,290.75,290.75,290.75,290.75,75,58725,300.98,290.00,290.85
07.05.21 11:36:59,290.00,290.00,290.00,290.00,75,58650,300.97,291.55,292.40
07.05.21 11:37:59,292.70,292.70,291.95,291.95,150,58650,300.95,291.55,292.60
07.05.21 11:38:59,293.85,293.85,293.85,293.85,75,58650,300.94,293.50,294.50
07.05.21 11:39:59,295.00,297.00,294.90,294.90,525,58950,300.89,294.80,295.85
07.05.21 11:40:59,298.25,298.25,296.90,296.90,375,58950,300.88,295.70,296.90
07.05.21 11:41:59,295.55,295.55,295.50,295.55,225,59250,300.86,295.20,296.25
07.05.21 11:42:59,295.20,295.20,295.20,295.20,75,59250,300.85,294.30,295.45
07.05.21 11:43:59,294.30,296.20,294.30,296.20,600,59250,300.80,294.55,295.65
07.05.21 11:44:59,293.55,293.90,293.55,293.90,150,59250,300.79,292.15,293.25
07.05.21 11:45:59,292.00,292.00,292.00,292.00,150,59475,300.77,291.30,292.45
07.05.21 11:46:59,292.05,292.05,292.05,292.05,75,59475,300.76,289.60,290.75
07.05.21 11:50:59,291.00,291.00,291.00,291.00,75,0,300.75,291.30,292.40
07.05.21 11:51:59,289.10,289.10,289.10,289.10,300,59775,300.69,287.90,289.25
07.05.21 11:53:59,290.70,290.70,290.70,290.70,75,59775,300.68,290.80,291.90
07.05.21 11:54:59,292.45,292.45,292.30,292.30,150,59850,300.66,292.65,293.75
07.05.21 11:56:59,293.75,293.75,293.00,293.20,375,59850,300.63,292.65,293.70
07.05.21 11:57:59,292.00,292.00,291.20,291.20,225,60000,300.59,290.20,291.25
07.05.21 11:58:59,290.05,290.05,290.05,290.05,75,60000,300.58,290.40,291.70
07.05.21 11:59:59,291.60,291.60,289.90,289.90,150,60000,300.56,289.10,290.20
07.05.21 12:00:59,289.10,289.10,285.00,285.00,525,60300,300.46,283.90,285.25
07.05.21 12:02:59,286.50,286.50,286.50,286.50,150,60300,300.43,284.80,285.95
07.05.21 12:05:59,286.30,286.30,286.30,286.30,75,60375,300.42,284.35,285.40
07.05.21 12:09:59,286.75,286.75,285.15,285.15,150,60450,300.38,283.75,284.85
07.05.21 12:10:59,280.00,280.00,277.15,278.30,375,60450,300.27,279.30,280.35
07.05.21 12:11:59,269.15,272.35,267.70,272.35,825,60450,299.93,272.65,273.85
07.05.21 12:12:59,268.80,269.40,268.80,269.40,150,60900,299.86,270.20,271.60
07.05.21 12:13:59,271.80,274.80,271.80,272.35,1275,60900,299.39,271.40,272.70
07.05.21 12:14:59,274.10,276.30,274.10,275.45,375,61050,299.27,273.80,275.15
07.05.21 12:15:59,275.00,275.00,272.40,273.25,600,61050,299.05,274.05,275.05
07.05.21 12:16:59,276.00,276.00,271.80,271.90,825,61050,298.77,270.70,271.85
07.05.21 12:17:59,273.15,273.15,273.15,273.15,300,61050,298.66,273.20,274.20
07.05.21 12:18:59,274.30,275.45,274.30,274.75,1050,61725,298.32,273.65,275.10
07.05.21 12:19:59,272.50,273.20,272.50,273.20,225,61725,298.24,273.25,274.10
07.05.21 12:20:59,272.80,273.05,270.60,271.90,600,61725,298.04,272.95,273.65
07.05.21 12:21:59,272.55,273.35,272.40,272.40,675,62175,297.81,271.70,272.55
07.05.21 12:22:59,272.90,275.70,271.05,275.70,2475,62175,297.11,276.75,277.70
07.05.21 12:24:59,274.80,274.80,265.30,266.25,1350,62775,296.64,267.40,268.45
07.05.21 12:25:59,266.25,268.05,265.90,268.05,525,62775,296.44,268.10,269.20
07.05.21 12:28:59,272.05,274.25,272.05,274.25,225,63225,296.38,273.75,274.60
07.05.21 12:30:59,273.25,273.40,273.00,273.00,300,62325,296.29,272.50,273.40
07.05.21 12:31:59,274.05,274.50,274.05,274.50,300,62325,296.21,273.75,274.55
07.05.21 12:32:59,272.15,272.15,272.15,272.15,150,62325,296.17,271.40,272.30
07.05.21 12:34:59,277.05,277.05,277.05,277.05,75,60825,296.15,276.60,277.05
07.05.21 12:35:59,277.05,277.05,274.65,274.65,450,60825,296.04,273.15,274.15
07.05.21 12:38:59,273.60,273.60,273.60,273.60,75,60450,296.02,273.20,274.25
07.05.21 12:41:59,273.05,273.05,273.05,273.05,75,60075,296.00,275.55,276.55
07.05.21 12:42:59,275.05,278.90,275.05,277.55,375,59850,295.92,277.40,278.80
07.05.21 12:44:59,280.05,280.65,280.05,280.65,300,59850,295.86,278.65,279.70
07.05.21 12:45:59,280.15,280.15,277.00,277.00,1500,59925,295.56,277.40,278.20
07.05.21 12:46:59,278.20,278.20,276.55,277.05,375,59925,295.48,274.95,276.45
07.05.21 12:47:59,274.70,274.70,274.70,274.70,75,59925,295.46,275.15,276.20
07.05.21 12:48:59,277.55,277.55,277.55,277.55,150,61275,295.43,278.30,279.25
07.05.21 12:49:59,278.55,280.00,278.55,280.00,675,61275,295.30,279.55,280.65
07.05.21 12:50:59,278.15,280.65,278.15,279.85,450,61275,295.22,279.40,280.45
07.05.21 12:51:59,279.60,279.60,279.60,279.60,75,61425,295.21,276.15,277.55
07.05.21 12:52:59,275.25,275.25,275.25,275.25,150,61425,295.17,278.00,279.10
07.05.21 12:53:59,278.35,278.35,278.35,278.35,150,61425,295.14,276.45,277.60
07.05.21 12:54:59,277.75,277.75,277.75,277.75,75,61500,295.13,277.05,278.10
07.05.21 12:55:59,278.45,278.45,278.45,278.45,75,61500,295.11,281.10,281.95
07.05.21 12:59:59,278.45,278.45,278.45,278.45,75,61650,295.10,275.95,277.30
07.05.21 13:00:59,277.20,277.20,277.20,277.20,75,61650,295.08,276.65,277.90
07.05.21 13:02:59,277.20,277.20,277.20,277.20,75,61650,295.07,275.55,276.75
07.05.21 13:03:59,275.10,275.75,275.10,275.15,225,61575,295.01,276.30,277.30
07.05.21 13:05:59,277.20,277.20,277.20,277.20,75,61575,295.00,277.00,278.00
07.05.21 13:06:59,275.85,275.85,275.85,275.85,75,61350,294.98,275.10,276.15
07.05.21 13:07:59,274.70,274.70,274.60,274.60,225,61350,294.93,274.15,275.20
07.05.21 13:09:59,274.25,274.25,274.25,274.25,75,61500,294.91,271.90,272.90
07.05.21 13:10:59,274.55,275.20,274.55,275.20,300,61500,294.84,274.70,275.80
07.05.21 13:11:59,274.95,275.75,274.95,275.75,225,61500,294.79,274.80,275.75
07.05.21 13:13:59,274.00,274.00,270.95,270.95,150,62025,294.76,271.50,272.90
07.05.21 13:14:59,273.40,273.40,270.35,270.35,375,62025,294.66,268.15,269.05
07.05.21 13:15:59,269.45,269.45,267.10,267.10,1800,62325,294.15,265.05,266.30
07.05.21 13:16:59,264.50,264.50,260.00,263.30,1275,62325,293.72,263.65,264.55
07.05.21 13:17:59,265.90,265.90,265.90,265.90,75,62325,293.70,265.65,267.05
07.05.21 13:20:59,275.00,275.00,274.85,274.85,225,61875,293.65,274.10,275.20
07.05.21 13:21:59,273.60,274.50,273.60,274.35,225,61725,293.60,271.15,272.20
07.05.21 13:22:59,273.00,273.00,273.00,273.00,225,61725,293.55,272.50,273.60
07.05.21 13:23:59,275.00,275.00,275.00,275.00,75,61725,293.54,274.20,275.45
07.05.21 13:24:59,275.00,275.00,275.00,275.00,75,61950,293.52,274.25,275.05
07.05.21 13:25:59,275.85,275.85,275.85,275.85,75,61950,293.51,274.95,276.10
07.05.21 13:26:59,273.35,273.35,273.35,273.35,75,61950,293.49,273.60,274.65
07.05.21 13:30:59,268.25,270.95,268.10,270.95,900,61950,293.25,270.20,271.00
07.05.21 13:35:59,273.00,273.00,273.00,273.00,75,61725,293.24,271.10,271.95
07.05.21 13:37:59,273.20,275.00,273.20,275.00,375,61725,293.16,274.40,275.10
07.05.21 13:38:59,278.15,278.15,277.40,277.40,150,61725,293.14,275.65,276.65
07.05.21 13:39:59,276.95,276.95,274.70,274.70,150,62100,293.11,275.30,276.25
07.05.21 13:41:59,270.75,270.75,270.75,270.75,75,62100,293.09,271.00,271.90
07.05.21 13:42:59,272.80,272.80,272.80,272.80,75,62100,293.07,273.05,274.15
07.05.21 13:44:59,275.00,275.00,275.00,275.00,150,62100,293.05,273.30,274.40
07.05.21 13:45:59,275.65,275.65,275.65,275.65,75,62175,293.03,273.45,274.75
07.05.21 13:47:59,276.45,276.45,276.45,276.45,75,62175,293.02,276.00,276.85
07.05.21 13:48:59,277.40,277.40,277.40,277.40,375,62175,292.96,276.45,277.50
07.05.21 13:49:59,277.25,280.35,277.25,280.35,375,62175,292.90,281.00,282.10
07.05.21 13:50:59,284.75,285.80,282.00,283.00,825,62175,292.83,281.90,282.90
07.05.21 13:51:59,283.60,288.25,283.60,288.25,450,62775,292.79,289.20,289.95
07.05.21 13:52:59,289.95,289.95,289.95,289.95,75,0,292.79,285.15,286.25
07.05.21 13:53:59,287.35,288.80,287.35,288.80,150,62775,292.79,287.55,288.70
07.05.21 13:54:59,287.80,290.35,287.80,290.35,2325,61125,292.72,288.00,289.10
07.05.21 13:55:59,288.00,289.85,286.15,289.00,450,61125,292.70,288.05,288.90
07.05.21 13:56:59,285.50,285.55,285.30,285.30,300,61125,292.67,284.80,285.80
07.05.21 13:57:59,283.00,283.20,283.00,283.20,675,61350,292.61,282.50,283.60
07.05.21 13:58:59,282.50,282.50,282.50,282.50,75,61350,292.60,284.30,285.30
07.05.21 13:59:59,286.35,286.35,286.35,286.35,300,61350,292.58,286.10,287.35
07.05.21 14:00:59,295.00,299.50,294.45,299.50,2925,61950,292.65,295.70,296.80
07.05.21 14:01:59,295.55,295.65,286.55,287.20,1575,61950,292.61,288.40,289.40
07.05.21 14:02:59,288.00,289.35,286.00,286.00,450,61950,292.59,283.65,285.25
07.05.21 14:03:59,284.00,284.00,281.05,282.15,975,61425,292.49,282.25,283.30
07.05.21 14:05:59,280.65,280.65,280.30,280.30,225,61425,292.47,280.05,281.05
07.05.21 14:06:59,281.95,282.65,281.95,282.65,300,61050,292.44,281.25,282.35
07.05.21 14:07:59,281.40,284.90,281.40,284.90,375,61050,292.41,281.75,282.80
07.05.21 14:08:59,282.30,284.00,282.30,284.00,300,61050,292.38,283.20,284.30
07.05.21 14:09:59,287.20,287.20,287.20,287.20,150,61200,292.37,286.60,287.65
07.05.21 14:10:59,287.85,290.80,287.50,290.80,450,61200,292.36,289.50,290.60
07.05.21 14:11:59,290.70,290.70,287.00,287.50,1425,61200,292.32,288.70,290.10
07.05.21 14:12:59,288.20,289.55,286.75,289.55,225,62775,292.31,288.75,289.80
07.05.21 14:13:59,290.00,293.80,290.00,293.80,600,62775,292.31,292.00,293.05
07.05.21 14:14:59,292.10,292.35,292.10,292.35,150,62775,292.31,291.40,292.50
07.05.21 14:15:59,292.70,293.45,290.85,292.75,675,63225,292.31,292.80,293.90
07.05.21 14:16:59,294.60,296.50,292.00,292.80,1200,63225,292.33,292.05,293.15
07.05.21 14:17:59,292.95,293.55,292.50,293.10,1875,63225,292.34,291.10,292.50
07.05.21 14:18:59,291.30,291.30,288.40,288.40,150,65025,292.34,291.95,293.35
07.05.21 14:19:59,293.35,294.25,293.35,293.40,375,65025,292.34,292.30,293.45
07.05.21 14:21:59,289.95,289.95,289.95,289.95,225,65175,292.34,289.00,290.00
07.05.21 14:22:59,291.00,291.00,291.00,291.00,75,65175,292.33,289.70,290.65
07.05.21 14:23:59,289.65,289.65,289.65,289.65,150,65175,292.33,288.80,289.85
07.05.21 14:24:59,287.35,287.35,287.35,287.35,75,65175,292.33,286.90,288.05
07.05.21 14:25:59,289.40,289.40,289.40,289.40,75,65400,292.33,289.50,290.65
07.05.21 14:26:59,286.65,288.10,286.65,288.10,150,65400,292.32,287.10,288.10
07.05.21 14:27:59,288.00,288.00,286.45,286.45,225,65400,292.31,285.50,286.50
07.05.21 14:29:59,287.90,287.90,287.90,287.90,75,65400,292.31,285.80,286.95
07.05.21 14:30:59,284.35,285.75,283.85,283.85,975,65175,292.24,283.65,285.15
07.05.21 14:31:59,286.90,286.90,286.30,286.30,150,65175,292.23,288.50,289.35
07.05.21 14:32:59,288.70,288.70,288.30,288.30,225,65175,292.23,287.60,288.50
07.05.21 14:33:59,288.55,288.55,288.45,288.45,225,65325,292.22,290.10,291.60
07.05.21 14:34:59,291.45,291.45,291.45,291.45,225,65325,292.22,289.55,290.70
07.05.21 14:35:59,289.25,290.50,289.10,289.10,900,65325,292.20,289.95,291.15
07.05.21 14:36:59,289.70,290.45,288.70,288.70,375,65325,292.20,287.70,288.70
07.05.21 14:37:59,288.75,288.75,288.75,288.75,75,65325,292.19,288.20,289.30
07.05.21 14:38:59,286.80,286.80,286.80,286.80,75,65325,292.19,286.00,286.95
07.05.21 14:39:59,286.00,286.00,285.20,285.30,375,65325,292.17,287.80,288.95
07.05.21 14:40:59,289.65,289.65,289.65,289.65,75,65550,292.17,288.15,289.15
07.05.21 14:41:59,288.00,289.65,287.25,289.65,300,65550,292.16,288.90,290.00
07.05.21 14:42:59,290.00,290.75,288.70,288.70,375,65550,292.15,288.45,289.35
07.05.21 14:43:59,288.75,289.95,288.75,289.95,225,65775,292.15,290.15,290.90
07.05.21 14:44:59,290.55,293.95,290.55,293.60,525,65775,292.15,292.10,293.15
07.05.21 14:45:59,293.75,296.50,293.75,296.50,825,65400,292.16,295.65,296.65
07.05.21 14:46:59,296.30,296.30,295.55,296.10,1650,65400,292.22,294.50,295.35
07.05.21 14:47:59,294.50,294.50,292.80,292.80,600,65400,292.23,292.70,293.80
07.05.21 14:48:59,294.40,294.40,291.75,291.75,225,65700,292.23,291.45,292.60
07.05.21 14:49:59,291.75,291.75,291.75,291.75,75,65700,292.23,294.00,295.10
07.05.21 14:50:59,294.00,296.95,294.00,296.90,1950,65700,292.29,295.60,296.65
07.05.21 14:51:59,294.15,296.15,294.15,295.90,600,66450,292.30,294.50,295.30
07.05.21 14:52:59,295.90,295.90,293.90,295.15,225,66450,292.31,294.00,295.10
07.05.21 14:53:59,295.10,300.95,295.10,300.95,975,66450,292.36,299.85,300.80
07.05.21 14:54:59,299.80,303.45,299.80,303.45,300,66375,292.38,303.40,304.15
07.05.21 14:55:59,302.50,302.50,299.45,299.45,600,66375,292.42,299.65,300.75
07.05.21 14:56:59,298.35,299.50,298.35,299.50,375,66375,292.43,299.85,300.90
07.05.21 14:57:59,299.95,302.05,299.90,299.90,975,66000,292.50,299.35,300.40
07.05.21 14:58:59,299.90,300.00,298.55,300.00,600,66000,292.53,299.80,300.90
07.05.21 14:59:59,300.25,300.25,297.05,297.05,525,66000,292.55,297.10,298.20
07.05.21 15:00:59,298.20,300.00,293.25,293.60,525,66000,292.57,291.55,293.10
07.05.21 15:01:59,291.10,295.00,291.10,295.00,450,66000,292.57,294.50,295.55
07.05.21 15:02:59,295.40,297.45,295.40,297.45,225,66000,292.58,293.20,294.25
07.05.21 15:03:59,294.05,294.05,294.05,294.05,75,66000,292.58,295.50,296.00
07.05.21 15:04:59,296.00,296.00,293.15,294.85,450,65700,292.59,294.80,295.00
07.05.21 15:05:59,295.00,297.05,294.90,297.05,1275,65700,292.62,295.55,296.60
07.05.21 15:06:59,297.25,297.25,294.10,294.10,225,66300,292.62,294.60,296.05
07.05.21 15:07:59,295.00,295.45,295.00,295.45,150,66300,292.62,294.65,295.40
07.05.21 15:08:59,295.40,295.40,295.40,295.40,75,66300,292.63,292.85,294.30
07.05.21 15:09:59,293.50,293.50,293.50,293.50,150,66300,292.63,293.85,295.00
07.05.21 15:10:59,294.95,294.95,293.90,293.90,525,66000,292.63,293.15,294.20
07.05.21 15:11:59,292.90,295.00,292.00,295.00,375,66000,292.64,293.95,295.00
07.05.21 15:12:59,294.00,295.40,292.90,293.10,375,66225,292.64,292.85,293.95
07.05.21 15:13:59,293.45,294.25,293.45,294.25,225,66225,292.64,291.95,293.10
07.05.21 15:14:59,292.55,292.55,291.45,291.45,150,66225,292.64,291.00,291.55
07.05.21 15:15:59,291.00,291.00,287.30,287.30,1275,65775,292.60,287.10,288.85
07.05.21 15:16:59,287.35,287.45,287.35,287.45,300,65775,292.59,284.85,286.50
07.05.21 15:17:59,286.30,286.30,284.00,285.55,300,65775,292.57,284.90,285.90
07.05.21 15:18:59,284.35,285.55,284.25,285.55,375,64575,292.55,286.30,287.25
07.05.21 15:19:59,287.55,287.55,285.30,285.30,1050,64575,292.51,285.70,286.95
07.05.21 15:20:59,286.85,286.85,285.25,285.25,900,64575,292.46,285.65,286.70
07.05.21 15:21:59,285.20,285.20,285.20,285.20,75,64575,292.46,285.75,286.95
07.05.21 15:22:59,285.05,285.05,283.45,283.45,225,65025,292.45,283.35,284.20
07.05.21 15:23:59,284.85,284.85,284.85,284.85,225,65025,292.43,283.50,284.45
07.05.21 15:24:59,283.90,284.25,283.90,284.25,1050,65250,292.37,283.00,284.00
07.05.21 15:25:59,284.00,286.35,283.20,285.65,1350,65250,292.30,286.00,287.05
07.05.21 15:26:59,286.35,287.50,286.35,287.50,375,65250,292.28,286.95,288.00
07.05.21 15:27:59,287.95,287.95,287.50,287.50,150,65250,292.28,285.90,287.00
07.05.21 15:28:59,285.60,285.60,283.65,284.85,300,64725,292.26,283.30,284.30
07.05.21 15:30:00,283.60,283.60,282.05,282.05,375,64725,292.24,282.00,284.95
10.05.21 09:15:59,306.00,336.25,306.00,325.05,1950,64575,324.79,324.55,327.45
10.05.21 09:16:59,325.50,332.45,321.60,331.05,1875,64575,326.88,330.55,334.00
10.05.21 09:17:59,334.50,335.00,330.05,330.60,1800,65100,328.66,330.55,333.45
10.05.21 09:18:59,330.05,332.00,328.60,332.00,1200,65100,329.05,330.05,332.95
10.05.21 09:19:59,331.50,336.00,331.50,334.05,2100,65100,330.36,334.05,336.65
10.05.21 09:20:59,333.65,346.95,333.65,346.95,1575,65475,331.76,341.70,345.70
10.05.21 09:21:59,342.55,344.50,339.35,342.45,525,65475,332.24,344.30,346.40
10.05.21 09:22:59,342.05,342.45,342.05,342.45,150,65475,332.37,341.75,342.90
10.05.21 09:23:59,343.10,343.10,343.10,343.10,150,64950,332.51,341.45,342.50
10.05.21 09:24:59,342.90,342.90,341.60,342.00,300,64950,332.76,341.90,342.95
10.05.21 09:25:59,341.60,341.65,339.95,340.65,375,64950,333.02,338.65,340.10
10.05.21 09:26:59,339.00,341.00,339.00,339.00,225,64800,333.14,339.00,340.15
10.05.21 09:27:59,337.00,337.40,337.00,337.40,750,64800,333.40,337.75,338.90
10.05.21 09:29:59,340.95,340.95,339.00,339.00,450,59175,333.60,337.50,339.45
10.05.21 09:30:59,337.60,339.45,331.00,332.10,600,59175,333.69,331.05,333.60
10.05.21 09:31:59,331.90,331.90,325.30,325.30,225,59175,333.59,327.20,328.90
10.05.21 09:32:59,325.00,325.00,325.00,325.00,75,59175,333.55,323.20,324.95
10.05.21 09:33:59,323.70,326.00,323.70,324.35,750,58725,333.09,325.30,326.50
10.05.21 09:34:59,324.35,324.35,324.35,324.35,75,58725,333.05,323.55,325.85
10.05.21 09:35:59,320.00,323.35,320.00,323.10,450,58725,332.72,322.10,323.10
10.05.21 09:36:59,323.10,323.10,323.10,323.10,150,0,332.63,327.65,329.70
10.05.21 09:38:59,324.65,326.40,323.20,326.40,1050,58725,332.17,326.40,328.30
10.05.21 09:39:59,326.40,326.40,325.45,326.35,225,58725,332.09,326.10,327.95
10.05.21 09:40:59,325.30,325.30,325.30,325.30,75,58725,332.06,322.80,324.95
10.05.21 09:41:59,324.00,324.00,324.00,324.00,75,58725,332.02,325.60,327.80
10.05.21 09:42:59,326.30,326.50,326.30,326.50,150,59025,331.97,323.75,325.95
10.05.21 09:43:59,325.45,325.45,325.15,325.15,1275,59025,331.50,326.25,328.10
10.05.21 09:44:59,326.60,326.60,326.60,326.60,225,58500,331.43,324.25,326.95
10.05.21 09:46:59,329.00,330.35,329.00,330.35,225,58500,331.41,331.15,333.65
10.05.21 09:47:59,331.00,331.00,331.00,331.00,150,57675,331.41,329.90,331.95
10.05.21 09:49:59,326.60,326.60,326.60,326.60,150,57675,331.37,325.55,327.45
10.05.21 09:52:59,322.60,322.60,322.60,322.60,75,57675,331.34,323.55,325.55
10.05.21 09:53:59,323.20,323.20,323.20,323.20,75,57675,331.30,319.20,321.60
10.05.21 09:54:59,318.65,318.65,318.65,318.65,150,57675,331.21,313.20,314.95
10.05.21 09:56:59,316.20,316.20,316.20,316.20,75,57600,331.15,315.95,317.70
10.05.21 09:57:59,317.70,318.00,317.70,318.00,150,57600,331.05,317.90,320.75
10.05.21 10:00:59,313.00,313.05,313.00,313.05,300,57675,330.78,313.10,314.95
10.05.21 10:01:59,313.70,313.70,313.70,313.70,75,57675,330.72,315.65,317.20
10.05.21 10:03:59,316.80,316.80,316.80,316.80,75,57750,330.67,318.55,320.30
10.05.21 10:05:59,317.50,317.50,315.60,315.60,150,57675,330.56,315.20,317.05
10.05.21 10:07:59,316.50,316.50,316.50,316.50,75,57675,330.51,313.65,315.60
10.05.21 10:08:59,317.45,317.95,317.45,317.95,225,57750,330.37,317.20,319.00
10.05.21 10:10:59,318.90,320.00,318.90,320.00,150,57750,330.29,319.05,320.90
10.05.21 10:13:59,319.20,319.20,319.20,319.20,75,57750,330.25,319.25,321.20
10.05.21 10:14:59,322.50,324.20,322.50,324.20,2175,57825,329.64,323.10,325.15
10.05.21 10:15:59,324.20,324.20,324.20,324.20,75,57825,329.62,323.55,325.20
10.05.21 10:17:59,325.00,325.00,324.90,324.90,150,57225,329.59,325.70,327.85
10.05.21 10:21:59,326.10,326.10,326.10,326.10,75,57225,329.58,326.00,328.30
10.05.21 10:22:59,326.80,326.80,326.80,326.80,75,57225,329.57,327.75,329.70
10.05.21 10:23:59,327.00,327.00,327.00,327.00,75,57075,329.56,325.60,327.95
10.05.21 10:25:59,327.45,327.45,326.95,326.95,825,57075,329.49,325.20,327.05
10.05.21 10:28:59,327.00,327.00,327.00,327.00,75,57900,329.48,325.00,326.45
10.05.21 10:33:59,329.45,329.45,329.45,329.45,75,57900,329.48,329.20,330.80
10.05.21 10:34:59,332.00,332.00,332.00,332.00,300,57900,329.51,330.75,332.80
10.05.21 10:36:59,332.40,332.40,332.40,332.40,75,58050,329.52,332.65,334.45
10.05.21 10:43:59,327.75,327.75,327.75,327.75,75,57975,329.52,325.55,328.45
10.05.21 10:50:59,330.00,330.00,330.00,330.00,75,57975,329.52,329.75,331.65
10.05.21 10:52:59,328.35,328.35,328.35,328.35,75,57975,329.52,328.35,330.50
10.05.21 10:56:59,322.90,322.90,321.80,321.80,300,57975,329.43,323.00,325.15
10.05.21 10:57:59,323.00,323.00,323.00,323.00,75,57900,329.41,322.75,324.75
10.05.21 10:59:59,324.90,324.90,324.90,324.90,75,57900,329.40,322.90,324.90
10.05.21 11:00:59,323.70,323.70,323.70,323.70,75,57900,329.38,319.55,321.85
10.05.21 11:02:59,324.00,324.00,324.00,324.00,150,57900,329.35,323.35,325.55
10.05.21 11:10:59,332.00,332.00,332.00,332.00,375,57675,329.39,332.05,333.00
10.05.21 11:12:59,332.00,332.00,332.00,332.00,150,57300,329.40,328.10,329.95
10.05.21 11:15:59,329.30,329.30,329.30,329.30,75,57450,329.40,326.90,328.95
10.05.21 11:17:59,328.45,328.65,328.20,328.20,750,57375,329.38,329.00,331.30
10.05.21 11:22:59,333.10,340.80,333.10,340.80,750,57225,329.53,337.85,340.00
10.05.21 11:24:59,339.40,339.40,339.40,339.40,75,57225,329.56,336.85,338.50
10.05.21 11:25:59,334.45,334.50,334.45,334.50,150,57225,329.58,333.15,335.00
10.05.21 11:26:59,334.45,334.45,331.50,331.50,150,57225,329.60,331.90,333.50
10.05.21 11:27:59,334.95,334.95,334.95,334.95,75,56700,329.62,332.30,334.15
10.05.21 11:31:59,338.00,338.00,338.00,338.00,75,56775,329.64,337.45,339.10
10.05.21 11:32:59,335.00,335.00,335.00,335.00,75,56775,329.65,334.35,336.40
10.05.21 11:34:59,335.05,335.05,335.05,335.05,75,56625,329.67,334.45,336.70
10.05.21 11:39:59,338.45,338.45,338.45,338.45,75,56550,329.69,338.00,339.45
10.05.21 11:41:59,337.80,338.50,337.80,338.50,375,56550,329.80,338.05,340.25
10.05.21 11:44:59,335.95,335.95,335.95,335.95,75,56925,329.81,335.50,337.80
10.05.21 11:45:59,336.00,336.00,330.80,330.80,300,56925,329.84,329.35,331.35
10.05.21 11:53:59,334.25,334.25,334.25,334.25,75,56625,329.85,332.20,334.30
10.05.21 11:58:59,327.80,327.80,327.80,327.80,75,56550,329.84,327.60,329.55
10.05.21 12:00:59,330.85,330.95,330.85,330.95,375,56625,329.86,330.95,332.95
10.05.21 12:04:59,335.90,335.90,335.90,335.90,75,56925,329.87,333.35,335.30
10.05.21 12:10:59,332.50,332.50,332.50,332.50,75,56850,329.88,328.00,330.95
10.05.21 12:13:59,331.50,331.50,331.50,331.50,75,56550,329.88,328.90,330.95
10.05.21 12:16:59,328.80,329.30,328.55,328.55,750,56550,329.85,328.55,330.70
10.05.21 12:24:59,332.10,332.10,332.10,332.10,75,56550,329.86,330.10,331.95
10.05.21 12:29:59,334.40,334.40,334.40,334.40,75,56400,329.87,333.10,335.40
10.05.21 12:35:59,331.40,331.40,331.40,331.40,75,0,329.87,331.15,333.05
10.05.21 12:39:59,340.70,340.70,340.70,340.70,75,55800,329.90,339.35,341.50
10.05.21 12:40:59,344.55,344.55,344.55,344.55,75,55800,329.93,342.65,344.95
10.05.21 12:43:59,344.55,347.00,344.55,347.00,225,55800,330.05,344.55,346.75
10.05.21 12:47:59,340.35,340.35,340.35,340.35,75,55875,330.07,339.55,341.80
10.05.21 12:48:59,339.75,339.75,339.75,339.75,75,55800,330.10,339.50,340.95
10.05.21 12:49:59,342.00,342.00,342.00,342.00,75,55800,330.13,341.65,343.55
10.05.21 12:52:59,339.90,339.90,339.90,339.90,75,55725,330.15,340.05,342.85
10.05.21 12:54:59,342.00,342.00,342.00,342.00,75,55650,330.18,341.05,343.85
10.05.21 12:55:59,339.80,339.80,339.80,339.80,75,55650,330.20,338.05,340.45
10.05.21 13:00:59,343.00,343.00,343.00,343.00,75,55575,330.23,344.00,346.45
10.05.21 13:04:59,345.45,345.45,345.45,345.45,75,55575,330.26,342.15,344.45
10.05.21 13:07:59,342.00,342.00,342.00,342.00,450,55500,330.43,340.15,342.00
10.05.21 13:08:59,342.00,342.00,342.00,342.00,225,55500,330.50,341.65,344.00
10.05.21 13:11:59,327.70,327.70,327.70,327.70,150,55050,330.49,327.15,328.85
10.05.21 13:16:59,320.95,320.95,320.95,320.95,75,54975,330.47,324.20,326.45
10.05.21 13:17:59,326.75,326.75,326.75,326.75,300,54975,330.43,325.40,327.45
10.05.21 13:21:59,327.50,327.50,327.50,327.50,150,54750,330.42,323.80,326.95
10.05.21 13:23:59,329.45,329.45,329.45,329.45,75,54900,330.42,326.55,329.00
10.05.21 13:25:59,330.10,330.10,330.05,330.05,225,54900,330.42,327.05,329.15
10.05.21 13:27:59,332.00,332.00,328.55,328.55,225,54825,330.42,328.50,331.45
10.05.21 13:31:59,328.20,328.20,328.20,328.20,75,54900,330.41,328.00,330.75
10.05.21 13:34:59,330.50,330.50,330.50,330.50,75,54975,330.42,329.05,331.95
10.05.21 13:50:59,331.00,331.00,331.00,331.00,75,55050,330.42,330.15,332.45
10.05.21 14:00:59,339.00,339.00,338.45,338.45,900,54225,330.64,336.45,339.00
10.05.21 14:07:59,339.50,339.50,339.50,339.50,150,54300,330.68,336.75,339.50
10.05.21 14:15:59,333.10,333.10,333.10,333.10,150,54450,330.69,332.55,336.05
10.05.21 14:17:59,336.05,350.00,336.05,347.50,1200,54450,331.16,346.00,348.95
10.05.21 14:18:59,343.00,343.00,343.00,343.00,150,54450,331.21,343.05,345.95
10.05.21 14:19:59,343.00,343.00,343.00,343.00,75,53700,331.23,342.55,344.95
10.05.21 14:22:59,341.25,341.25,341.25,341.25,75,53625,331.25,341.00,342.75
10.05.21 14:26:59,332.00,332.00,327.50,327.50,225,53625,331.25,328.50,331.40
10.05.21 14:27:59,329.95,329.95,329.95,329.95,75,53625,331.25,332.00,333.05
10.05.21 14:28:59,332.00,332.00,332.00,332.00,150,53550,331.25,331.35,333.70
10.05.21 14:31:59,335.00,335.00,335.00,335.00,150,53700,331.26,335.55,337.95
10.05.21 14:32:59,336.05,336.05,336.00,336.00,150,53700,331.28,333.55,336.00
10.05.21 14:34:59,335.45,335.45,335.45,335.45,75,53475,331.29,331.55,333.95
10.05.21 14:37:59,339.00,339.00,339.00,339.00,75,53550,331.31,334.10,336.35
10.05.21 14:52:59,330.50,330.50,330.50,330.50,150,53625,331.30,330.50,332.45
10.05.21 14:54:59,334.15,334.15,334.15,334.15,225,53550,331.32,331.95,333.95
10.05.21 14:57:59,332.10,332.10,332.10,332.10,75,53325,331.32,329.55,331.55
10.05.21 14:58:59,331.20,331.20,331.20,331.20,75,53325,331.32,329.65,331.45
10.05.21 15:00:59,334.00,334.00,334.00,334.00,75,53400,331.33,333.55,335.90
10.05.21 15:03:59,333.10,333.10,333.10,333.10,75,53400,331.33,331.55,333.65
10.05.21 15:04:59,333.00,333.00,333.00,333.00,75,53400,331.33,331.95,333.55
10.05.21 15:06:59,333.00,334.45,333.00,334.45,150,53400,331.34,332.95,334.25
10.05.21 15:11:59,329.20,329.20,329.20,329.20,75,53325,331.34,327.20,328.95
10.05.21 15:12:59,326.85,326.85,326.85,326.85,75,53325,331.33,328.35,330.25
10.05.21 15:13:59,327.65,327.65,327.65,327.65,75,53250,331.32,327.90,329.70
10.05.21 15:16:59,324.90,325.75,324.90,325.75,150,53175,331.30,322.20,323.70
10.05.21 15:17:59,322.95,322.95,321.80,321.80,150,53175,331.26,321.55,322.60
10.05.21 15:18:59,321.65,323.30,321.65,322.05,450,53325,331.16,322.00,323.95
10.05.21 15:19:59,322.10,324.75,322.10,324.75,750,53325,331.02,323.40,325.15
10.05.21 15:20:59,325.00,325.00,325.00,325.00,450,53325,330.95,324.55,326.75
10.05.21 15:23:59,327.20,327.20,327.20,327.20,75,52800,330.94,326.15,328.50
10.05.21 15:25:59,327.25,329.70,327.25,329.70,150,52800,330.94,330.00,333.25
10.05.21 15:27:59,332.00,332.00,330.50,330.50,150,52800,330.94,329.90,331.95
10.05.21 15:28:59,330.00,330.00,330.00,330.00,75,52800,330.93,329.75,331.00
10.05.21 15:30:00,327.30,327.30,327.30,327.30,75,52800,330.93,325.00,331.00
11.05.21 09:15:59,230.95,241.50,225.55,238.00,1425,52800,231.82,236.05,240.50
11.05.21 09:16:59,236.60,237.50,233.05,237.50,1425,52800,233.98,235.80,237.50
11.05.21 09:17:59,238.50,239.50,237.95,239.50,750,53400,234.90,237.00,238.00
11.05.21 09:18:59,238.00,241.00,236.45,240.00,975,53400,235.81,238.60,241.40
11.05.21 09:19:59,239.30,241.35,238.00,241.35,375,53400,236.07,239.40,241.35
11.05.21 09:20:59,239.85,243.00,237.00,243.00,600,54450,236.45,242.25,244.40
11.05.21 09:21:59,243.55,243.55,242.00,242.40,825,54450,237.22,242.05,243.75
11.05.21 09:22:59,242.50,242.50,241.90,241.90,375,54450,237.50,241.85,243.50
11.05.21 09:23:59,244.20,245.80,244.20,245.80,300,54375,237.82,245.05,246.35
11.05.21 09:24:59,245.80,246.25,243.15,245.70,1725,54375,239.26,244.10,245.40
11.05.21 09:25:59,244.15,244.15,241.90,242.80,1050,54375,239.62,242.80,244.20
11.05.21 09:26:59,242.00,244.40,241.90,244.40,1725,55800,240.12,244.60,245.90
11.05.21 09:27:59,246.50,246.55,243.60,246.55,600,55800,240.39,244.85,246.45
11.05.21 09:28:59,246.90,249.45,245.70,249.45,1125,55800,240.94,246.45,247.50
11.05.21 09:29:59,247.60,247.90,246.50,247.90,1050,56775,241.48,247.90,249.05
11.05.21 09:30:59,249.05,249.05,246.15,247.00,1425,56775,242.05,245.55,247.25
11.05.21 09:31:59,247.00,252.45,247.00,251.00,1800,56775,242.89,250.25,251.85
11.05.21 09:32:59,250.45,250.45,246.55,246.95,1050,58800,243.20,247.30,248.20
11.05.21 09:33:59,249.00,249.00,246.00,248.70,900,58800,243.40,246.75,248.10
11.05.21 09:34:59,246.95,248.30,245.65,248.30,750,58800,243.52,246.25,247.55
11.05.21 09:35:59,248.10,248.10,245.00,245.00,600,59925,243.60,245.95,247.45
11.05.21 09:36:59,250.05,250.05,245.00,245.00,1950,59925,244.11,243.20,244.90
11.05.21 09:37:59,242.45,242.85,241.65,242.50,525,59925,244.07,242.35,243.05
11.05.21 09:39:59,241.20,242.80,241.15,242.25,2700,61350,243.86,240.75,242.25
11.05.21 09:40:59,242.30,244.05,241.80,242.45,3300,61350,243.76,240.85,242.20
11.05.21 09:41:59,243.05,243.05,243.05,243.05,75,62550,243.76,244.50,245.00
11.05.21 09:42:59,244.85,244.85,241.00,241.00,375,62550,243.76,241.75,242.80
11.05.21 09:43:59,243.85,243.85,240.30,240.30,300,62550,243.73,241.10,242.35
11.05.21 09:44:59,243.90,243.90,242.30,242.30,150,62325,243.73,242.10,243.45
11.05.21 09:45:59,242.00,242.00,240.15,241.00,375,62325,243.69,240.50,241.35
11.05.21 09:46:59,241.00,245.60,241.00,245.60,450,62325,243.70,245.00,246.15
11.05.21 09:47:59,245.75,248.90,245.75,248.90,450,62775,243.74,247.75,249.35
11.05.21 09:48:59,249.50,249.50,246.00,246.00,450,62775,243.79,245.85,247.20
11.05.21 09:49:59,246.55,246.90,246.05,246.90,450,62775,243.84,246.00,246.95
11.05.21 09:50:59,247.45,248.80,247.00,247.35,825,63000,243.93,247.05,248.00
11.05.21 09:51:59,248.00,250.00,247.05,250.00,825,63000,244.06,248.00,249.60
11.05.21 09:52:59,248.00,249.90,248.00,249.50,1500,63000,244.27,248.50,249.95
11.05.21 09:53:59,250.00,251.45,250.00,250.30,600,63900,244.37,248.75,249.90
11.05.21 09:54:59,248.75,250.30,248.75,250.30,375,63900,244.43,248.65,250.05
11.05.21 09:55:59,248.20,250.05,248.20,249.35,600,63900,244.49,249.15,250.70
11.05.21 09:56:59,251.55,251.55,249.15,249.15,525,63975,244.58,249.15,250.45
11.05.21 09:57:59,250.90,250.90,248.50,248.50,525,63975,244.65,248.40,249.70
11.05.21 09:58:59,249.55,249.75,248.10,249.75,450,63975,244.70,249.25,250.00
11.05.21 09:59:59,250.00,250.50,250.00,250.50,450,63825,244.76,249.60,250.45
11.05.21 10:00:59,250.40,250.75,248.35,248.40,450,63825,244.82,248.35,249.10
11.05.21 10:01:59,249.25,252.35,249.25,250.60,900,63825,244.94,249.75,251.15
11.05.21 10:02:59,249.65,250.85,247.85,247.85,675,63975,245.02,247.50,248.50
11.05.21 10:03:59,248.35,249.00,247.90,249.00,450,63975,245.05,247.95,249.05
11.05.21 10:04:59,246.00,248.85,246.00,248.85,150,63975,245.06,248.45,249.50
11.05.21 10:05:59,248.75,249.60,248.75,248.75,225,63450,245.08,247.95,248.90
11.05.21 10:06:59,248.85,248.85,247.15,247.15,375,63450,245.11,247.25,248.20
11.05.21 10:07:59,247.15,247.15,245.90,246.70,600,63450,245.13,246.10,246.95
11.05.21 10:08:59,246.90,246.90,244.85,245.15,375,63600,245.13,244.80,245.85
11.05.21 10:09:59,246.85,248.00,246.85,248.00,225,63600,245.14,247.60,249.40
11.05.21 10:10:59,248.70,249.65,247.90,249.65,450,63600,245.18,248.30,249.10
11.05.21 10:11:59,248.50,248.50,247.65,247.65,150,63375,245.19,247.60,248.40
11.05.21 10:12:59,249.70,249.70,249.70,249.70,75,63375,245.20,248.30,249.30
11.05.21 10:14:59,248.00,248.25,248.00,248.25,450,63675,245.23,247.95,249.00
11.05.21 10:15:59,249.70,249.70,247.25,247.25,300,63675,245.26,246.00,247.00
11.05.21 10:16:59,245.65,246.85,245.05,245.85,825,63675,245.27,244.85,246.00
11.05.21 10:17:59,246.00,246.00,242.75,242.75,675,63825,245.25,242.40,243.50
11.05.21 10:18:59,245.00,245.00,245.00,245.00,75,63825,245.24,244.20,245.10
11.05.21 10:19:59,244.90,246.55,244.60,246.55,375,63825,245.25,245.90,246.70
11.05.21 10:20:59,246.25,246.35,245.40,246.35,525,63450,245.26,245.10,246.00
11.05.21 10:21:59,245.50,245.50,245.50,245.50,75,63450,245.26,244.85,245.90
11.05.21 10:23:59,246.00,246.00,246.00,246.00,75,63525,245.26,246.00,246.95
11.05.21 10:24:59,247.05,247.05,246.00,246.00,450,63525,245.27,246.15,247.25
11.05.21 10:25:59,246.00,246.00,246.00,246.00,75,63525,245.27,245.05,246.05
11.05.21 10:26:59,245.40,245.40,243.45,243.45,300,63225,245.26,243.80,244.75
11.05.21 10:28:59,242.00,243.00,241.15,241.15,300,63225,245.25,241.05,241.95
11.05.21 10:30:59,244.20,246.70,244.20,246.70,300,63300,245.25,245.60,247.00
11.05.21 10:31:59,245.00,245.00,245.00,245.00,300,63300,245.24,245.00,245.90
11.05.21 10:32:59,245.05,245.05,245.05,245.05,75,63300,245.24,244.20,245.20
11.05.21 10:33:59,244.35,245.00,244.15,245.00,825,63675,245.24,245.50,246.00
11.05.21 10:34:59,245.00,245.20,244.10,245.20,300,63675,245.23,244.25,245.05
11.05.21 10:35:59,244.00,245.75,244.00,245.05,1650,64275,245.23,245.60,246.40
11.05.21 10:36:59,244.85,246.55,244.85,246.55,450,64275,245.23,245.45,246.20
11.05.21 10:37:59,246.85,246.85,246.85,246.85,150,64275,245.24,246.10,247.00
11.05.21 10:38:59,247.00,247.00,246.00,246.00,450,64650,245.25,245.40,246.45
11.05.21 10:39:59,245.00,245.00,245.00,245.00,75,64650,245.25,245.85,246.60
11.05.21 10:40:59,245.75,247.60,245.75,246.30,900,64650,245.27,246.45,247.50
11.05.21 10:41:59,247.95,247.95,245.85,245.85,150,64875,245.28,245.70,246.65
11.05.21 10:42:59,246.80,246.80,246.00,246.00,300,64875,245.28,245.90,246.80
11.05.21 10:43:59,246.50,246.60,246.50,246.60,375,64875,245.29,246.25,247.15
11.05.21 10:44:59,246.05,246.05,246.00,246.00,375,64950,245.30,246.10,246.95
11.05.21 10:45:59,246.90,246.90,246.65,246.65,300,64950,245.30,245.60,246.25
11.05.21 10:46:59,246.75,246.75,246.75,246.75,300,64950,245.31,245.40,246.80
11.05.21 10:48:59,246.00,246.00,246.00,246.00,150,65175,245.31,245.50,246.00
11.05.21 10:49:59,243.95,243.95,243.95,243.95,75,65175,245.31,243.65,244.60
11.05.21 10:50:59,243.75,244.65,242.80,244.65,450,65100,245.30,244.00,244.95
11.05.21 10:51:59,245.00,246.00,245.00,246.00,150,65100,245.30,245.40,246.00
11.05.21 10:53:59,245.20,245.80,245.20,245.80,150,65100,245.30,245.50,246.50
11.05.21 10:54:59,244.90,245.00,244.90,245.00,300,65325,245.30,245.00,245.60
11.05.21 10:55:59,245.60,246.00,245.60,246.00,600,65325,245.30,245.30,246.20
11.05.21 10:56:59,245.30,245.80,245.30,245.80,150,65325,245.30,244.60,245.55
11.05.21 10:57:59,245.55,245.55,245.00,245.00,525,65775,245.30,244.50,245.55
11.05.21 10:58:59,244.05,245.00,244.05,245.00,150,65775,245.30,244.45,245.45
11.05.21 10:59:59,245.00,245.00,245.00,245.00,75,65775,245.30,244.95,246.00
11.05.21 11:00:59,244.95,245.30,244.45,244.45,225,66150,245.30,245.35,246.30
11.05.21 11:01:59,247.00,247.00,246.85,246.85,150,66150,245.30,246.25,247.15
11.05.21 11:02:59,247.00,247.00,245.85,245.85,225,66150,245.31,244.30,245.20
11.05.21 11:03:59,245.85,245.85,245.85,245.85,75,65925,245.31,246.20,247.00
11.05.21 11:04:59,246.75,246.75,246.45,246.45,225,65925,245.31,245.40,246.45
11.05.21 11:05:59,247.10,248.00,247.10,248.00,450,66150,245.33,247.10,248.00
11.05.21 11:06:59,247.65,247.65,244.25,244.25,300,66150,245.34,244.15,245.00
11.05.21 11:07:59,244.00,244.00,244.00,244.00,375,66150,245.33,243.90,244.80
11.05.21 11:08:59,244.00,244.00,244.00,244.00,525,66150,245.32,243.05,243.60
11.05.21 11:09:59,243.05,243.05,243.00,243.00,150,65775,245.31,242.60,243.45
11.05.21 11:10:59,243.55,243.55,243.55,243.55,750,65775,245.29,243.85,244.70
11.05.21 11:13:59,243.05,243.95,243.05,243.95,525,66450,245.28,243.20,244.15
11.05.21 11:14:59,244.30,244.30,244.30,244.30,450,66450,245.27,244.25,244.75
11.05.21 11:15:59,244.75,247.60,244.75,245.85,825,66450,245.29,246.20,247.05
11.05.21 11:16:59,247.25,250.00,247.25,250.00,825,66450,245.33,249.20,251.00
11.05.21 11:17:59,250.00,250.00,247.30,247.30,675,66600,245.37,247.55,248.45
11.05.21 11:18:59,248.45,248.45,248.45,248.45,75,66600,245.37,246.70,247.70
11.05.21 11:20:59,248.00,248.85,247.25,248.85,1050,66600,245.42,247.40,248.95
11.05.21 11:21:59,249.00,250.35,249.00,249.35,675,66750,245.47,249.00,249.90
11.05.21 11:22:59,246.95,246.95,246.95,246.95,75,66750,245.47,247.00,247.60
11.05.21 11:25:59,249.35,250.90,249.35,250.90,300,66750,245.49,250.20,251.00
11.05.21 11:26:59,251.00,253.35,251.00,252.85,1050,66450,245.59,252.30,253.55
11.05.21 11:27:59,254.00,256.90,254.00,254.00,900,66450,245.72,253.70,254.65
11.05.21 11:28:59,253.05,254.35,253.00,254.35,450,66450,245.77,252.80,254.05
11.05.21 11:29:59,254.35,255.00,254.35,255.00,150,66450,245.79,254.55,256.00
11.05.21 11:30:59,255.15,260.25,255.15,258.10,1950,66150,246.11,256.45,257.50
11.05.21 11:31:59,257.65,257.65,256.90,256.90,375,66150,246.17,257.30,258.00
11.05.21 11:32:59,258.10,263.55,258.10,262.45,15975,66150,249.12,262.25,263.20
11.05.21 11:33:59,266.40,275.15,266.40,273.95,4875,80700,250.31,272.05,273.35
11.05.21 11:34:59,272.05,273.45,270.55,273.20,3750,80700,251.14,273.00,274.50
11.05.21 11:35:59,275.35,276.00,274.65,275.10,3150,80700,251.91,273.70,275.15
11.05.21 11:36:59,273.75,278.00,273.75,277.60,4575,76725,253.02,276.35,277.80
11.05.21 11:37:59,276.55,276.55,273.45,273.45,1425,76725,253.31,273.05,273.90
11.05.21 11:38:59,272.40,275.20,272.40,274.80,750,76725,253.45,273.00,273.85
11.05.21 11:39:59,274.80,275.50,274.80,275.50,150,71700,253.48,273.95,274.90
11.05.21 11:40:59,274.75,276.05,274.10,274.10,600,71700,253.60,273.15,274.00
11.05.21 11:41:59,273.80,273.80,273.80,273.80,75,71700,253.61,273.90,274.10
11.05.21 11:42:59,274.10,274.10,273.00,273.00,450,71700,253.69,272.05,272.85
11.05.21 11:43:59,272.00,272.00,270.15,271.30,750,71700,253.81,270.95,271.70
11.05.21 11:44:59,270.30,272.70,270.00,272.70,600,71700,253.91,271.25,272.45
11.05.21 11:45:59,270.00,276.15,270.00,276.15,450,71475,253.99,275.25,276.10
11.05.21 11:46:59,275.50,279.00,275.50,276.70,2925,71475,254.60,276.10,277.05
11.05.21 11:47:59,275.20,275.20,275.20,275.20,75,71475,254.62,274.80,275.65
11.05.21 11:48:59,275.20,275.20,274.00,274.00,1125,69600,254.81,272.85,273.00
11.05.21 11:49:59,273.00,275.20,273.00,275.20,2400,69600,255.19,275.75,276.85
11.05.21 11:50:59,277.55,278.30,276.00,276.00,525,69600,255.29,275.45,276.25
11.05.21 11:51:59,275.00,275.00,275.00,275.00,150,68025,255.31,274.45,275.30
11.05.21 11:52:59,274.30,274.30,274.30,274.30,75,68025,255.32,271.90,272.95
11.05.21 11:53:59,272.55,272.55,272.55,272.55,75,68025,255.34,270.85,271.95
11.05.21 11:54:59,271.00,271.95,270.55,271.95,2775,68025,255.70,271.20,272.20
11.05.21 11:55:59,270.00,270.00,268.00,268.00,525,68025,255.75,268.70,269.70
11.05.21 11:56:59,265.05,267.85,265.05,267.00,2100,68025,255.92,266.20,267.00
11.05.21 11:57:59,267.00,267.00,267.00,267.00,1050,64875,256.02,267.50,268.50
11.05.21 11:58:59,267.45,267.45,267.00,267.00,225,64875,256.04,267.20,267.95
11.05.21 12:00:59,268.15,271.85,268.15,271.85,300,64500,256.07,271.05,271.95
11.05.21 12:01:59,272.45,272.70,272.25,272.70,375,64500,256.12,271.70,272.70
11.05.21 12:02:59,270.75,270.75,270.75,270.75,150,64500,256.14,271.00,271.85
11.05.21 12:03:59,270.75,271.20,270.75,271.20,150,64500,256.15,269.60,270.40
11.05.21 12:06:59,271.00,271.00,271.00,271.00,75,64350,256.16,271.05,272.05
11.05.21 12:09:59,275.00,275.00,275.00,275.00,150,64350,256.19,274.00,275.55
11.05.21 12:10:59,275.70,280.00,275.70,280.00,375,64350,256.25,279.10,280.15
11.05.21 12:11:59,280.00,280.85,279.00,279.00,1125,64350,256.46,277.70,278.65
11.05.21 12:13:59,277.75,278.05,276.95,276.95,375,63300,256.52,277.10,278.00
11.05.21 12:14:59,277.80,277.80,277.80,277.80,75,63300,256.54,277.00,277.75
11.05.21 12:15:59,277.85,277.85,275.85,276.00,600,63450,256.63,275.95,276.80
11.05.21 12:16:59,277.00,280.00,277.00,280.00,300,63450,256.68,280.35,281.55
11.05.21 12:17:59,280.00,280.00,280.00,280.00,75,63450,256.70,278.65,279.75
11.05.21 12:18:59,279.40,279.40,278.00,278.00,225,63150,256.73,276.70,277.60
11.05.21 12:20:59,278.00,278.00,278.00,278.00,75,63150,256.75,277.15,278.05
11.05.21 12:21:59,278.50,278.50,278.50,278.50,75,63450,256.76,277.30,278.30
11.05.21 12:23:59,280.50,280.50,279.55,279.55,150,63450,256.79,279.00,279.85
11.05.21 12:24:59,279.10,280.45,279.10,280.45,375,63450,256.85,279.05,280.65
11.05.21 12:25:59,277.35,277.35,277.35,277.35,75,63450,256.87,277.45,278.30
11.05.21 12:26:59,278.00,278.25,278.00,278.25,225,63450,256.90,279.00,279.85
11.05.21 12:27:59,280.00,284.00,280.00,280.35,975,62850,257.09,280.30,281.20
11.05.21 12:28:59,280.20,280.20,280.20,280.20,75,62850,257.10,280.00,280.90
11.05.21 12:29:59,280.20,280.20,280.20,280.20,75,62850,257.11,281.90,282.80
11.05.21 12:30:59,282.80,282.80,280.20,280.20,225,62550,257.16,281.40,282.80
11.05.21 12:31:59,283.45,283.45,280.50,280.50,225,62550,257.20,280.20,281.70
11.05.21 12:34:59,277.05,277.05,277.05,277.05,225,62400,257.23,276.90,277.80
11.05.21 12:35:59,275.25,275.25,275.00,275.00,525,62400,257.30,273.45,274.30
11.05.21 12:36:59,272.95,272.95,272.95,272.95,300,62400,257.34,271.40,272.35
11.05.21 12:37:59,270.85,270.85,270.85,270.85,375,62475,257.38,269.00,269.35
11.05.21 12:38:59,270.05,270.05,269.00,269.00,225,62475,257.40,269.15,270.05
11.05.21 12:39:59,269.60,269.60,268.85,268.85,450,62775,257.44,267.70,268.55
11.05.21 12:40:59,266.85,269.05,266.50,269.05,825,62775,257.50,270.50,271.50
11.05.21 12:41:59,271.45,272.00,271.25,271.25,300,62775,257.53,270.55,271.65
11.05.21 12:44:59,270.85,270.85,270.85,270.85,75,63525,257.54,269.45,270.45
11.05.21 12:45:59,269.10,269.10,260.10,261.90,1050,63675,257.60,261.85,262.85
11.05.21 12:46:59,261.45,261.70,258.85,260.55,2325,63675,257.64,259.90,260.75
11.05.21 12:47:59,259.45,259.45,255.40,255.40,675,63675,257.64,255.20,256.00
11.05.21 12:48:59,256.45,257.25,253.95,255.00,2625,62775,257.61,254.75,255.85
11.05.21 12:49:59,256.65,259.45,256.65,259.45,900,62775,257.61,258.35,259.45
11.05.21 12:50:59,257.50,257.50,255.25,255.25,225,62775,257.61,257.35,258.00
11.05.21 12:51:59,259.45,260.00,259.45,260.00,150,65400,257.61,260.10,261.05
11.05.21 12:52:59,260.00,260.00,260.00,260.00,75,65400,257.61,258.15,259.10
11.05.21 12:53:59,255.00,257.95,255.00,257.95,225,65400,257.61,257.15,258.00
11.05.21 12:55:59,256.25,256.25,256.25,256.25,75,65850,257.61,257.00,257.95
11.05.21 12:56:59,257.95,258.00,257.45,257.45,225,65850,257.61,257.20,258.10
11.05.21 12:57:59,258.90,258.90,258.90,258.90,75,65925,257.61,257.95,259.00
11.05.21 12:59:59,261.70,261.70,261.70,261.70,75,65925,257.61,259.75,260.85
11.05.21 13:00:59,258.90,258.90,256.75,257.75,525,66000,257.62,257.55,258.80
11.05.21 13:02:59,257.30,257.30,257.30,257.30,75,66000,257.62,256.05,257.30
11.05.21 13:03:59,257.50,257.50,257.50,257.50,75,66150,257.62,258.05,259.50
11.05.21 13:04:59,254.00,254.00,254.00,254.00,150,66150,257.61,253.45,254.50
11.05.21 13:05:59,252.90,252.90,249.55,250.90,750,66150,257.58,252.75,253.65
11.05.21 13:06:59,254.05,257.30,254.05,255.75,600,66075,257.57,254.75,256.00
11.05.21 13:07:59,254.30,254.40,253.80,254.40,375,66075,257.56,253.65,254.60
11.05.21 13:08:59,254.65,254.65,254.65,254.65,300,66075,257.55,255.00,256.25
11.05.21 13:10:59,254.85,254.85,254.85,254.85,75,66300,257.55,253.30,254.15
11.05.21 13:11:59,252.15,253.35,252.15,253.35,225,66300,257.55,254.00,254.90
11.05.21 13:12:59,253.70,253.70,253.70,253.70,75,66300,257.54,252.45,253.10
11.05.21 13:13:59,251.80,251.80,251.80,251.80,75,66675,257.54,250.35,251.25
11.05.21 13:14:59,251.00,251.75,251.00,251.75,300,66675,257.53,250.25,250.95
11.05.21 13:15:59,250.00,250.00,245.85,246.70,1200,67425,257.44,245.10,246.05
11.05.21 13:16:59,244.00,244.00,242.40,242.40,225,67425,257.42,241.30,242.75
11.05.21 13:17:59,241.40,243.55,241.40,243.55,150,67425,257.40,242.55,243.95
11.05.21 13:18:59,243.35,244.30,243.35,244.00,825,67950,257.33,243.30,244.50
11.05.21 13:19:59,241.25,241.25,240.05,241.00,450,67950,257.28,240.10,240.75
11.05.21 13:20:59,238.95,238.95,234.65,236.20,900,67950,257.16,235.75,236.75
11.05.21 13:21:59,236.00,236.05,235.50,236.05,600,68625,257.07,235.85,236.75
11.05.21 13:22:59,238.80,238.80,238.80,238.80,75,68625,257.06,238.10,238.90
11.05.21 13:23:59,236.00,236.00,234.55,234.70,525,68625,256.99,233.85,234.80
11.05.21 13:24:59,231.70,233.05,231.70,233.05,300,69225,256.94,231.45,232.25
11.05.21 13:25:59,230.00,230.00,225.85,228.55,1275,69225,256.70,229.00,229.70
11.05.21 13:26:59,230.00,231.25,229.00,231.25,300,69225,256.65,229.80,231.30
11.05.21 13:27:59,229.90,231.60,229.90,231.60,225,70050,256.61,232.40,233.30
11.05.21 13:28:59,231.45,231.65,231.45,231.65,225,70050,256.57,232.15,233.00
11.05.21 13:29:59,231.50,236.70,231.45,236.70,1050,70050,256.42,236.00,238.20
11.05.21 13:30:59,238.00,238.00,234.50,236.45,3900,70800,255.90,236.20,237.30
11.05.21 13:31:59,236.45,236.45,232.60,232.60,1950,70800,255.63,231.60,232.40
11.05.21 13:32:59,232.15,233.45,232.15,232.65,300,70800,255.59,232.15,233.05
11.05.21 13:33:59,232.65,232.65,232.65,232.65,150,74475,255.57,232.05,233.00
11.05.21 13:34:59,232.00,232.30,231.00,231.00,450,74475,255.50,229.50,230.00
11.05.21 13:35:59,229.50,229.50,227.05,228.20,900,74475,255.35,229.95,230.70
11.05.21 13:37:59,229.85,234.15,229.85,234.15,300,75450,255.31,233.30,234.10
11.05.21 13:38:59,235.00,235.85,235.00,235.25,375,75450,255.26,235.15,235.95
11.05.21 13:39:59,235.00,237.20,235.00,237.20,675,75750,255.18,236.15,236.95
11.05.21 13:40:59,237.20,237.20,235.00,235.00,750,75750,255.10,234.50,235.40
11.05.21 13:41:59,237.00,237.00,237.00,237.00,150,75750,255.08,235.45,236.35
11.05.21 13:42:59,235.00,235.95,235.00,235.95,225,76275,255.05,235.15,235.90
11.05.21 13:43:59,235.15,238.20,235.15,235.75,675,76275,254.98,235.55,236.50
11.05.21 13:44:59,235.00,235.50,235.00,235.45,375,76275,254.94,235.00,235.95
11.05.21 13:45:59,235.10,235.10,230.55,230.55,750,76725,254.84,230.60,231.40
11.05.21 13:46:59,233.55,233.55,233.55,233.55,75,76725,254.83,233.75,234.90
11.05.21 13:47:59,234.60,234.60,234.60,234.60,75,76725,254.82,235.50,236.25
11.05.21 13:48:59,235.65,235.65,234.10,234.25,600,76800,254.75,234.40,235.40
11.05.21 13:49:59,233.45,233.45,233.45,233.45,75,76800,254.74,233.75,234.70
11.05.21 13:50:59,235.95,235.95,235.95,235.95,75,76800,254.73,234.95,235.80
11.05.21 13:51:59,235.10,235.10,235.10,235.10,75,76500,254.72,235.75,236.55
11.05.21 13:52:59,236.00,238.85,236.00,238.25,675,76500,254.66,236.15,237.30
11.05.21 13:53:59,238.65,239.55,238.65,239.50,375,76500,254.62,238.80,239.95
11.05.21 13:54:59,239.50,239.50,237.50,237.50,375,76950,254.59,237.30,238.10
11.05.21 13:55:59,237.50,237.50,235.65,235.65,300,76950,254.55,235.15,236.05
11.05.21 13:57:59,239.05,239.85,239.05,239.85,225,76875,254.53,239.60,239.95
11.05.21 13:58:59,239.95,240.15,238.95,239.80,900,76875,254.45,239.05,239.95
11.05.21 13:59:59,240.00,242.00,240.00,241.25,1275,76875,254.35,239.90,240.65
11.05.21 14:00:59,242.00,242.00,238.15,238.15,900,75975,254.28,238.40,239.25
11.05.21 14:01:59,239.10,240.50,239.00,240.50,225,75975,254.26,240.30,241.05
11.05.21 14:02:59,242.00,243.00,242.00,243.00,300,75975,254.24,242.20,242.80
11.05.21 14:03:59,242.95,242.95,241.20,241.40,600,75450,254.20,241.20,242.45
11.05.21 14:04:59,241.40,241.40,239.55,239.55,600,75450,254.15,239.00,240.15
11.05.21 14:05:59,240.25,243.00,240.25,242.00,375,75450,254.12,241.70,242.90
11.05.21 14:06:59,242.45,242.45,240.95,240.95,225,75600,254.11,239.75,240.75
11.05.21 14:07:59,239.70,240.50,239.70,240.50,375,75600,254.08,240.60,241.65
11.05.21 14:08:59,239.30,239.30,239.30,239.30,75,75600,254.07,238.15,239.90
11.05.21 14:09:59,239.05,239.05,236.20,237.55,1650,75225,253.92,237.50,238.35
11.05.21 14:10:59,236.75,239.20,236.75,238.70,750,75225,253.85,238.65,239.50
11.05.21 14:11:59,239.50,242.15,239.50,242.15,300,75225,253.83,241.80,242.65
11.05.21 14:12:59,242.50,242.50,240.90,240.90,450,75675,253.80,240.80,241.65
11.05.21 14:13:59,240.65,240.65,240.20,240.20,150,75675,253.79,240.05,240.90
11.05.21 14:14:59,240.15,242.00,240.00,240.15,900,75675,253.72,239.50,240.30
11.05.21 14:15:59,240.40,240.40,238.45,239.05,825,75675,253.66,240.60,241.50
11.05.21 14:16:59,241.35,242.05,241.35,242.05,300,75675,253.64,241.60,242.45
11.05.21 14:17:59,242.50,243.00,241.80,242.70,825,75675,253.59,242.25,243.10
11.05.21 14:18:59,242.30,247.00,242.30,247.00,900,76425,253.55,246.65,247.80
11.05.21 14:19:59,245.15,248.25,245.15,247.55,1125,76425,253.50,248.35,249.20
11.05.21 14:20:59,247.95,247.95,245.60,245.60,225,76425,253.49,245.55,246.45
11.05.21 14:21:59,246.45,246.45,245.15,245.95,375,76425,253.48,245.45,246.35
11.05.21 14:22:59,246.20,246.20,243.95,243.95,525,73575,253.45,244.10,244.90
11.05.21 14:23:59,245.00,245.00,242.75,243.00,675,73575,253.42,243.10,243.80
11.05.21 14:24:59,242.35,245.05,242.00,245.05,675,74025,253.38,244.95,245.80
11.05.21 14:25:59,245.60,245.60,243.15,243.15,150,74025,253.37,242.20,243.25
11.05.21 14:26:59,243.15,243.15,237.95,240.10,4575,74025,253.02,238.85,239.85
11.05.21 14:27:59,240.65,240.65,240.65,240.65,75,71250,253.01,241.00,241.75
11.05.21 14:28:59,240.25,241.05,240.25,241.05,375,71250,252.99,241.00,241.80
11.05.21 14:30:59,242.15,242.35,235.05,235.10,1350,70500,252.89,234.85,235.85
11.05.21 14:31:59,235.15,236.30,234.85,236.00,450,70500,252.85,235.20,236.60
11.05.21 14:32:59,237.55,237.55,237.55,237.55,75,70500,252.84,237.45,238.65
11.05.21 14:33:59,237.50,238.45,237.50,237.50,450,70500,252.81,241.90,242.85
11.05.21 14:34:59,242.85,245.50,242.85,245.50,225,70575,252.80,245.00,245.85
11.05.21 14:35:59,248.85,249.20,248.85,249.20,375,70575,252.79,249.70,250.50
11.05.21 14:36:59,250.00,250.90,248.70,249.80,2325,70575,252.75,248.75,249.30
11.05.21 14:37:59,249.30,249.30,247.20,247.25,825,71400,252.73,247.25,247.90
11.05.21 14:38:59,245.45,245.45,245.45,245.45,75,71400,252.73,245.35,246.20
11.05.21 14:39:59,247.15,248.35,247.15,248.35,300,71400,252.72,247.70,248.30
11.05.21 14:40:59,247.70,247.70,246.80,246.80,525,71775,252.71,247.10,247.90
11.05.21 14:42:59,246.80,247.20,246.80,247.20,150,71775,252.70,245.70,246.50
11.05.21 14:43:59,245.10,245.75,245.10,245.75,375,71625,252.69,246.30,247.10
11.05.21 14:44:59,245.00,245.00,243.70,244.50,450,71625,252.67,244.15,245.10
11.05.21 14:45:59,242.00,242.00,242.00,242.00,375,71625,252.65,244.55,245.45
11.05.21 14:46:59,246.10,246.10,241.90,241.90,225,72300,252.64,243.05,243.95
11.05.21 14:48:59,245.80,245.80,245.80,245.80,225,72300,252.63,247.20,248.15
11.05.21 14:49:59,247.15,248.35,247.15,248.35,375,72300,252.62,248.65,249.55
11.05.21 14:50:59,250.00,251.10,248.65,250.25,450,72300,252.62,249.85,250.85
11.05.21 14:51:59,250.65,250.65,248.05,249.25,1275,72975,252.59,249.10,250.00
11.05.21 14:52:59,249.25,249.25,247.95,247.95,225,72975,252.59,247.80,248.90
11.05.21 14:53:59,249.40,250.50,249.40,249.70,1050,72975,252.57,247.60,248.40
11.05.21 14:54:59,247.70,247.70,246.00,246.00,225,73200,252.57,245.15,246.00
11.05.21 14:55:59,244.75,244.75,240.65,240.90,825,73200,252.53,243.20,244.05
11.05.21 14:56:59,243.00,244.70,243.00,244.00,750,73200,252.49,243.20,244.15
11.05.21 14:57:59,243.15,244.05,242.80,243.55,675,73575,252.47,242.80,243.95
11.05.21 14:58:59,242.20,242.20,242.20,242.20,825,73575,252.42,242.40,243.30
11.05.21 14:59:59,241.75,243.00,241.75,243.00,225,73575,252.41,243.90,244.75
11.05.21 15:00:59,241.50,247.50,241.50,247.50,375,73575,252.40,247.55,248.75
11.05.21 15:01:59,246.00,246.30,246.00,246.30,150,72750,252.40,246.45,247.00
11.05.21 15:02:59,247.50,247.50,247.00,247.00,825,72750,252.37,245.10,245.90
11.05.21 15:03:59,248.20,249.00,248.20,248.90,600,72750,252.36,247.80,248.60
11.05.21 15:04:59,249.45,250.00,248.60,249.40,675,73125,252.35,250.30,251.60
11.05.21 15:05:59,250.20,250.25,247.85,247.85,1050,73125,252.34,250.05,250.95
11.05.21 15:06:59,250.95,251.40,250.95,251.40,150,73125,252.34,250.00,250.95
11.05.21 15:07:59,250.95,250.95,248.65,248.65,750,72150,252.33,248.35,249.10
11.05.21 15:08:59,249.10,250.00,249.10,250.00,750,72150,252.32,249.25,250.05
11.05.21 15:09:59,250.50,251.00,250.05,251.00,225,72150,252.32,250.50,251.35
11.05.21 15:10:59,251.00,251.75,250.00,250.00,450,72075,252.32,248.70,249.90
11.05.21 15:11:59,249.50,250.30,249.40,249.50,1350,72075,252.30,249.75,250.85
11.05.21 15:12:59,250.90,251.00,250.05,250.95,600,70875,252.30,251.50,252.35
11.05.21 15:13:59,251.00,253.70,251.00,253.70,450,70875,252.30,252.65,253.55
11.05.21 15:14:59,251.90,252.65,251.75,252.55,450,70875,252.30,251.80,252.70
11.05.21 15:15:59,252.85,253.15,252.10,253.15,975,70875,252.30,252.25,253.15
11.05.21 15:16:59,252.60,252.60,250.10,250.10,600,70575,252.29,249.90,250.75
11.05.21 15:17:59,249.70,250.25,249.70,250.25,525,70575,252.29,250.25,251.25
11.05.21 15:18:59,250.00,250.00,249.30,249.50,900,70575,252.28,248.65,249.55
11.05.21 15:19:59,248.65,250.05,248.65,250.05,1200,70350,252.26,250.00,250.30
11.05.21 15:20:59,250.00,250.00,247.05,247.50,1350,70350,252.23,246.00,246.55
11.05.21 15:21:59,246.00,246.60,245.10,245.10,675,70275,252.21,245.10,246.00
11.05.21 15:22:59,245.90,246.50,245.85,246.50,1050,70275,252.18,246.30,247.70
11.05.21 15:23:59,246.65,248.30,246.65,247.85,975,70275,252.16,247.20,248.05
11.05.21 15:24:59,248.00,248.40,248.00,248.40,375,70275,252.16,247.75,248.55
11.05.21 15:25:59,247.70,248.05,245.70,245.70,825,70800,252.14,245.70,246.65
11.05.21 15:26:59,245.70,246.35,245.05,245.05,750,70800,252.12,245.00,245.70
11.05.21 15:27:59,245.15,245.80,245.15,245.40,675,70800,252.10,245.40,246.05
11.05.21 15:28:59,245.45,246.60,245.40,246.10,1125,71850,252.07,246.20,247.00
11.05.21 15:30:00,246.10,246.30,243.80,243.80,7425,71850,251.87,245.05,248.95
12.05.21 09:15:59,247.90,247.90,202.05,203.00,2775,72600,206.11,202.20,204.50
12.05.21 09:16:59,202.75,207.50,202.75,206.65,5175,72600,204.79,205.05,207.45
12.05.21 09:17:59,207.40,209.90,205.50,208.55,3225,72375,205.47,208.55,209.95
12.05.21 09:18:59,210.00,212.30,210.00,212.30,825,72375,205.86,210.70,212.50
12.05.21 09:19:59,211.95,211.95,207.00,208.45,825,72375,206.08,207.15,208.45
12.05.21 09:20:59,207.00,207.00,201.00,201.95,1350,73575,205.78,203.25,204.00
12.05.21 09:21:59,201.70,202.35,198.90,201.15,2175,73575,205.05,200.05,201.35
12.05.21 09:22:59,201.55,204.45,201.55,204.45,1500,73575,204.93,204.15,205.05
12.05.21 09:23:59,206.40,206.40,204.65,204.95,1650,74775,204.98,205.25,206.00
12.05.21 09:24:59,205.30,205.85,203.10,205.00,1200,74775,204.95,205.35,205.95
12.05.21 09:25:59,206.40,206.40,199.50,201.00,1800,74775,204.72,199.70,201.10
12.05.21 09:26:59,197.15,198.45,197.15,198.45,300,76050,204.64,198.45,198.85
12.05.21 09:27:59,199.05,202.85,199.05,202.40,750,76050,204.53,201.55,202.05
12.05.21 09:28:59,201.55,202.25,199.75,202.25,975,76050,204.41,202.05,203.00
12.05.21 09:29:59,203.00,203.55,202.90,203.55,600,75375,204.38,202.15,202.90
12.05.21 09:30:59,202.00,202.00,195.85,198.65,3300,75375,203.66,197.60,198.35
12.05.21 09:31:59,197.00,197.00,194.60,194.60,1500,75375,203.25,194.05,194.85
12.05.21 09:32:59,195.00,195.00,190.00,191.85,3150,78600,202.22,192.30,193.55
12.05.21 09:33:59,193.70,194.35,191.65,194.35,1350,78600,201.87,193.55,194.75
12.05.21 09:34:59,194.35,194.35,189.15,191.45,1800,78600,201.40,190.10,191.05
12.05.21 09:35:59,188.70,189.95,187.00,188.20,750,79050,201.14,187.20,188.40
12.05.21 09:36:59,185.00,187.55,185.00,185.90,375,79050,200.99,185.05,185.55
12.05.21 09:37:59,185.00,185.15,182.35,185.15,1575,79050,200.32,183.80,184.55
12.05.21 09:38:59,182.80,182.80,182.80,182.80,150,79050,200.25,184.95,186.15
12.05.21 09:39:59,187.10,187.25,186.50,186.50,225,80625,200.17,186.35,187.10
12.05.21 09:40:59,187.20,192.00,187.20,192.00,1425,80625,199.83,191.75,192.80
12.05.21 09:41:59,192.25,193.55,191.85,193.55,1050,80175,199.65,194.40,195.15
12.05.21 09:42:59,194.45,196.40,194.45,195.65,525,80175,199.59,194.85,195.80
12.05.21 09:43:59,195.00,195.00,194.50,194.50,150,80175,199.58,195.40,196.30
12.05.21 09:44:59,194.55,194.90,194.55,194.90,225,80475,199.55,194.25,194.70
12.05.21 09:45:59,194.00,194.00,192.00,192.00,450,80475,199.48,191.75,192.50
12.05.21 09:46:59,192.50,193.00,192.50,193.00,375,80475,199.42,192.20,193.20
12.05.21 09:47:59,191.90,191.90,191.90,191.90,75,80100,199.41,191.25,192.45
12.05.21 09:48:59,190.20,190.95,190.00,190.00,900,80100,199.22,189.65,190.45
12.05.21 09:49:59,190.25,192.80,190.25,192.80,300,80100,199.17,191.95,193.05
12.05.21 09:51:59,194.95,194.95,191.60,191.70,225,80025,199.14,191.20,192.05
12.05.21 09:52:59,192.60,192.90,192.60,192.90,150,80025,199.12,191.50,192.25
12.05.21 09:53:59,191.00,191.00,190.25,190.25,975,81075,198.95,191.75,192.70
12.05.21 09:54:59,189.30,189.75,189.00,189.00,375,81075,198.87,187.85,188.80
12.05.21 09:55:59,189.00,189.00,187.45,188.55,1125,81075,198.61,188.00,188.80
12.05.21 09:56:59,187.55,188.60,187.30,187.65,600,81975,198.48,187.80,188.70
12.05.21 09:57:59,188.70,188.70,187.75,188.30,825,81975,198.30,189.05,189.85
12.05.21 09:58:59,190.45,190.50,190.00,190.15,525,81975,198.22,189.55,190.45
12.05.21 09:59:59,190.20,190.20,190.20,190.20,75,81975,198.21,190.25,191.40
12.05.21 10:00:59,191.65,191.65,190.20,190.65,300,82275,198.16,191.60,192.40
12.05.21 10:01:59,192.15,193.35,192.00,192.00,600,82275,198.10,192.00,192.50
12.05.21 10:02:59,192.00,193.15,192.00,193.15,900,83025,198.00,193.05,193.90
12.05.21 10:03:59,192.40,192.40,192.35,192.35,525,83025,197.94,192.20,192.85
12.05.21 10:04:59,193.05,194.10,192.85,193.05,1125,83025,197.84,193.80,194.40
12.05.21 10:05:59,192.80,192.80,191.55,191.65,450,84000,197.79,191.15,191.95
12.05.21 10:06:59,191.45,191.45,190.90,191.10,375,84000,197.75,191.75,192.80
12.05.21 10:07:59,192.75,192.75,191.20,191.20,225,84000,197.72,191.25,192.10
12.05.21 10:08:59,191.10,191.10,190.00,190.00,675,84300,197.63,191.80,192.30
12.05.21 10:09:59,191.95,193.10,190.90,190.90,450,84300,197.59,190.05,190.85
12.05.21 10:10:59,189.60,189.60,189.35,189.35,150,84300,197.57,188.35,189.10
12.05.21 10:11:59,188.20,188.70,187.00,187.05,1350,85125,197.34,187.35,188.10
12.05.21 10:12:59,187.10,187.10,187.05,187.05,150,85125,197.32,185.95,186.65
12.05.21 10:13:59,185.25,185.25,185.25,185.25,150,85125,197.29,185.45,186.35
12.05.21 10:14:59,185.75,185.75,184.00,184.25,675,85500,197.14,183.30,184.45
12.05.21 10:15:59,183.35,183.50,183.35,183.50,150,85500,197.10,185.15,186.40
12.05.21 10:16:59,187.20,187.20,184.35,184.35,750,85500,196.96,184.40,185.15
12.05.21 10:17:59,184.50,187.00,184.50,187.00,750,84900,196.82,187.20,188.00
12.05.21 10:18:59,188.20,188.20,184.50,184.50,375,84900,196.75,184.85,185.50
12.05.21 10:19:59,185.55,185.55,185.50,185.50,375,84900,196.68,184.50,185.25
12.05.21 10:20:59,183.85,183.85,183.85,183.85,150,84900,196.65,186.00,186.80
12.05.21 10:21:59,184.55,184.55,182.40,183.50,450,85200,196.55,182.65,183.35
12.05.21 10:22:59,180.00,180.00,178.80,179.70,1800,85200,196.08,179.25,180.10
12.05.21 10:23:59,178.80,180.00,178.80,179.75,225,85200,196.02,181.60,182.20
12.05.21 10:24:59,180.15,180.15,178.00,178.00,225,85575,195.96,177.40,178.05
12.05.21 10:25:59,178.95,180.00,177.95,180.00,1725,85575,195.49,179.35,179.95
12.05.21 10:26:59,179.00,179.60,178.05,179.60,675,84675,195.31,179.65,180.35
12.05.21 10:28:59,176.85,179.10,176.85,178.70,525,84675,195.17,178.85,179.75
12.05.21 10:29:59,178.90,181.15,178.90,180.85,375,84675,195.09,180.95,181.50
12.05.21 10:30:59,179.50,179.75,178.30,179.55,750,84675,194.91,179.15,179.95
12.05.21 10:31:59,179.55,182.15,179.55,182.15,1650,84675,194.56,181.50,182.25
12.05.21 10:32:59,182.45,182.55,180.55,180.60,900,84150,194.40,181.05,181.85
12.05.21 10:33:59,182.20,182.75,182.20,182.75,150,84150,194.37,182.75,183.60
12.05.21 10:34:59,182.90,182.90,181.75,182.05,450,84150,194.29,182.35,183.10
12.05.21 10:36:59,186.70,187.00,185.95,186.35,675,84525,194.22,186.65,187.40
12.05.21 10:37:59,187.00,187.00,186.35,186.35,450,84525,194.17,186.45,187.15
12.05.21 10:38:59,187.25,188.20,187.25,187.85,1800,84375,194.02,186.15,187.05
12.05.21 10:39:59,185.65,186.55,185.20,186.55,375,84375,193.98,186.15,187.40
12.05.21 10:40:59,187.20,187.20,187.20,187.20,75,84375,193.97,185.00,186.05
12.05.21 10:41:59,186.45,187.20,186.45,187.20,450,84375,193.93,185.60,186.40
12.05.21 10:42:59,184.65,184.65,184.65,184.65,150,84150,193.91,184.90,185.65
12.05.21 10:44:59,187.65,187.65,187.65,187.65,75,84150,193.90,187.95,188.50
12.05.21 10:45:59,188.50,189.15,188.15,188.15,675,84000,193.85,187.55,188.75
12.05.21 10:46:59,188.15,188.15,188.00,188.00,375,84000,193.82,187.35,188.10
12.05.21 10:47:59,187.70,187.70,187.70,187.70,75,84000,193.82,188.25,188.85
12.05.21 10:48:59,189.40,189.75,188.50,188.50,900,83700,193.76,187.65,188.45
12.05.21 10:49:59,186.75,187.15,185.40,186.40,450,83700,193.72,185.75,186.45
12.05.21 10:50:59,186.00,186.00,186.00,186.00,75,83700,193.71,184.95,185.80
12.05.21 10:51:59,186.00,186.00,186.00,186.00,450,84225,193.67,186.00,186.70
12.05.21 10:52:59,186.00,186.00,186.00,186.00,75,84225,193.66,187.20,188.10
12.05.21 10:53:59,188.30,188.30,188.30,188.30,75,84225,193.66,188.25,189.35
12.05.21 10:54:59,189.00,189.00,189.00,189.00,75,83700,193.65,188.35,189.40
12.05.21 10:55:59,189.00,189.00,189.00,189.00,75,83700,193.65,188.50,189.50
12.05.21 10:56:59,190.00,191.00,190.00,190.85,750,83400,193.62,190.20,191.00
12.05.21 10:57:59,190.50,190.50,187.60,187.60,300,83400,193.60,187.30,187.95
12.05.21 10:59:59,190.80,190.80,190.80,190.80,75,83400,193.60,190.10,191.20
12.05.21 11:00:59,187.80,188.00,187.80,188.00,1050,83400,193.53,187.90,188.00
12.05.21 11:01:59,188.00,188.35,186.90,186.90,675,83400,193.48,185.95,186.70
12.05.21 11:02:59,186.40,186.40,186.40,186.40,75,83400,193.47,185.10,185.85
12.05.21 11:03:59,185.00,185.00,185.00,185.00,75,83550,193.46,186.25,186.95
12.05.21 11:05:59,189.00,189.00,189.00,189.00,75,83625,193.46,188.95,189.45
12.05.21 11:06:59,189.95,190.65,189.80,190.00,600,83625,193.43,188.80,189.55
12.05.21 11:07:59,188.55,188.55,188.55,188.55,75,83625,193.43,188.50,189.00
12.05.21 11:08:59,189.00,189.00,189.00,189.00,225,83625,193.42,187.55,188.25
12.05.21 11:09:59,185.05,185.05,184.50,184.50,450,83250,193.37,183.55,184.50
12.05.21 11:10:59,183.05,183.65,183.00,183.25,375,83250,193.32,181.95,182.75
12.05.21 11:11:59,182.65,182.75,181.40,181.40,450,83250,193.26,181.80,182.50
12.05.21 11:12:59,181.50,181.50,181.50,181.50,75,83475,193.25,180.00,180.75
12.05.21 11:13:59,179.70,179.70,178.10,178.10,1275,83475,193.03,179.15,179.80
12.05.21 11:14:59,179.00,179.00,178.10,178.10,375,83775,192.97,177.55,178.60
12.05.21 11:16:59,179.15,179.15,178.35,178.35,450,83775,192.89,178.35,179.25
12.05.21 11:17:59,179.55,179.55,175.00,175.00,1425,83475,192.63,174.35,175.05
12.05.21 11:18:59,174.15,176.10,173.10,176.00,1575,83475,192.32,174.15,174.70
12.05.21 11:19:59,174.20,174.85,173.00,174.20,1500,83475,192.01,173.80,174.35
12.05.21 11:20:59,173.00,175.95,173.00,175.95,1425,84750,191.74,175.25,176.60
12.05.21 11:21:59,176.45,176.45,175.85,175.85,150,84750,191.71,175.85,176.60
12.05.21 11:22:59,176.60,176.60,176.60,176.60,1200,84750,191.52,175.80,176.75
12.05.21 11:23:59,176.50,178.95,176.50,177.85,825,84750,191.39,177.55,178.15
12.05.21 11:24:59,177.55,177.55,177.55,177.55,75,84675,191.37,178.55,179.30
12.05.21 11:25:59,179.00,179.55,179.00,179.55,150,84675,191.36,179.65,180.25
12.05.21 11:26:59,179.55,179.55,178.90,178.90,300,84675,191.32,178.10,179.00
12.05.21 11:27:59,178.35,178.70,178.35,178.70,600,84525,191.23,178.15,178.80
12.05.21 11:28:59,178.80,179.35,178.80,179.35,300,84525,191.20,179.55,180.40
12.05.21 11:30:59,178.10,178.10,178.10,178.10,75,84675,191.19,177.55,178.15
12.05.21 11:31:59,179.80,179.80,179.50,179.50,150,84675,191.17,179.25,180.00
12.05.21 11:32:59,180.05,180.05,180.05,180.05,75,84675,191.16,179.35,180.05
12.05.21 11:33:59,179.10,179.10,179.10,179.10,75,84825,191.15,179.35,180.05
12.05.21 11:34:59,180.05,180.05,180.05,180.05,75,84825,191.14,180.65,181.45
12.05.21 11:36:59,182.65,182.80,182.35,182.80,525,84750,191.09,182.15,183.40
12.05.21 11:37:59,181.80,181.80,181.25,181.25,150,84750,191.08,181.35,182.00
12.05.21 11:38:59,179.45,179.45,179.45,179.45,150,84750,191.06,180.45,181.15
12.05.21 11:39:59,181.90,181.90,181.90,181.90,75,85125,191.05,182.30,182.95
12.05.21 11:41:59,181.90,181.90,181.90,181.90,150,85125,191.04,181.35,182.15
12.05.21 11:44:59,182.75,182.75,181.00,181.00,375,85200,191.00,180.40,181.35
12.05.21 11:45:59,181.00,182.00,181.00,182.00,150,85425,190.99,182.15,182.75
12.05.21 11:46:59,182.30,182.30,182.30,182.30,150,85425,190.97,182.00,182.65
12.05.21 11:47:59,182.50,182.50,182.50,182.50,75,85425,190.97,181.95,182.75
12.05.21 11:49:59,184.35,184.35,184.25,184.25,150,85350,190.96,182.10,183.15
12.05.21 11:50:59,183.95,183.95,183.95,183.95,750,85350,190.90,182.90,183.95
12.05.21 11:51:59,182.10,182.10,181.75,181.75,300,85950,190.87,182.80,183.85
12.05.21 11:52:59,184.75,184.75,184.75,184.75,150,85950,190.86,183.75,184.70
12.05.21 11:55:59,185.20,185.20,184.75,184.75,375,85650,190.84,183.25,184.40
12.05.21 11:58:59,182.00,182.00,182.00,182.00,150,0,190.83,182.00,183.05
12.05.21 11:59:59,183.40,183.40,183.40,183.40,75,85875,190.82,183.90,184.70
12.05.21 12:00:59,184.45,184.45,184.45,184.45,75,85800,190.82,185.25,186.35
12.05.21 12:02:59,182.95,182.95,182.95,182.95,75,85800,190.81,181.55,182.20
12.05.21 12:03:59,181.25,181.25,181.25,181.25,75,85800,190.80,180.80,181.50
12.05.21 12:04:59,183.00,183.00,183.00,183.00,75,85725,190.80,182.60,183.15
12.05.21 12:05:59,185.20,185.20,185.20,185.20,150,85725,190.79,185.00,185.85
12.05.21 12:06:59,185.25,190.00,185.25,188.50,1350,85650,190.75,188.85,190.00
12.05.21 12:07:59,189.55,190.65,189.55,190.60,375,85650,190.75,189.40,190.75
12.05.21 12:08:59,189.75,190.50,188.50,189.25,525,85650,190.74,188.60,189.70
12.05.21 12:09:59,190.00,190.00,190.00,190.00,75,85275,190.74,191.30,192.00
12.05.21 12:10:59,193.80,193.80,190.25,190.25,600,85275,190.75,189.20,189.85
12.05.21 12:11:59,190.25,191.50,190.25,191.50,150,85275,190.75,189.10,189.80
12.05.21 12:12:59,190.00,190.00,188.20,188.20,375,84900,190.74,188.80,189.55
12.05.21 12:13:59,190.60,191.45,190.60,191.45,450,84900,190.74,191.60,192.50
12.05.21 12:14:59,192.45,193.30,192.35,193.30,675,84900,190.76,194.15,195.00
12.05.21 12:15:59,192.65,192.65,191.45,191.45,450,84300,190.76,192.05,192.75
12.05.21 12:16:59,192.80,192.80,190.65,190.65,225,84300,190.77,190.70,191.30
12.05.21 12:17:59,188.25,188.25,188.25,188.25,75,84300,190.76,188.80,189.75
12.05.21 12:18:59,189.15,189.35,189.00,189.00,1575,84150,190.74,188.55,189.35
12.05.21 12:19:59,189.95,189.95,189.95,189.95,75,84150,190.74,189.60,190.35
12.05.21 12:20:59,189.35,189.35,189.35,189.35,75,84150,190.74,189.15,189.90
12.05.21 12:23:59,190.00,190.00,190.00,190.00,450,84075,190.74,190.60,191.25
12.05.21 12:24:59,191.75,191.75,191.15,191.15,600,83625,190.74,190.65,191.50
12.05.21 12:25:59,192.05,194.00,192.05,194.00,225,83625,190.75,191.65,192.45
12.05.21 12:26:59,193.15,193.15,193.15,193.15,150,83625,190.75,193.45,194.45
12.05.21 12:27:59,195.00,195.95,193.60,193.60,825,83250,190.78,193.95,194.55
12.05.21 12:28:59,194.60,195.20,194.00,194.05,525,83250,190.80,193.65,194.35
12.05.21 12:29:59,195.00,196.40,195.00,196.35,1575,83250,190.87,195.30,196.05
12.05.21 12:30:59,196.05,196.05,194.30,195.15,525,82725,190.89,194.30,195.00
12.05.21 12:31:59,194.35,195.10,194.00,194.00,600,82725,190.91,193.85,194.40
12.05.21 12:32:59,193.85,194.15,193.85,194.15,150,82725,190.91,194.15,194.85
12.05.21 12:33:59,193.60,193.60,192.50,192.50,1050,82875,190.93,193.00,193.70
12.05.21 12:34:59,193.00,193.00,192.00,192.00,1725,82875,190.95,191.80,192.45
12.05.21 12:35:59,192.50,192.50,190.65,191.00,1950,82875,190.96,191.25,191.95
12.05.21 12:36:59,190.00,191.05,190.00,191.05,225,80850,190.96,191.95,192.80
12.05.21 12:37:59,192.00,193.00,192.00,193.00,1050,80850,190.98,193.00,193.65
12.05.21 12:38:59,194.00,194.00,194.00,194.00,525,80850,190.99,194.45,195.00
12.05.21 12:39:59,195.00,195.15,195.00,195.15,150,80850,191.00,193.95,195.00
12.05.21 12:40:59,195.60,195.60,195.60,195.60,300,80850,191.01,193.80,194.55
12.05.21 12:41:59,193.80,193.80,192.60,192.65,375,80850,191.01,191.50,192.45
12.05.21 12:42:59,189.65,190.85,189.65,190.85,375,80850,191.01,190.35,191.10
12.05.21 12:43:59,190.40,190.40,190.40,190.40,150,80850,191.01,189.20,190.15
12.05.21 12:44:59,190.00,190.00,188.95,188.95,150,80850,191.01,188.05,188.70
12.05.21 12:45:59,190.00,190.00,190.00,190.00,75,80925,191.01,189.75,190.45
12.05.21 12:46:59,189.90,189.90,189.90,189.90,75,80925,191.01,190.05,190.70
12.05.21 12:47:59,189.60,189.95,189.60,189.95,1050,80925,191.00,191.50,192.00
12.05.21 12:48:59,192.00,192.25,192.00,192.25,300,81300,191.00,190.30,191.10
12.05.21 12:49:59,192.00,192.00,192.00,192.00,150,81300,191.00,190.95,191.50
12.05.21 12:50:59,193.20,193.20,190.75,190.75,150,81300,191.00,190.30,190.90
12.05.21 12:51:59,190.20,190.20,190.20,190.20,75,81300,191.00,189.15,189.95
12.05.21 12:52:59,190.20,190.20,190.20,190.20,75,81225,191.00,191.15,191.80
12.05.21 12:53:59,190.20,190.20,190.20,190.20,75,81225,191.00,190.70,191.30
12.05.21 12:54:59,192.60,192.60,192.60,192.60,75,81225,191.00,192.25,192.80
12.05.21 12:56:59,192.50,192.50,192.50,192.50,75,81300,191.00,192.35,193.00
12.05.21 12:57:59,190.60,190.60,190.60,190.60,75,81225,191.00,190.00,190.60
12.05.21 12:58:59,190.00,192.00,190.00,192.00,225,81225,191.00,191.15,191.85
12.05.21 13:00:59,192.05,196.00,192.05,194.40,1350,81375,191.04,193.30,194.05
12.05.21 13:01:59,194.50,194.50,194.50,194.50,75,81375,191.05,194.60,195.35
12.05.21 13:02:59,195.60,196.00,194.35,196.00,825,81375,191.08,194.85,195.90
12.05.21 13:03:59,196.00,196.00,196.00,196.00,150,81375,191.08,195.35,196.00
12.05.21 13:04:59,194.90,196.00,194.90,195.95,375,80925,191.10,194.50,195.25
12.05.21 13:05:59,196.00,197.15,196.00,196.80,375,80925,191.11,196.15,196.85
12.05.21 13:07:59,196.80,196.85,196.80,196.85,150,80550,191.12,197.45,198.50
12.05.21 13:08:59,197.25,197.25,196.65,196.65,825,80550,191.16,195.35,196.30
12.05.21 13:09:59,195.85,200.00,195.85,198.00,750,80025,191.20,198.05,198.80
12.05.21 13:10:59,199.75,200.00,197.45,198.10,300,80025,191.22,197.85,198.10
12.05.21 13:11:59,197.55,197.55,197.55,197.55,150,80025,191.23,196.90,197.55
12.05.21 13:13:59,196.65,197.50,196.65,197.00,450,79950,191.25,196.70,197.30
12.05.21 13:14:59,197.70,198.80,197.60,198.30,375,79950,191.27,198.10,198.85
12.05.21 13:15:59,198.40,201.60,198.40,201.20,1575,79500,191.38,200.60,201.30
12.05.21 13:16:59,200.00,202.00,200.00,202.00,375,79500,191.40,201.65,202.90
12.05.21 13:17:59,201.80,201.80,199.90,200.05,1350,79500,191.51,200.10,201.15
12.05.21 13:18:59,200.50,200.50,199.50,199.95,1950,78600,191.63,199.25,200.10
12.05.21 13:19:59,200.20,200.40,197.45,197.45,1050,78600,191.69,198.00,198.80
12.05.21 13:20:59,198.45,198.45,195.70,197.80,375,78600,191.70,197.50,197.65
12.05.21 13:21:59,196.90,197.80,196.90,197.35,375,80250,191.72,196.85,198.10
12.05.21 13:22:59,198.00,198.60,197.55,197.55,300,80250,191.73,199.40,199.90
12.05.21 13:23:59,199.10,199.10,199.10,199.10,150,80250,191.74,198.00,198.85
12.05.21 13:24:59,199.10,199.10,198.80,198.80,150,80025,191.75,198.00,198.50
12.05.21 13:25:59,198.45,199.15,196.80,196.80,1125,80025,191.80,195.75,196.50
12.05.21 13:26:59,198.10,198.10,198.10,198.10,75,80025,191.80,197.30,198.05
12.05.21 13:27:59,196.50,196.50,196.10,196.20,750,79800,191.83,196.35,197.05
12.05.21 13:28:59,196.35,196.65,196.35,196.65,300,79800,191.84,196.85,197.60
12.05.21 13:29:59,196.00,196.00,195.00,195.00,225,79800,191.84,193.95,194.80
12.05.21 13:31:59,198.05,198.05,196.05,196.05,375,79125,191.86,196.55,197.25
12.05.21 13:32:59,196.00,196.00,194.10,195.00,450,79125,191.87,195.00,195.70
12.05.21 13:33:59,195.65,195.70,195.05,195.05,225,78825,191.87,195.35,196.10
12.05.21 13:35:59,195.95,195.95,191.20,191.20,300,78825,191.88,192.00,192.65
12.05.21 13:36:59,189.75,190.00,189.75,190.00,375,78825,191.87,188.25,188.85
12.05.21 13:37:59,188.50,188.50,187.50,187.50,225,78525,191.86,185.75,186.50
12.05.21 13:38:59,185.60,186.00,185.60,186.00,825,78525,191.83,186.10,186.85
12.05.21 13:39:59,185.65,185.65,184.60,184.60,825,78000,191.79,184.55,185.20
12.05.21 13:40:59,184.50,185.95,182.65,185.25,675,78000,191.75,184.50,185.15
12.05.21 13:41:59,183.05,183.05,181.20,181.20,225,78000,191.74,181.10,181.80
12.05.21 13:42:59,181.25,181.25,180.00,180.00,525,78600,191.70,178.00,178.20
12.05.21 13:43:59,177.60,179.05,176.05,176.05,4800,78600,191.25,176.50,177.55
12.05.21 13:44:59,177.55,178.80,176.85,178.45,1725,78600,191.09,178.15,179.00
12.05.21 13:45:59,178.95,180.00,178.40,180.00,225,82125,191.07,179.80,180.40
12.05.21 13:46:59,179.80,180.50,179.80,180.50,225,82125,191.06,179.80,180.40
12.05.21 13:47:59,180.50,180.50,179.15,179.40,225,82125,191.04,178.65,179.45
12.05.21 13:48:59,179.00,181.40,178.60,181.40,225,82500,191.02,180.60,181.25
12.05.21 13:49:59,181.30,181.30,180.50,180.50,375,82500,191.00,180.85,181.40
12.05.21 13:50:59,182.00,182.55,181.30,181.30,525,82500,190.97,180.50,181.35
12.05.21 13:51:59,179.85,180.60,178.40,178.40,525,82500,190.93,180.45,181.05
12.05.21 13:53:59,180.90,182.00,180.90,181.25,225,82650,190.91,181.25,182.35
12.05.21 13:55:59,183.95,185.30,183.95,185.30,300,82575,190.90,183.35,183.95
12.05.21 13:56:59,184.00,184.00,182.45,183.50,300,82575,190.89,183.20,184.10
12.05.21 13:59:59,184.05,184.05,184.05,184.05,75,82575,190.88,183.50,184.25
12.05.21 14:00:59,184.70,187.90,184.70,187.90,450,82350,190.87,187.60,188.70
12.05.21 14:01:59,186.80,186.80,186.80,186.80,75,82350,190.87,188.55,189.60
12.05.21 14:03:59,187.00,187.45,187.00,187.45,150,82350,190.87,186.70,187.40
12.05.21 14:04:59,187.45,190.00,187.45,190.00,225,82500,190.86,188.75,189.50
12.05.21 14:06:59,186.95,186.95,186.95,186.95,75,82500,190.86,186.05,186.80
12.05.21 14:07:59,186.00,186.05,184.85,186.05,375,82125,190.85,188.15,188.85
12.05.21 14:08:59,186.00,186.00,186.00,186.00,75,82125,190.85,186.75,187.55
12.05.21 14:10:59,186.00,186.00,184.80,184.80,1050,82350,190.81,184.00,184.75
12.05.21 14:11:59,184.60,184.60,184.00,184.00,150,82350,190.80,184.00,184.55
12.05.21 14:12:59,184.00,184.00,184.00,184.00,150,82350,190.79,183.35,184.15
12.05.21 14:13:59,182.85,182.85,182.85,182.85,225,83250,190.78,182.80,183.45
12.05.21 14:14:59,181.80,184.40,181.80,184.40,375,83250,190.76,183.15,183.90
12.05.21 14:17:59,185.10,185.40,184.25,184.25,750,83100,190.74,185.00,186.00
12.05.21 14:18:59,184.40,185.75,184.40,185.75,675,82425,190.71,185.50,186.55
12.05.21 14:19:59,185.75,185.75,185.75,185.75,225,82425,190.71,184.15,185.05
12.05.21 14:21:59,180.00,182.70,180.00,182.55,675,83025,190.67,181.80,182.50
12.05.21 14:22:59,182.40,182.40,182.40,182.40,75,83025,190.66,182.50,183.20
12.05.21 14:23:59,184.20,184.20,184.20,184.20,75,83025,190.66,183.30,184.10
12.05.21 14:24:59,183.80,183.80,183.80,183.80,150,83025,190.65,182.60,183.25
12.05.21 14:25:59,182.20,182.20,182.20,182.20,75,83100,190.65,181.80,182.50
12.05.21 14:26:59,182.20,182.20,182.20,182.20,150,83100,190.64,181.15,182.00
12.05.21 14:27:59,183.00,183.00,183.00,183.00,75,83175,190.64,182.65,183.45
12.05.21 14:28:59,182.55,182.55,182.55,182.55,225,0,190.63,181.55,182.60
12.05.21 14:29:59,182.55,184.00,182.55,184.00,300,83175,190.61,181.65,182.80
12.05.21 14:30:59,184.00,186.50,184.00,186.50,225,83175,190.61,185.05,185.90
12.05.21 14:31:59,184.95,185.00,184.70,185.00,525,82950,190.59,184.05,184.65
12.05.21 14:33:59,184.00,184.00,184.00,184.00,150,83325,190.58,182.95,183.50
12.05.21 14:34:59,182.40,182.40,182.40,182.40,225,83325,190.57,182.90,183.75
12.05.21 14:35:59,185.25,185.25,185.25,185.25,75,83325,190.57,182.90,183.65
12.05.21 14:36:59,182.40,182.40,177.00,177.30,1650,83325,190.45,177.05,178.50
12.05.21 14:37:59,179.35,179.35,179.35,179.35,75,83325,190.44,176.90,177.20
12.05.21 14:38:59,179.35,181.00,178.45,178.45,17175,83325,189.38,178.30,178.45
12.05.21 14:39:59,178.40,180.00,177.25,180.00,2175,88350,189.25,178.30,178.80
12.05.21 14:40:59,177.00,177.00,177.00,177.00,150,88350,189.24,175.85,176.90
12.05.21 14:41:59,177.20,177.65,176.65,177.65,225,88350,189.22,177.70,178.80
12.05.21 14:42:59,177.95,177.95,177.00,177.45,450,88350,189.20,178.40,179.40
12.05.21 14:43:59,179.00,179.00,179.00,179.00,75,88800,189.19,177.25,178.25
12.05.21 14:44:59,178.80,178.80,178.80,178.80,75,88800,189.19,177.70,178.75
12.05.21 14:45:59,177.10,177.65,176.00,176.00,525,88575,189.15,175.30,176.95
12.05.21 14:46:59,175.60,176.30,175.60,176.15,300,88575,189.13,175.40,176.30
12.05.21 14:47:59,176.40,177.00,175.00,177.00,975,88575,189.06,176.05,177.40
12.05.21 14:48:59,176.35,176.35,175.25,175.25,150,88350,189.05,175.10,175.95
12.05.21 14:49:59,175.30,175.30,174.00,174.00,600,88350,189.00,175.20,176.35
12.05.21 14:50:59,173.75,174.15,173.75,174.15,150,88350,188.99,172.95,173.90
12.05.21 14:51:59,171.05,171.05,169.20,170.10,1800,88950,188.81,170.30,171.20
12.05.21 14:52:59,170.50,170.80,170.00,170.80,300,88950,188.78,169.75,170.75
12.05.21 14:53:59,169.00,169.00,167.55,167.65,525,88950,188.73,167.00,167.60
12.05.21 14:54:59,167.00,169.90,166.60,166.60,1875,89175,188.52,166.80,168.30
12.05.21 14:55:59,167.00,169.75,166.20,168.00,825,89175,188.43,167.00,168.25
12.05.21 14:56:59,167.00,167.00,161.00,163.10,2625,89175,188.09,162.05,163.20
12.05.21 14:57:59,163.50,164.65,161.00,161.15,975,90000,187.96,160.15,161.00
12.05.21 14:58:59,159.60,159.60,155.35,156.00,1875,90000,187.67,155.45,156.75
12.05.21 14:59:59,155.00,155.00,145.90,149.95,3525,90000,187.04,150.30,151.15
12.05.21 15:00:59,150.00,155.70,149.00,155.20,4425,92175,186.27,154.05,155.10
12.05.21 15:01:59,155.00,158.90,155.00,158.90,1800,92175,186.02,158.55,159.50
12.05.21 15:02:59,159.30,162.65,159.30,162.65,1875,92175,185.79,161.05,162.20
12.05.21 15:03:59,159.55,163.15,159.55,163.15,2175,92625,185.53,162.95,164.05
12.05.21 15:04:59,163.65,163.75,162.10,163.50,1275,92625,185.40,163.15,164.15
12.05.21 15:05:59,164.95,164.95,159.90,160.45,2025,92625,185.18,158.90,159.95
12.05.21 15:06:59,160.45,161.25,158.20,158.20,825,92625,185.08,158.50,159.55
12.05.21 15:07:59,160.00,160.00,158.85,160.00,525,93225,185.02,159.50,160.30
12.05.21 15:08:59,160.00,160.00,159.60,159.60,150,93225,185.00,160.20,161.00
12.05.21 15:09:59,159.60,161.00,159.60,160.40,375,93075,184.96,160.10,160.95
12.05.21 15:10:59,160.75,160.75,160.75,160.75,75,93075,184.95,160.60,161.40
12.05.21 15:11:59,160.75,161.40,160.75,161.35,450,93075,184.90,160.55,161.40
12.05.21 15:12:59,161.40,161.40,161.40,161.40,150,93075,184.89,160.90,162.05
12.05.21 15:13:59,161.00,161.00,161.00,161.00,75,89700,184.88,160.75,161.70
12.05.21 15:14:59,161.95,162.85,161.50,162.85,975,89700,184.77,161.60,162.75
12.05.21 15:15:59,161.75,163.70,161.75,162.75,600,89100,184.71,162.10,162.85
12.05.21 15:16:59,161.95,161.95,161.00,161.00,450,89100,184.67,160.25,161.20
12.05.21 15:17:59,161.15,161.15,160.95,160.95,300,89100,184.63,161.40,162.40
12.05.21 15:18:59,161.60,163.00,161.60,162.65,450,88725,184.59,160.80,161.70
12.05.21 15:19:59,160.80,161.95,160.80,161.15,600,88725,184.52,161.05,161.95
12.05.21 15:20:59,161.70,162.05,160.60,160.60,1275,88725,184.39,160.60,161.40
12.05.21 15:21:59,160.25,160.95,160.25,160.70,750,87900,184.31,160.70,161.70
12.05.21 15:22:59,160.90,161.80,160.55,161.45,1650,87900,184.13,160.25,161.50
12.05.21 15:23:59,160.70,162.00,160.70,162.00,450,87900,184.09,160.95,162.00
12.05.21 15:24:59,162.00,163.20,162.00,163.20,600,87375,184.03,162.15,163.60
12.05.21 15:25:59,163.60,163.60,162.05,163.25,1650,87375,183.87,162.25,163.60
12.05.21 15:26:59,162.05,162.05,161.50,161.50,375,87375,183.84,160.05,161.30
12.05.21 15:27:59,160.05,161.35,160.05,160.25,675,87375,183.77,160.25,160.75
12.05.21 15:28:59,160.25,160.25,160.00,160.00,600,87150,183.71,160.00,160.65
12.05.21 15:30:00,160.00,162.65,160.00,160.95,825,87150,183.62,156.20,160.90
14.05.21 09:15:59,154.95,154.95,143.15,152.00,3525,87150,149.20,148.55,154.00
14.05.21 09:16:59,154.95,165.00,154.95,163.50,2775,87150,154.08,162.85,164.95
14.05.21 09:17:59,161.70,162.05,158.20,158.60,2775,87300,156.00,158.55,160.10
14.05.21 09:18:59,160.00,161.45,159.00,159.00,675,87300,156.29,159.05,160.95
14.05.21 09:19:59,160.00,161.55,160.00,161.20,375,87300,156.46,160.00,161.00
14.05.21 09:20:59,160.00,160.00,155.70,156.50,2175,88350,156.77,155.55,156.85
14.05.21 09:21:59,156.00,156.10,144.85,144.85,2550,88350,155.43,145.00,146.25
14.05.21 09:22:59,144.00,144.00,137.40,137.45,3525,88350,152.53,139.20,140.00
14.05.21 09:23:59,139.50,142.55,139.50,140.35,4050,88800,150.50,139.85,140.65
14.05.21 09:24:59,139.00,139.00,136.15,138.25,1050,88800,149.92,138.15,139.00
14.05.21 09:25:59,136.30,138.95,135.10,138.05,1575,88800,149.15,138.75,139.30
14.05.21 09:26:59,140.00,145.85,140.00,144.65,1575,88950,148.82,144.80,145.55
14.05.21 09:27:59,147.50,147.50,143.65,143.65,1425,88950,148.68,143.10,143.80
14.05.21 09:28:59,141.65,143.20,141.65,142.80,825,88950,148.50,141.90,142.45
14.05.21 09:29:59,140.00,140.75,139.50,139.70,4050,89850,147.44,137.00,137.65
14.05.21 09:30:59,137.90,137.90,131.05,133.25,5325,89850,145.51,133.70,134.40
14.05.21 09:31:59,133.20,134.20,130.25,133.05,1650,89850,144.97,132.95,133.55
14.05.21 09:32:59,133.65,133.65,130.65,130.90,2175,89850,144.29,130.75,131.30
14.05.21 09:33:59,131.45,131.65,130.35,131.40,4875,89850,142.96,131.40,132.00
14.05.21 09:34:59,131.35,132.00,128.90,131.00,2775,89850,142.26,131.20,131.90
14.05.21 09:35:59,131.20,131.70,128.25,129.90,1950,92400,141.79,129.30,129.90
14.05.21 09:36:59,129.50,133.20,129.50,132.20,1050,92400,141.59,132.70,133.25
14.05.21 09:37:59,133.90,135.35,133.10,134.65,1650,92400,141.37,134.70,135.15
14.05.21 09:38:59,134.90,138.60,134.90,137.00,900,91500,141.30,137.70,138.25
14.05.21 09:39:59,138.80,143.10,138.80,140.45,1725,91500,141.27,139.25,139.80
14.05.21 09:40:59,139.80,142.30,139.80,141.65,525,91500,141.27,141.30,141.80
14.05.21 09:41:59,141.60,144.90,141.60,144.90,750,91350,141.29,143.70,144.30
14.05.21 09:42:59,143.25,146.50,143.25,145.85,1575,91350,141.38,145.20,145.70
14.05.21 09:43:59,146.50,147.75,145.05,145.05,1050,91350,141.47,145.10,145.70
14.05.21 09:44:59,144.65,145.10,141.10,141.10,1650,91050,141.51,140.35,140.75
14.05.21 09:45:59,138.20,140.05,136.35,140.05,600,91050,141.48,140.00,140.50
14.05.21 09:46:59,139.80,144.60,139.80,144.15,1275,91050,141.51,144.00,144.60
14.05.21 09:47:59,147.20,148.45,146.35,146.35,825,90975,141.58,146.65,147.40
14.05.21 09:48:59,148.85,150.40,147.30,150.40,2025,90975,141.81,150.15,150.80
14.05.21 09:49:59,151.10,151.25,148.40,149.70,1575,90975,142.01,148.85,149.55
14.05.21 09:50:59,152.55,153.20,150.00,150.00,975,89925,142.15,149.05,149.85
14.05.21 09:51:59,148.70,152.90,148.70,152.30,1350,89925,142.33,151.75,152.30
14.05.21 09:52:59,151.30,151.80,149.30,149.55,900,89925,142.43,151.90,152.55
14.05.21 09:53:59,150.65,152.90,150.05,152.80,525,89625,142.50,152.85,153.45
14.05.21 09:54:59,154.10,156.60,153.40,155.80,1950,89625,142.81,154.30,155.05
14.05.21 09:55:59,155.55,157.15,151.95,151.95,825,89625,142.94,151.05,152.20
14.05.21 09:56:59,152.00,152.60,150.05,150.05,225,88875,142.96,150.75,151.45
14.05.21 09:57:59,150.05,151.10,150.05,150.70,225,88875,142.99,150.70,151.00
14.05.21 09:58:59,151.00,153.90,151.00,153.90,375,88875,143.03,150.35,151.25
14.05.21 09:59:59,154.00,154.00,153.40,153.40,225,88950,143.06,151.95,152.65
14.05.21 10:00:59,152.80,153.40,152.80,153.40,150,88950,143.08,153.35,154.65
14.05.21 10:01:59,153.70,158.05,153.70,158.05,900,88950,143.23,159.00,160.00
14.05.21 10:02:59,160.95,160.95,156.90,158.00,1050,88725,143.44,157.45,158.30
14.05.21 10:03:59,159.05,159.50,158.00,158.30,375,88725,143.51,158.15,158.85
14.05.21 10:04:59,158.50,160.70,158.50,158.95,300,88725,143.57,159.25,160.05
14.05.21 10:05:59,160.90,160.90,160.30,160.30,225,88875,143.62,159.30,160.10
14.05.21 10:06:59,158.30,158.30,156.50,156.50,300,88875,143.67,155.55,156.25
14.05.21 10:07:59,155.05,157.90,155.05,157.90,150,88875,143.70,154.95,155.60
14.05.21 10:08:59,155.90,155.90,154.00,154.00,300,89025,143.74,154.00,154.65
14.05.21 10:09:59,152.65,156.10,152.65,156.10,300,89025,143.78,155.30,156.05
14.05.21 10:10:59,156.10,156.10,156.00,156.00,675,89025,143.88,154.60,155.95
14.05.21 10:12:59,150.50,150.50,150.00,150.50,225,89250,143.90,148.80,149.85
14.05.21 10:13:59,147.85,150.50,147.40,147.40,450,89250,143.93,146.75,147.55
14.05.21 10:14:59,146.30,146.75,145.00,146.75,675,89100,143.94,146.15,146.85
14.05.21 10:15:59,145.10,145.10,143.65,143.65,450,89100,143.94,142.00,142.70
14.05.21 10:16:59,142.75,148.25,142.75,147.45,750,89100,143.96,147.35,147.95
14.05.21 10:17:59,147.35,148.95,147.35,148.95,375,88500,143.97,149.10,149.65
14.05.21 10:19:59,151.80,151.80,151.60,151.60,150,88500,143.99,152.40,152.90
14.05.21 10:20:59,151.80,151.80,150.85,151.30,450,88350,144.03,150.90,151.55
14.05.21 10:21:59,153.25,153.45,153.25,153.45,150,88350,144.04,153.15,153.75
14.05.21 10:22:59,151.25,151.25,150.55,150.55,300,88350,144.07,149.25,149.60
14.05.21 10:23:59,149.30,150.40,149.30,150.40,225,88425,144.08,149.75,150.50
14.05.21 10:24:59,150.20,151.05,148.45,148.45,600,88425,144.13,148.55,149.15
14.05.21 10:25:59,147.20,148.20,147.10,148.20,450,88425,144.15,147.80,148.60
14.05.21 10:26:59,146.60,146.70,145.85,146.20,600,88125,144.16,146.10,146.80
14.05.21 10:27:59,145.05,145.40,145.00,145.30,1125,88125,144.18,146.45,147.35
14.05.21 10:28:59,146.10,147.50,145.35,145.35,1200,88125,144.20,144.60,145.50
14.05.21 10:29:59,143.90,147.70,143.90,147.70,150,87525,144.21,147.20,147.95
14.05.21 10:30:59,149.80,151.90,149.60,151.50,675,87525,144.26,150.30,151.05
14.05.21 10:31:59,148.20,149.40,148.20,149.35,375,87525,144.28,149.15,150.20
14.05.21 10:32:59,150.30,150.30,148.30,148.30,525,88350,144.31,149.00,149.80
14.05.21 10:34:59,150.00,150.00,150.00,150.00,75,88350,144.31,149.20,150.00
14.05.21 10:35:59,150.00,151.05,150.00,150.30,300,88350,144.33,150.85,151.75
14.05.21 10:36:59,149.20,149.20,149.20,149.20,75,88350,144.34,148.90,149.85
14.05.21 10:37:59,147.10,148.45,147.10,148.45,150,88350,144.34,147.30,148.05
14.05.21 10:39:59,145.65,145.65,144.90,144.90,225,88275,144.35,144.50,145.30
14.05.21 10:40:59,144.30,144.95,144.30,144.75,1050,88275,144.35,145.85,146.45
14.05.21 10:42:59,146.45,146.45,146.10,146.10,225,88125,144.35,145.95,146.10
14.05.21 10:43:59,146.10,146.10,146.10,146.10,75,88125,144.36,146.70,147.40
14.05.21 10:44:59,147.35,147.60,147.35,147.60,150,88125,144.36,147.75,148.60
14.05.21 10:45:59,149.10,149.10,149.10,149.10,75,88500,144.36,147.45,148.15
14.05.21 10:47:59,148.15,148.15,148.15,148.15,150,88500,144.37,146.05,146.70
14.05.21 10:48:59,147.00,147.00,147.00,147.00,75,88350,144.37,146.80,147.60
14.05.21 10:49:59,147.00,147.40,147.00,147.40,150,88350,144.38,146.35,147.00
14.05.21 10:50:59,147.40,147.40,145.85,145.85,450,88350,144.39,147.20,147.80
14.05.21 10:51:59,148.40,148.40,148.40,148.40,75,88275,144.39,147.95,149.15
14.05.21 10:52:59,148.80,148.80,145.90,145.90,450,88275,144.41,145.00,145.80
14.05.21 10:54:59,144.75,144.75,144.75,144.75,75,88725,144.41,143.75,145.00
14.05.21 10:55:59,143.75,146.15,143.20,146.15,225,88725,144.41,144.00,145.15
14.05.21 10:56:59,144.85,145.00,144.00,144.00,375,88725,144.41,144.00,144.95
14.05.21 10:57:59,144.00,144.00,144.00,144.00,1050,88725,144.40,145.35,146.40
14.05.21 10:58:59,145.90,145.90,145.90,145.90,150,88725,144.40,146.05,147.10
14.05.21 11:00:59,143.70,143.70,143.70,143.70,75,90000,144.40,145.15,145.95
14.05.21 11:01:59,144.30,144.30,144.30,144.30,75,90000,144.40,143.35,144.10
14.05.21 11:02:59,142.90,144.75,142.90,144.75,150,90075,144.40,143.40,144.10
14.05.21 11:03:59,140.00,140.00,138.45,138.45,600,90075,144.37,138.35,138.95
14.05.21 11:04:59,138.00,139.05,137.30,137.30,300,90075,144.35,137.95,138.45
14.05.21 11:06:59,137.05,138.80,137.05,138.80,300,89850,144.33,137.05,137.50
14.05.21 11:07:59,137.00,138.25,137.00,138.25,1425,89850,144.23,138.35,138.95
14.05.21 11:08:59,139.90,140.50,138.30,138.30,600,89850,144.20,138.05,138.55
14.05.21 11:09:59,138.30,138.30,138.30,138.30,75,90675,144.20,137.65,138.00
14.05.21 11:10:59,139.55,140.55,139.55,140.55,150,90675,144.19,139.90,140.45
14.05.21 11:11:59,140.00,140.00,140.00,140.00,150,90675,144.19,139.00,139.35
14.05.21 11:12:59,139.05,139.05,139.05,139.05,75,90675,144.18,138.40,138.80
14.05.21 11:13:59,136.10,136.10,136.10,136.10,75,90675,144.18,137.70,138.20
14.05.21 11:14:59,138.30,138.30,138.30,138.30,75,90600,144.17,139.20,139.70
14.05.21 11:15:59,140.00,140.00,139.10,139.10,225,90600,144.16,140.60,141.15
14.05.21 11:16:59,140.50,140.50,140.50,140.50,75,90600,144.16,141.25,141.75
14.05.21 11:17:59,141.55,143.00,140.00,140.00,375,90600,144.15,138.25,138.90
14.05.21 11:18:59,139.95,140.00,139.95,140.00,150,90525,144.14,138.25,138.95
14.05.21 11:19:59,141.15,141.75,141.15,141.75,150,90525,144.14,141.30,142.15
14.05.21 11:21:59,137.75,139.60,136.65,139.60,300,90675,144.12,139.20,139.55
14.05.21 11:22:59,139.90,140.75,139.90,140.75,150,90675,144.11,140.65,141.25
14.05.21 11:23:59,141.60,141.60,141.35,141.35,300,90675,144.10,141.10,141.80
14.05.21 11:25:59,138.95,138.95,138.95,138.95,75,90825,144.10,139.40,140.05
14.05.21 11:26:59,144.00,144.00,142.90,142.90,150,90825,144.10,143.10,143.60
14.05.21 11:28:59,144.00,144.00,144.00,144.00,75,90825,144.10,143.55,144.60
14.05.21 11:29:59,145.00,145.00,145.00,145.00,75,90825,144.10,143.50,144.70
14.05.21 11:30:59,145.05,145.05,143.50,143.50,300,90750,144.10,143.95,144.85
14.05.21 11:31:59,145.00,145.00,145.00,145.00,75,90750,144.10,143.55,144.55
14.05.21 11:32:59,143.30,143.30,143.30,143.30,75,90750,144.10,141.50,142.15
14.05.21 11:34:59,141.00,141.50,141.00,141.50,150,90600,144.10,141.05,141.60
14.05.21 11:35:59,139.90,140.45,138.65,140.15,525,90600,144.07,140.80,141.45
14.05.21 11:36:59,140.70,140.70,139.00,139.00,225,90675,144.06,139.45,139.95
14.05.21 11:37:59,138.00,138.00,135.55,136.80,1500,90675,143.95,135.25,135.85
14.05.21 11:38:59,134.90,134.90,134.90,134.90,75,90675,143.94,135.35,135.95
14.05.21 11:39:59,134.00,134.00,132.45,132.95,900,90900,143.85,132.50,133.00
14.05.21 11:40:59,132.00,132.00,130.10,131.00,825,90900,143.75,130.60,131.10
14.05.21 11:41:59,130.00,133.20,130.00,133.20,825,90900,143.65,133.10,133.55
14.05.21 11:42:59,131.65,133.50,131.65,133.50,2625,91725,143.40,132.55,132.85
14.05.21 11:43:59,132.55,132.55,131.00,131.40,525,91725,143.35,131.10,131.40
14.05.21 11:44:59,131.15,133.40,131.15,133.40,225,91725,143.33,133.10,133.70
14.05.21 11:45:59,131.10,131.10,129.50,130.50,1125,94425,143.20,130.50,130.80
14.05.21 11:46:59,130.70,130.70,128.00,128.00,750,94425,143.10,127.45,127.90
14.05.21 11:47:59,127.75,130.75,127.65,130.75,900,95475,142.99,130.90,131.20
14.05.21 11:48:59,130.50,132.20,130.50,130.60,750,95475,142.92,130.70,131.10
14.05.21 11:49:59,131.40,132.75,130.90,132.75,450,95475,142.87,133.00,133.55
14.05.21 11:50:59,135.40,136.00,134.30,134.30,825,95625,142.82,134.15,134.60
14.05.21 11:51:59,133.20,135.65,133.20,135.55,225,95625,142.80,134.60,135.20
14.05.21 11:52:59,133.75,133.75,132.05,132.05,225,95625,142.78,131.60,132.15
14.05.21 11:53:59,131.15,131.85,130.15,131.85,975,95625,142.68,130.15,130.70
14.05.21 11:54:59,130.70,130.70,129.05,129.05,150,95775,142.67,129.10,129.35
14.05.21 11:55:59,129.10,129.10,126.35,127.90,450,95775,142.61,129.65,130.10
14.05.21 11:56:59,130.45,132.05,130.45,132.05,150,95775,142.60,131.60,132.05
14.05.21 11:57:59,131.00,131.00,127.95,127.95,675,95400,142.52,128.55,128.90
14.05.21 11:58:59,127.70,130.30,127.70,130.30,300,95400,142.48,129.95,130.35
14.05.21 11:59:59,131.90,131.90,128.55,128.55,375,95400,142.44,127.35,127.80
14.05.21 12:00:59,127.20,127.20,120.75,123.50,4800,93300,141.72,123.45,123.85
14.05.21 12:01:59,123.45,124.90,122.25,122.95,1800,93300,141.45,122.40,122.80
14.05.21 12:02:59,121.70,122.00,121.30,122.00,900,93300,141.31,121.25,121.70
14.05.21 12:03:59,121.75,122.00,118.25,120.15,1875,93750,141.01,120.55,121.10
14.05.21 12:04:59,120.80,121.05,118.50,119.15,600,93750,140.91,118.60,118.95
14.05.21 12:05:59,118.60,122.85,118.50,122.85,975,93750,140.76,122.10,122.55
14.05.21 12:06:59,121.20,124.60,121.20,123.65,825,94500,140.65,123.65,124.20
14.05.21 12:07:59,123.80,124.30,121.85,121.85,300,94500,140.61,122.40,122.75
14.05.21 12:08:59,122.40,125.00,122.35,125.00,300,94500,140.57,124.60,124.95
14.05.21 12:09:59,125.00,125.00,120.20,120.20,375,94275,140.52,120.30,120.75
14.05.21 12:10:59,119.15,124.25,118.65,124.25,900,94275,140.39,124.55,125.00
14.05.21 12:11:59,125.00,125.65,124.75,124.75,300,94275,140.36,124.55,124.95
14.05.21 12:12:59,123.40,123.40,123.40,123.40,75,94125,140.35,124.50,125.00
14.05.21 12:13:59,123.40,123.40,123.40,123.40,75,94125,140.34,123.00,123.25
14.05.21 12:14:59,126.55,127.00,125.00,125.00,300,94125,140.31,125.70,126.15
14.05.21 12:15:59,124.20,128.95,124.20,127.55,675,93900,140.24,128.15,128.70
14.05.21 12:16:59,128.65,130.15,128.65,130.15,750,93900,140.18,129.75,130.15
14.05.21 12:17:59,130.20,130.20,128.80,128.80,525,93900,140.14,129.05,129.55
14.05.21 12:18:59,128.80,128.80,128.00,128.00,225,93450,140.12,128.80,129.30
14.05.21 12:19:59,130.00,130.20,129.30,130.20,300,93450,140.10,130.00,130.50
14.05.21 12:20:59,127.85,128.05,126.50,126.50,375,93450,140.07,126.65,127.10
14.05.21 12:22:59,129.85,131.45,129.85,131.45,450,93600,140.04,129.75,130.15
14.05.21 12:23:59,129.70,129.90,129.70,129.90,150,93600,140.03,128.45,128.95
14.05.21 12:24:59,129.90,129.90,129.75,129.75,150,93600,140.01,130.60,130.95
14.05.21 12:25:59,132.25,132.25,129.45,129.45,150,93600,140.00,129.60,130.10
14.05.21 12:26:59,130.80,130.80,130.65,130.65,150,93600,139.99,130.00,130.45
14.05.21 12:27:59,130.50,130.50,128.80,128.80,150,93450,139.98,129.25,129.70
14.05.21 12:28:59,128.55,128.55,127.90,127.90,375,93450,139.95,127.40,127.85
14.05.21 12:30:59,131.35,131.35,127.00,127.00,975,93600,139.87,126.15,126.60
14.05.21 12:31:59,126.40,127.60,126.40,127.60,300,93600,139.84,127.40,127.80
14.05.21 12:32:59,127.80,127.80,127.25,127.75,300,93600,139.81,126.95,127.45
14.05.21 12:33:59,127.70,127.70,126.90,127.65,600,93675,139.76,126.70,127.20
14.05.21 12:34:59,126.65,126.85,123.35,124.15,750,93675,139.68,124.80,125.35
14.05.21 12:35:59,125.50,126.45,125.50,126.45,300,93675,139.65,126.15,126.65
14.05.21 12:36:59,128.00,128.00,127.80,127.80,225,93900,139.64,128.80,129.25
14.05.21 12:37:59,129.10,129.75,129.00,129.75,450,93900,139.60,129.35,129.75
14.05.21 12:39:59,129.70,130.95,128.80,128.80,600,93975,139.56,128.25,128.70
14.05.21 12:40:59,129.85,130.00,129.85,130.00,150,93975,139.55,128.45,128.90
14.05.21 12:41:59,128.45,130.50,128.45,130.50,225,93975,139.54,131.60,132.15
14.05.21 12:42:59,131.40,133.70,131.40,133.05,600,94050,139.51,132.55,133.15
14.05.21 12:43:59,133.55,133.55,133.05,133.05,150,94050,139.50,132.95,133.45
14.05.21 12:44:59,134.45,134.45,134.45,134.45,75,94050,139.50,133.80,134.60
14.05.21 12:45:59,133.35,133.35,133.35,133.35,75,94050,139.50,132.10,132.50
14.05.21 12:46:59,131.40,131.40,129.05,130.00,675,94050,139.45,130.15,130.60
14.05.21 12:47:59,129.55,129.55,129.55,129.55,75,94050,139.45,129.90,130.35
14.05.21 12:48:59,130.40,130.40,130.40,130.40,75,93675,139.44,131.90,132.45
14.05.21 12:49:59,132.85,132.95,132.85,132.95,375,93675,139.42,132.85,133.10
14.05.21 12:50:59,132.45,134.35,132.45,133.60,225,93675,139.42,132.60,133.15
14.05.21 12:51:59,133.00,133.00,130.40,130.40,300,94050,139.40,130.15,130.65
14.05.21 12:52:59,130.45,130.45,130.45,130.45,75,94050,139.39,131.60,132.10
14.05.21 12:53:59,130.75,130.85,130.75,130.85,225,94050,139.38,130.75,131.25
14.05.21 12:54:59,131.05,131.05,131.05,131.05,75,94050,139.38,131.05,131.50
14.05.21 12:55:59,131.50,131.50,131.25,131.25,150,94050,139.37,131.95,132.35
14.05.21 12:56:59,130.00,130.35,130.00,130.35,450,94050,139.34,130.60,131.05
14.05.21 12:57:59,129.40,129.90,129.40,129.90,375,93900,139.32,129.55,130.05
14.05.21 12:59:59,131.30,131.50,131.30,131.50,150,93900,139.31,130.70,131.15
14.05.21 13:00:59,130.85,130.85,130.85,130.85,375,93900,139.29,131.30,131.65
14.05.21 13:03:59,130.85,132.10,130.85,132.10,300,94725,139.27,131.25,131.75
14.05.21 13:05:59,131.85,132.50,131.50,132.50,300,94725,139.26,131.75,132.30
14.05.21 13:06:59,130.35,131.00,129.00,131.00,225,94500,139.24,131.20,131.65
14.05.21 13:07:59,131.25,131.25,131.25,131.25,75,94500,139.24,131.50,132.00
14.05.21 13:08:59,132.65,135.00,132.65,135.00,300,94500,139.23,135.05,135.65
14.05.21 13:09:59,136.20,138.00,136.20,136.20,600,94200,139.22,136.55,137.15
14.05.21 13:10:59,138.00,139.40,136.70,136.70,600,94200,139.21,136.95,137.60
14.05.21 13:11:59,136.85,137.00,135.60,135.60,375,94200,139.21,136.55,137.10
14.05.21 13:12:59,138.00,138.00,138.00,138.00,75,94200,139.21,137.10,137.75
14.05.21 13:13:59,137.00,137.00,133.55,133.55,675,94200,139.19,135.40,135.80
14.05.21 13:14:59,133.00,133.00,133.00,133.00,225,94200,139.18,131.85,132.45
14.05.21 13:15:59,130.00,130.35,129.20,129.20,375,94500,139.16,130.20,130.80
14.05.21 13:16:59,127.85,127.85,127.85,127.85,375,94500,139.13,129.80,130.40
14.05.21 13:17:59,129.10,129.10,129.10,129.10,75,94500,139.13,128.40,129.00
14.05.21 13:18:59,126.05,126.80,126.05,126.80,825,94500,139.06,127.45,128.05
14.05.21 13:19:59,128.15,128.15,128.15,128.15,150,94275,139.05,128.80,129.35
14.05.21 13:20:59,127.00,128.15,126.50,128.15,225,94275,139.03,128.60,129.15
14.05.21 13:21:59,127.80,130.70,127.80,130.70,225,94425,139.02,131.55,132.05
14.05.21 13:22:59,132.05,132.05,132.05,132.05,75,94425,139.01,131.90,132.35
14.05.21 13:23:59,132.35,132.35,130.80,130.80,600,94425,138.98,130.95,131.40
14.05.21 13:24:59,131.95,132.40,131.85,131.85,300,94275,138.97,132.00,132.35
14.05.21 13:25:59,132.40,132.40,132.40,132.40,75,94275,138.97,133.85,134.35
14.05.21 13:26:59,134.30,134.30,132.40,132.40,300,94275,138.95,132.65,133.10
14.05.21 13:27:59,133.90,133.90,132.50,132.65,225,94125,138.95,132.50,133.05
14.05.21 13:28:59,132.55,134.05,132.55,134.05,300,94125,138.94,133.85,134.25
14.05.21 13:29:59,134.00,135.65,134.00,135.15,600,94125,138.92,136.20,136.75
14.05.21 13:30:59,135.75,139.90,135.75,136.85,8925,92925,138.91,137.40,137.85
14.05.21 13:31:59,137.90,138.95,137.90,138.90,825,92925,138.91,138.10,138.85
14.05.21 13:32:59,137.40,139.00,136.65,138.75,600,92925,138.91,138.60,139.20
14.05.21 13:33:59,140.40,141.90,139.55,141.90,1800,93375,138.92,142.15,142.70
14.05.21 13:34:59,142.45,144.15,141.00,143.60,2175,93375,138.97,143.95,144.65
14.05.21 13:35:59,141.65,141.65,141.65,141.65,75,93375,138.97,140.65,141.25
14.05.21 13:36:59,140.15,141.00,140.15,141.00,150,93450,138.98,140.40,141.05
14.05.21 13:37:59,140.55,140.55,138.15,139.80,525,93450,138.98,138.80,139.40
14.05.21 13:39:59,136.65,136.65,131.15,131.15,975,92775,138.95,132.35,132.85
14.05.21 13:40:59,132.30,136.85,132.30,136.30,600,92775,138.94,135.90,136.40
14.05.21 13:41:59,136.65,137.15,134.95,136.45,1425,92775,138.92,136.25,136.80
14.05.21 13:42:59,136.60,136.60,136.45,136.45,225,93000,138.91,136.80,137.20
14.05.21 13:44:59,137.05,137.05,132.25,132.70,900,93000,138.89,132.20,132.50
14.05.21 13:45:59,133.00,134.35,133.00,134.35,300,93225,138.88,134.45,134.95
14.05.21 13:46:59,134.65,134.65,134.65,134.65,75,93225,138.88,134.80,135.25
14.05.21 13:48:59,135.85,137.10,135.85,137.10,225,93225,138.87,136.00,136.55
14.05.21 13:50:59,136.95,137.45,136.95,137.45,225,93450,138.87,136.45,137.10
14.05.21 13:51:59,135.10,135.10,135.10,135.10,150,93525,138.87,135.00,135.55
14.05.21 13:52:59,136.50,136.50,136.50,136.50,75,93525,138.87,136.60,137.20
14.05.21 13:53:59,138.15,138.30,137.05,138.30,225,93525,138.87,137.80,138.35
14.05.21 13:54:59,137.75,137.75,137.75,137.75,150,93525,138.87,137.50,138.00
14.05.21 13:56:59,134.00,134.00,130.00,131.30,675,93600,138.84,131.75,132.30
14.05.21 13:57:59,131.55,131.70,130.40,131.10,600,93750,138.81,131.20,131.85
14.05.21 13:58:59,130.10,130.10,127.80,128.90,750,93750,138.77,128.90,129.25
14.05.21 13:59:59,128.10,128.50,125.45,125.45,900,93750,138.71,125.15,125.70
14.05.21 14:00:59,125.00,128.10,123.20,128.10,1125,94875,138.63,128.15,128.60
14.05.21 14:01:59,127.50,127.85,126.65,127.85,525,94875,138.60,129.15,129.50
14.05.21 14:02:59,128.95,128.95,128.95,128.95,150,94875,138.59,129.90,130.45
14.05.21 14:03:59,131.60,131.60,128.90,128.90,300,95175,138.58,128.70,129.05
14.05.21 14:04:59,129.00,129.00,127.90,127.90,225,95175,138.56,129.70,130.15
14.05.21 14:05:59,130.40,132.10,129.05,132.10,600,95175,138.54,131.75,132.35
14.05.21 14:06:59,131.80,132.00,131.55,131.55,225,95250,138.53,132.85,133.25
14.05.21 14:07:59,132.75,133.15,132.25,133.15,525,95250,138.51,133.00,133.50
14.05.21 14:08:59,133.10,134.25,131.90,132.90,450,95250,138.50,132.70,133.20
14.05.21 14:09:59,135.20,135.20,135.00,135.00,150,93525,138.50,134.65,135.15
14.05.21 14:10:59,135.25,136.00,131.90,131.90,1200,93525,138.46,132.30,132.95
14.05.21 14:11:59,132.85,132.85,131.55,132.30,375,93525,138.45,132.95,133.50
14.05.21 14:12:59,132.85,132.85,132.40,132.40,600,93675,138.43,131.70,132.15
14.05.21 14:13:59,132.70,133.30,132.60,133.30,525,93675,138.42,134.75,135.25
14.05.21 14:14:59,136.00,136.00,133.90,133.90,300,93675,138.41,133.55,134.15
14.05.21 14:15:59,133.95,134.45,133.75,133.75,375,93900,138.40,132.65,133.30
14.05.21 14:16:59,133.50,135.95,133.50,135.95,525,93900,138.39,134.60,135.00
14.05.21 14:17:59,134.65,136.00,134.65,135.50,1350,93900,138.37,133.85,134.40
14.05.21 14:18:59,135.50,135.50,135.50,135.50,150,93900,138.37,134.10,134.55
14.05.21 14:19:59,134.35,135.70,134.35,135.70,225,93150,138.37,135.30,135.90
14.05.21 14:20:59,134.30,134.30,134.10,134.10,150,93150,138.36,135.75,135.80
14.05.21 14:21:59,135.80,136.50,135.60,135.60,300,92775,138.36,135.40,136.05
14.05.21 14:22:59,135.50,135.50,135.50,135.50,75,92775,138.36,132.90,133.40
14.05.21 14:23:59,132.90,134.10,132.90,134.10,300,92775,138.35,133.95,134.40
14.05.21 14:24:59,132.90,132.90,132.00,132.00,825,92625,138.33,130.90,131.40
14.05.21 14:25:59,131.15,131.60,128.90,129.25,675,92625,138.30,129.15,129.60
14.05.21 14:26:59,129.80,131.25,127.70,130.75,525,92625,138.27,130.85,131.40
14.05.21 14:27:59,131.90,132.30,131.90,132.15,225,92550,138.27,131.05,131.45
14.05.21 14:28:59,131.30,131.30,131.30,131.30,75,92550,138.26,131.90,132.35
14.05.21 14:29:59,133.10,133.10,132.35,132.35,375,92550,138.25,132.50,133.05
14.05.21 14:30:59,133.90,134.30,133.25,134.30,375,92925,138.25,134.20,134.55
14.05.21 14:31:59,135.00,135.00,134.95,134.95,450,92925,138.24,135.10,135.65
14.05.21 14:32:59,135.95,137.15,135.95,137.15,225,92925,138.24,135.40,135.90
14.05.21 14:33:59,135.35,135.70,135.35,135.70,375,92925,138.23,133.85,134.40
14.05.21 14:34:59,135.65,135.65,135.65,135.65,75,92775,138.23,136.15,136.75
14.05.21 14:35:59,137.75,140.00,137.60,140.00,1950,92775,138.23,141.35,141.95
14.05.21 14:36:59,142.00,142.00,140.00,140.75,1200,93150,138.24,140.70,141.25
14.05.21 14:37:59,142.45,146.35,142.45,146.35,1500,93150,138.28,145.45,146.20
14.05.21 14:38:59,146.35,146.35,143.80,143.80,600,93150,138.30,141.20,141.90
14.05.21 14:39:59,142.70,142.70,142.00,142.00,225,92775,138.31,142.65,143.35
14.05.21 14:40:59,144.60,144.60,143.00,143.60,300,92775,138.32,143.30,144.00
14.05.21 14:41:59,141.00,141.00,140.00,140.00,225,92775,138.32,140.40,140.95
14.05.21 14:42:59,140.40,140.40,138.80,138.80,300,92625,138.32,139.55,140.10
14.05.21 14:43:59,140.70,141.15,140.10,140.10,900,92625,138.33,139.90,140.85
14.05.21 14:44:59,140.20,140.20,137.45,137.45,600,92625,138.33,136.35,137.40
14.05.21 14:45:59,136.30,144.00,136.30,144.00,525,93375,138.33,144.40,145.05
14.05.21 14:46:59,147.70,149.50,147.40,148.35,900,93375,138.37,147.85,148.10
14.05.21 14:47:59,148.10,155.55,147.70,152.75,4500,93375,138.64,152.95,153.85
14.05.21 14:48:59,152.00,152.15,151.30,152.15,1050,93375,138.71,151.20,152.15
14.05.21 14:49:59,151.50,153.00,150.50,150.55,975,94725,138.76,150.10,150.80
14.05.21 14:50:59,151.50,151.50,147.90,147.90,600,94725,138.79,148.85,149.85
14.05.21 14:51:59,149.50,149.50,148.00,148.00,225,94275,138.80,147.35,148.10
14.05.21 14:52:59,148.55,149.00,147.95,149.00,225,94275,138.82,149.65,150.35
14.05.21 14:53:59,151.40,151.40,149.00,149.00,225,94275,138.83,148.85,149.60
14.05.21 14:54:59,147.80,147.80,146.00,146.00,225,94350,138.84,146.00,146.65
14.05.21 14:55:59,147.00,148.20,144.15,144.15,600,94350,138.86,143.95,144.90
14.05.21 14:56:59,139.85,142.25,139.85,142.25,225,94350,138.86,141.30,142.25
14.05.21 14:57:59,144.30,144.30,143.80,144.00,300,93975,138.87,144.10,144.85
14.05.21 14:58:59,145.80,146.40,145.80,146.40,150,93975,138.87,142.15,142.85
14.05.21 14:59:59,142.05,143.50,142.05,143.00,750,93975,138.89,142.30,142.95
14.05.21 15:00:59,144.15,144.90,139.30,139.30,825,93900,138.90,138.30,139.10
14.05.21 15:01:59,138.05,139.15,135.85,137.00,900,93900,138.90,137.10,137.75
14.05.21 15:02:59,137.55,137.65,136.65,137.65,900,93900,138.89,137.20,137.75
14.05.21 15:03:59,137.85,137.85,137.85,137.85,75,93900,138.89,140.45,141.00
14.05.21 15:04:59,139.40,141.35,138.10,141.35,1275,93750,138.89,140.50,141.30
14.05.21 15:05:59,140.85,140.85,138.50,138.50,1650,93750,138.89,139.30,139.90
14.05.21 15:06:59,140.55,141.00,140.55,141.00,750,93975,138.90,139.70,140.30
14.05.21 15:07:59,138.50,138.60,137.00,137.00,900,93975,138.89,138.90,139.65
14.05.21 15:08:59,139.85,139.85,139.20,139.50,300,93975,138.89,136.75,137.25
14.05.21 15:09:59,137.25,137.45,135.00,136.70,675,93975,138.89,136.00,136.60
14.05.21 15:10:59,136.05,137.55,135.80,137.50,525,93975,138.88,137.10,137.75
14.05.21 15:11:59,137.00,137.95,136.00,137.95,225,93975,138.88,134.40,135.10
14.05.21 15:12:59,135.00,136.15,134.00,136.15,2775,93975,138.84,135.55,136.60
14.05.21 15:13:59,137.40,137.55,137.40,137.55,150,93975,138.84,137.65,138.45
14.05.21 15:14:59,137.05,137.65,136.90,136.90,600,93975,138.84,137.25,137.80
14.05.21 15:15:59,138.00,139.00,138.00,139.00,750,93975,138.84,137.75,138.60
14.05.21 15:16:59,139.00,139.00,138.95,138.95,150,92475,138.84,138.70,139.35
14.05.21 15:17:59,139.05,141.25,139.05,140.50,375,92475,138.84,139.85,140.40
14.05.21 15:18:59,140.10,140.15,139.55,139.55,300,92625,138.84,139.90,140.50
14.05.21 15:19:59,140.10,140.10,140.10,140.10,75,92625,138.84,139.85,140.55
14.05.21 15:20:59,140.20,140.20,138.70,138.70,300,92625,138.84,138.15,138.80
14.05.21 15:21:59,138.70,140.55,138.00,140.30,450,92625,138.84,139.90,140.65
14.05.21 15:22:59,140.90,141.90,139.75,139.75,525,92700,138.85,139.85,140.65
14.05.21 15:23:59,141.25,141.30,140.90,141.30,225,92700,138.85,140.75,141.45
14.05.21 15:24:59,142.25,142.25,141.40,141.40,1575,92700,138.87,140.75,141.20
14.05.21 15:25:59,140.55,141.20,139.60,139.80,1950,92325,138.88,139.70,140.65
14.05.21 15:26:59,141.00,141.35,140.10,140.30,600,92325,138.89,139.50,140.10
14.05.21 15:27:59,140.15,140.20,139.80,140.20,750,92100,138.89,139.15,139.40
14.05.21 15:28:59,139.40,140.90,139.40,139.95,750,92100,138.89,139.10,140.00
14.05.21 15:30:00,139.85,140.65,139.10,140.65,750,92100,138.90,139.00,140.95
17.05.21 09:15:59,146.95,152.45,146.95,151.00,1350,92325,149.81,149.05,151.00
17.05.21 09:16:59,149.60,149.60,144.30,144.30,2175,92325,148.59,144.95,145.90
17.05.21 09:17:59,145.80,148.45,145.80,147.30,675,93450,148.39,146.85,147.85
17.05.21 09:18:59,146.30,146.70,144.35,146.30,2400,93450,147.36,146.30,146.70
17.05.21 09:19:59,146.65,148.85,146.30,148.85,750,93450,147.37,149.10,149.90
17.05.21 09:20:59,150.00,153.55,150.00,150.05,3375,94050,148.53,149.60,150.65
17.05.21 09:21:59,148.60,149.10,145.00,145.00,1275,94050,148.40,143.50,144.60
17.05.21 09:22:59,143.00,143.35,138.25,142.60,1200,94050,147.74,142.90,143.80
17.05.21 09:23:59,142.85,146.90,142.85,146.90,375,94425,147.63,145.40,146.50
17.05.21 09:24:59,145.95,146.75,143.75,144.20,675,94425,147.49,144.90,145.90
17.05.21 09:25:59,146.40,149.05,146.40,149.05,1125,94425,147.50,149.25,149.90
17.05.21 09:26:59,148.90,150.00,147.70,147.70,975,93675,147.58,146.00,146.90
17.05.21 09:27:59,145.35,145.35,143.10,143.10,375,93675,147.50,142.15,142.90
17.05.21 09:28:59,141.65,141.65,139.50,140.60,900,93675,147.12,138.95,139.80
17.05.21 09:29:59,138.85,141.60,138.85,140.20,375,94350,146.98,140.05,140.70
17.05.21 09:30:59,139.60,143.50,138.40,140.50,2025,94350,146.29,139.90,140.65
17.05.21 09:31:59,139.30,139.90,136.75,137.75,825,94350,145.99,137.45,138.15
17.05.21 09:32:59,139.35,141.70,137.95,140.15,750,95625,145.76,141.40,142.15
17.05.21 09:33:59,142.75,144.00,141.35,144.00,675,95625,145.66,144.00,144.95
17.05.21 09:34:59,145.00,147.00,144.45,147.00,1425,95625,145.70,146.75,147.40
17.05.21 09:35:59,146.90,151.70,146.90,151.00,2400,93900,146.16,151.00,151.75
17.05.21 09:36:59,151.15,153.50,150.00,152.85,1950,93900,146.61,151.00,151.60
17.05.21 09:37:59,151.00,151.40,149.65,151.00,1425,93900,146.80,150.90,151.50
17.05.21 09:38:59,150.95,151.10,149.10,151.10,525,94425,146.86,150.15,150.80
17.05.21 09:39:59,150.80,150.80,148.65,148.65,150,94425,146.88,148.50,149.20
17.05.21 09:40:59,147.60,152.85,147.60,148.75,2400,94425,147.15,148.00,148.55
17.05.21 09:41:59,149.05,151.20,149.05,151.10,600,94350,147.21,151.60,152.15
17.05.21 09:42:59,152.40,153.00,151.25,152.05,675,94350,147.30,151.25,152.20
17.05.21 09:43:59,154.90,155.75,152.35,152.35,1800,94350,147.68,151.35,152.00
17.05.21 09:44:59,151.20,154.35,151.20,154.10,600,93825,147.76,152.60,153.30
17.05.21 09:45:59,152.90,160.00,152.90,156.65,3000,93825,148.51,156.80,157.70
17.05.21 09:46:59,157.30,157.30,153.05,153.90,825,93825,148.65,152.85,153.40
17.05.21 09:47:59,152.60,154.00,152.60,153.95,825,93525,148.74,153.40,154.10
17.05.21 09:48:59,155.00,155.00,154.40,154.40,225,93525,148.77,154.40,155.00
17.05.21 09:49:59,153.50,154.30,152.55,152.85,375,93525,148.81,151.85,152.45
17.05.21 09:50:59,153.00,155.00,153.00,155.00,225,93525,148.84,152.50,153.25
17.05.21 09:51:59,153.60,153.60,151.00,151.05,525,93525,148.88,150.45,151.25
17.05.21 09:52:59,150.05,152.80,150.05,152.00,1425,93525,148.97,151.55,152.45
17.05.21 09:53:59,151.70,151.70,151.70,151.70,150,93525,148.98,153.30,153.95
17.05.21 09:54:59,155.00,155.00,154.00,155.00,450,94425,149.04,154.50,155.00
17.05.21 09:55:59,155.00,155.00,153.55,153.55,225,94425,149.07,153.60,154.30
17.05.21 09:56:59,153.95,154.50,153.70,153.70,975,94800,149.17,152.80,153.70
17.05.21 09:57:59,153.70,155.15,153.70,154.80,600,94800,149.25,154.65,155.30
17.05.21 09:58:59,154.85,154.85,152.00,152.00,375,94800,149.28,151.80,152.50
17.05.21 09:59:59,153.70,153.70,153.70,153.70,150,95025,149.30,152.95,153.75
17.05.21 10:00:59,155.15,155.50,154.90,155.05,1350,95025,149.46,154.05,155.10
17.05.21 10:01:59,155.00,160.00,155.00,158.80,4200,95025,150.14,158.10,158.85
17.05.21 10:02:59,160.45,162.25,160.45,162.20,2250,94500,150.63,161.20,161.80
17.05.21 10:03:59,162.20,163.90,162.20,162.55,1725,94500,151.02,162.55,162.70
17.05.21 10:04:59,162.95,165.00,162.95,165.00,1350,94500,151.33,165.05,165.75
17.05.21 10:05:59,165.65,166.00,161.65,163.35,1500,93600,151.64,162.60,163.35
17.05.21 10:06:59,163.35,164.00,162.50,162.50,675,93600,151.78,162.55,163.35
17.05.21 10:07:59,162.50,164.20,162.50,163.20,675,93600,151.91,163.25,163.95
17.05.21 10:08:59,164.30,167.40,164.30,166.80,900,93525,152.12,166.55,167.25
17.05.21 10:09:59,167.05,168.00,166.10,168.00,2250,93525,152.66,167.20,167.95
17.05.21 10:10:59,166.90,166.90,165.00,165.10,825,93525,152.83,165.20,165.95
17.05.21 10:11:59,167.50,170.90,167.40,170.80,975,92475,153.08,170.75,171.45
17.05.21 10:12:59,171.35,171.55,170.15,170.85,1425,92475,153.47,170.90,171.55
17.05.21 10:13:59,171.00,175.00,169.70,173.65,2775,92475,154.23,171.95,172.70
17.05.21 10:14:59,172.30,174.15,172.30,174.15,675,92100,154.41,174.25,174.90
17.05.21 10:15:59,176.00,180.75,176.00,179.85,3300,92100,155.48,179.30,180.00
17.05.21 10:16:59,179.55,179.55,175.55,176.75,1875,92100,156.03,176.10,176.75
17.05.21 10:17:59,175.50,175.50,173.15,175.40,1275,92025,156.34,174.75,175.50
17.05.21 10:18:59,176.00,176.00,173.60,175.85,525,92025,156.47,175.30,176.00
17.05.21 10:19:59,175.30,178.80,175.30,178.40,825,92025,156.68,179.45,180.00
17.05.21 10:20:59,180.00,181.60,177.80,177.80,3075,93300,157.52,178.10,178.90
17.05.21 10:21:59,178.75,178.75,175.20,175.20,1875,93300,157.96,175.15,175.85
17.05.21 10:22:59,175.00,175.65,172.50,172.50,2400,93300,158.41,172.10,172.80
17.05.21 10:23:59,173.30,173.30,170.50,171.75,2025,94800,158.71,170.45,171.25
17.05.21 10:24:59,171.10,171.85,170.90,171.80,975,94800,158.86,170.60,171.30
17.05.21 10:25:59,170.50,171.60,168.30,168.30,750,94800,158.95,169.30,170.10
17.05.21 10:26:59,170.00,171.50,169.95,169.95,900,94650,159.07,168.40,169.20
17.05.21 10:27:59,168.45,171.25,168.45,171.25,375,94650,159.11,170.35,171.15
17.05.21 10:28:59,173.30,173.30,171.80,172.55,825,94650,159.23,172.80,173.20
17.05.21 10:29:59,172.80,172.80,171.50,172.60,825,95700,159.35,171.90,172.85
17.05.21 10:30:59,172.80,172.80,171.00,172.25,1200,95700,159.51,171.00,171.70
17.05.21 10:31:59,171.00,171.00,167.70,168.30,900,95700,159.61,167.80,168.50
17.05.21 10:32:59,168.10,168.10,168.10,168.10,75,95700,159.62,168.25,168.95
17.05.21 10:33:59,170.75,170.75,170.10,170.10,600,96900,159.69,170.55,171.10
17.05.21 10:34:59,170.55,170.55,170.00,170.10,300,96900,159.72,167.75,168.40
17.05.21 10:35:59,170.00,173.00,170.00,172.70,975,96825,159.84,172.95,173.85
17.05.21 10:36:59,172.80,174.00,172.70,173.55,450,96825,159.90,173.45,174.15
17.05.21 10:37:59,173.55,174.30,173.00,173.60,1200,96825,160.07,173.45,174.25
17.05.21 10:38:59,174.70,177.00,174.25,177.00,825,96525,160.21,176.50,176.95
17.05.21 10:39:59,176.50,179.10,176.40,179.00,975,96525,160.38,178.40,179.10
17.05.21 10:40:59,178.75,182.95,178.75,182.05,4275,96525,161.25,182.00,183.05
17.05.21 10:41:59,182.40,183.10,181.25,181.40,1500,98175,161.54,181.40,182.05
17.05.21 10:42:59,182.00,182.00,180.00,181.00,1500,98175,161.81,180.55,181.00
17.05.21 10:43:59,180.70,183.05,180.70,183.00,1575,98175,162.11,181.95,182.65
17.05.21 10:44:59,182.75,183.00,181.90,181.90,300,98175,162.17,181.15,181.85
17.05.21 10:45:59,181.25,181.70,180.35,180.35,975,97725,162.33,180.00,180.80
17.05.21 10:46:59,180.45,180.45,179.85,179.95,975,97725,162.49,180.40,181.10
17.05.21 10:47:59,180.80,180.80,178.00,178.00,1800,98250,162.75,177.60,178.20
17.05.21 10:48:59,178.80,179.45,178.80,179.45,150,98250,162.77,179.40,180.25
17.05.21 10:49:59,180.30,180.30,178.00,178.00,525,98250,162.84,178.30,179.10
17.05.21 10:50:59,179.40,181.40,179.20,181.40,1800,97575,163.11,180.15,180.65
17.05.21 10:51:59,180.70,180.70,179.10,179.55,525,97575,163.19,178.50,179.15
17.05.21 10:52:59,179.10,179.10,177.20,178.25,825,97575,163.29,178.25,178.70
17.05.21 10:53:59,178.80,178.80,178.05,178.05,450,98325,163.35,176.95,177.55
17.05.21 10:54:59,176.80,176.80,175.50,175.85,450,98325,163.40,175.45,175.85
17.05.21 10:55:59,176.00,176.10,175.60,175.60,300,98325,163.43,175.35,176.00
17.05.21 10:56:59,177.45,177.45,177.45,177.45,375,98325,163.48,177.25,177.90
17.05.21 10:57:59,177.30,177.30,174.55,175.00,900,98250,163.57,175.55,176.05
17.05.21 10:58:59,177.60,179.00,177.60,178.30,975,98250,163.69,177.15,177.70
17.05.21 10:59:59,175.00,175.15,175.00,175.15,150,97800,163.70,175.00,175.50
17.05.21 11:00:59,175.00,175.00,175.00,175.00,150,97800,163.72,174.50,175.10
17.05.21 11:01:59,174.40,174.40,174.40,174.40,75,97800,163.72,177.40,178.00
17.05.21 11:02:59,178.00,178.80,177.50,178.00,1500,98100,163.90,177.25,178.00
17.05.21 11:03:59,177.30,177.30,176.35,176.35,375,98100,163.94,175.65,176.30
17.05.21 11:04:59,175.00,177.50,175.00,177.20,900,98100,164.03,176.55,177.15
17.05.21 11:05:59,177.55,178.00,177.55,178.00,150,98100,164.04,178.20,179.00
17.05.21 11:06:59,179.15,179.15,179.00,179.00,150,99150,164.06,178.30,178.80
17.05.21 11:07:59,180.00,180.00,177.50,177.90,1575,99150,164.24,177.40,177.95
17.05.21 11:08:59,177.60,179.55,177.60,179.55,750,99075,164.33,178.95,179.60
17.05.21 11:09:59,178.00,180.10,178.00,179.40,300,99075,164.37,178.70,179.10
17.05.21 11:10:59,178.15,178.15,177.05,177.25,450,99075,164.41,178.10,178.70
17.05.21 11:11:59,179.40,180.00,178.00,178.00,375,99300,164.46,177.20,177.85
17.05.21 11:12:59,176.85,177.50,176.50,177.50,300,99300,164.48,176.95,177.60
17.05.21 11:14:59,175.80,176.20,175.80,176.20,1200,99300,164.59,175.00,175.45
17.05.21 11:15:59,176.25,177.00,176.25,176.95,600,98850,164.64,176.40,177.00
17.05.21 11:16:59,177.00,178.65,176.95,177.00,1200,98850,164.76,176.70,177.45
17.05.21 11:17:59,178.40,178.40,176.55,176.55,1275,98850,164.89,175.40,175.95
17.05.21 11:18:59,174.60,176.30,173.70,176.30,1275,100650,164.98,175.90,176.55
17.05.21 11:19:59,177.40,177.40,177.00,177.00,150,100650,165.00,176.85,177.45
17.05.21 11:20:59,176.00,176.60,175.00,176.60,225,100650,165.02,176.45,177.05
17.05.21 11:21:59,177.05,178.55,177.00,177.00,2100,100800,165.21,177.45,178.35
17.05.21 11:22:59,177.05,178.15,177.05,177.80,2100,100800,165.41,177.40,178.05
17.05.21 11:23:59,178.05,180.65,178.00,180.65,1425,102000,165.55,179.20,179.90
17.05.21 11:24:59,180.00,181.50,179.15,180.10,1725,102000,165.73,180.55,181.25
17.05.21 11:25:59,180.40,181.10,179.65,180.50,675,102000,165.80,180.35,181.05
17.05.21 11:26:59,182.00,182.05,180.25,180.80,2400,102000,166.06,180.75,181.40
17.05.21 11:27:59,180.75,180.75,180.00,180.00,300,101025,166.09,179.45,180.25
17.05.21 11:28:59,180.00,180.00,178.80,178.80,975,101025,166.18,178.20,178.80
17.05.21 11:29:59,177.00,177.25,177.00,177.25,1050,101025,166.26,176.65,177.25
17.05.21 11:30:59,176.50,179.30,176.50,179.30,750,101025,166.32,177.10,177.80
17.05.21 11:31:59,177.80,177.80,177.75,177.75,150,101025,166.33,176.30,176.90
17.05.21 11:32:59,176.10,176.10,176.00,176.00,300,101025,166.35,176.30,177.05
17.05.21 11:33:59,177.10,177.10,175.00,176.00,525,101475,166.39,175.70,176.45
17.05.21 11:34:59,177.40,179.00,177.40,179.00,525,101475,166.43,177.70,178.35
17.05.21 11:35:59,178.15,180.70,178.15,180.70,375,101925,166.46,180.60,181.40
17.05.21 11:36:59,180.15,180.15,177.55,177.55,300,101925,166.49,177.35,178.10
17.05.21 11:37:59,178.85,178.85,178.85,178.85,300,101925,166.51,179.20,179.90
17.05.21 11:38:59,179.65,179.65,178.00,178.00,1125,101925,166.61,177.55,178.25
17.05.21 11:39:59,178.45,179.10,178.25,178.25,1125,102450,166.70,177.65,178.40
17.05.21 11:40:59,177.70,177.85,177.10,177.10,1125,102450,166.78,177.25,177.75
17.05.21 11:41:59,177.50,178.60,177.50,178.15,975,102450,166.85,178.15,178.75
17.05.21 11:42:59,179.00,179.00,175.00,175.00,525,103125,166.88,175.00,175.35
17.05.21 11:43:59,175.00,175.70,175.00,175.70,300,103125,166.90,176.00,176.70
17.05.21 11:44:59,176.00,177.25,175.35,175.35,900,103125,166.95,175.30,175.95
17.05.21 11:45:59,175.40,178.20,175.40,178.20,375,103275,166.98,175.00,175.45
17.05.21 11:46:59,175.55,179.75,175.55,179.75,825,103275,167.03,179.10,179.80
17.05.21 11:47:59,179.05,180.00,178.75,180.00,1050,103275,167.12,179.85,180.55
17.05.21 11:48:59,180.60,182.90,179.75,179.75,2775,102900,167.37,179.80,180.55
17.05.21 11:49:59,180.10,185.10,180.10,183.00,7350,102900,168.07,182.60,183.25
17.05.21 11:50:59,184.45,186.00,182.75,186.00,1800,102900,168.24,186.00,186.80
17.05.21 11:51:59,187.00,187.35,183.60,184.65,3300,104550,168.57,183.45,184.20
17.05.21 11:52:59,184.30,184.30,181.65,182.55,450,104550,168.61,181.35,182.35
17.05.21 11:53:59,182.35,184.65,182.35,184.65,450,104550,168.65,183.25,184.10
17.05.21 11:54:59,182.70,183.50,182.20,183.50,1650,106125,168.79,183.10,183.75
17.05.21 11:55:59,183.25,185.15,182.95,182.95,900,106125,168.87,182.95,183.45
17.05.21 11:56:59,183.00,183.35,182.60,183.35,450,106125,168.90,183.40,184.20
17.05.21 11:57:59,184.10,184.10,183.00,183.00,375,105375,168.93,182.15,182.95
17.05.21 11:58:59,182.95,183.35,182.00,182.25,1275,105375,169.03,181.75,182.40
17.05.21 11:59:59,181.30,182.80,181.30,182.25,600,105375,169.07,180.60,181.25
17.05.21 12:00:59,179.60,181.30,179.60,181.30,975,105150,169.13,180.95,181.70
17.05.21 12:01:59,181.70,183.10,181.35,182.35,975,105150,169.21,182.15,182.75
17.05.21 12:02:59,182.10,182.30,181.25,181.25,375,105150,169.23,181.10,181.70
17.05.21 12:04:59,181.35,181.35,181.25,181.25,600,105600,169.27,180.55,181.15
17.05.21 12:05:59,180.85,180.85,180.85,180.85,75,105600,169.28,182.80,183.45
17.05.21 12:06:59,183.45,183.45,182.80,183.05,300,105450,169.30,181.30,182.05
17.05.21 12:07:59,182.25,183.00,181.35,183.00,825,105450,169.36,182.15,182.70
17.05.21 12:08:59,182.15,183.00,182.00,182.00,750,105450,169.41,181.90,182.30
17.05.21 12:09:59,183.50,185.00,183.50,185.00,1950,105825,169.57,184.85,185.55
17.05.21 12:10:59,185.00,187.05,185.00,186.60,2100,105825,169.75,185.65,186.45
17.05.21 12:11:59,185.00,185.90,185.00,185.70,750,105825,169.82,186.20,186.60
17.05.21 12:12:59,186.60,188.00,186.60,187.90,600,106350,169.87,187.15,188.00
17.05.21 12:13:59,187.90,187.90,186.45,186.45,675,106350,169.93,185.25,186.05
17.05.21 12:14:59,185.15,185.15,184.00,184.00,750,106350,169.99,185.35,186.20
17.05.21 12:15:59,185.20,185.55,184.90,184.90,675,106650,170.04,185.40,186.35
17.05.21 12:16:59,186.45,188.00,186.45,188.00,1800,106650,170.21,186.95,187.95
17.05.21 12:17:59,188.00,190.80,188.00,189.90,2775,106650,170.48,187.60,188.90
17.05.21 12:18:59,189.15,190.80,188.80,190.80,525,106125,170.53,190.05,191.40
17.05.21 12:19:59,191.00,192.00,189.70,192.00,1350,106125,170.67,190.80,191.90
17.05.21 12:20:59,191.65,192.60,190.80,191.15,1125,106125,170.79,190.10,190.95
17.05.21 12:21:59,190.95,190.95,188.00,188.00,2700,106500,171.04,187.45,188.50
17.05.21 12:22:59,188.10,189.55,187.60,188.80,900,106500,171.12,188.00,188.70
17.05.21 12:23:59,188.00,189.30,187.20,189.30,1050,106500,171.21,188.75,189.65
17.05.21 12:24:59,191.80,191.80,191.80,191.80,1725,106575,171.38,191.85,192.95
17.05.21 12:25:59,192.00,193.00,190.75,193.00,825,106575,171.46,192.70,193.75
17.05.21 12:26:59,193.70,193.70,191.00,193.15,2100,106575,171.67,192.75,193.40
17.05.21 12:27:59,193.60,195.40,193.00,195.00,1575,105975,171.84,194.25,195.20
17.05.21 12:28:59,193.05,195.90,192.60,195.05,1200,105975,171.96,194.55,195.55
17.05.21 12:29:59,195.00,196.00,194.85,194.85,1050,105975,172.08,194.55,195.20
17.05.21 12:30:59,194.30,194.30,192.65,194.05,1200,105750,172.20,193.40,194.15
17.05.21 12:31:59,195.00,199.00,195.00,198.05,1800,105750,172.41,197.55,198.20
17.05.21 12:32:59,198.40,200.00,198.25,200.00,2175,105750,172.68,199.50,200.45
17.05.21 12:33:59,200.85,201.45,200.05,200.05,2400,105450,172.99,200.00,200.40
17.05.21 12:34:59,200.60,200.60,198.80,199.35,3975,105450,173.46,199.30,199.95
17.05.21 12:35:59,200.75,201.65,200.00,200.35,1125,105450,173.60,200.10,200.80
17.05.21 12:36:59,199.90,201.00,198.95,200.20,1275,106800,173.75,199.85,200.70
17.05.21 12:37:59,199.70,200.30,198.50,198.95,1650,106800,173.93,198.95,199.55
17.05.21 12:38:59,198.25,199.95,198.20,198.80,675,106800,174.01,198.75,199.55
17.05.21 12:39:59,199.55,200.40,197.50,197.50,2475,106275,174.27,197.25,198.05
17.05.21 12:40:59,198.20,198.55,196.95,197.90,2700,106275,174.54,197.55,198.45
17.05.21 12:41:59,198.10,198.10,197.00,197.20,675,106275,174.61,197.15,197.80
17.05.21 12:42:59,198.00,198.00,196.80,196.85,1050,107025,174.71,196.90,197.40
17.05.21 12:43:59,197.40,197.85,195.55,196.25,975,107025,174.80,195.80,196.45
17.05.21 12:44:59,196.75,196.75,196.15,196.15,225,107025,174.82,195.60,196.25
17.05.21 12:45:59,196.20,198.80,196.20,198.80,3075,106950,175.11,197.85,198.40
17.05.21 12:46:59,199.00,202.10,199.00,201.95,3000,106950,175.42,201.35,202.10
17.05.21 12:47:59,202.70,203.00,201.70,201.70,1725,106950,175.61,200.95,201.75
17.05.21 12:48:59,201.85,202.80,200.80,202.15,1725,108300,175.80,201.00,201.70
17.05.21 12:49:59,200.95,202.25,200.95,202.25,1875,108300,175.99,202.00,202.65
17.05.21 12:50:59,202.55,202.85,201.35,201.50,1875,108300,176.19,201.30,202.00
17.05.21 12:51:59,201.25,203.00,201.25,202.00,825,107025,176.28,200.40,201.25
17.05.21 12:52:59,201.40,201.60,201.25,201.25,600,107025,176.34,200.05,200.80
17.05.21 12:53:59,200.65,200.65,199.25,199.25,1275,107025,176.46,199.55,200.40
17.05.21 12:54:59,199.85,200.70,199.85,200.65,600,107025,176.51,200.00,200.40
17.05.21 12:55:59,200.60,200.60,199.60,199.70,525,107025,176.56,198.25,199.00
17.05.21 12:56:59,198.80,198.80,196.85,196.85,450,107025,176.60,197.25,198.00
17.05.21 12:57:59,197.05,198.15,197.05,198.00,1050,104925,176.69,197.10,197.80
17.05.21 12:58:59,197.65,198.00,197.30,198.00,300,104925,176.71,197.25,197.95
17.05.21 12:59:59,197.90,197.90,197.05,197.05,225,104925,176.73,196.40,197.10
17.05.21 13:00:59,196.30,199.95,196.05,199.95,1275,105525,176.83,199.50,200.45
17.05.21 13:01:59,199.95,202.20,199.95,202.20,1200,105525,176.95,201.75,202.55
17.05.21 13:02:59,202.80,202.95,200.25,200.25,450,105525,176.99,200.60,201.20
17.05.21 13:03:59,200.95,202.95,200.95,202.20,1350,106275,177.12,201.75,202.35
17.05.21 13:04:59,202.75,203.00,202.65,202.65,1050,106275,177.23,202.25,203.00
17.05.21 13:05:59,202.45,203.40,202.00,203.40,750,106275,177.30,202.60,203.25
17.05.21 13:06:59,202.50,202.50,200.70,200.70,2100,107775,177.50,200.70,201.50
17.05.21 13:07:59,200.00,200.70,200.00,200.00,375,107775,177.53,199.65,200.65
17.05.21 13:08:59,198.75,199.30,197.60,197.60,1500,107775,177.65,198.60,199.55
17.05.21 13:09:59,198.60,200.20,198.60,200.20,825,107625,177.71,199.20,199.85
17.05.21 13:10:59,202.05,202.05,202.05,202.05,75,107625,177.72,200.80,201.70
17.05.21 13:11:59,201.00,201.00,199.75,199.75,525,107625,177.76,199.65,200.35
17.05.21 13:12:59,199.55,200.05,198.75,198.75,600,107175,177.81,198.00,198.60
17.05.21 13:13:59,198.75,198.75,189.45,191.00,7650,107175,178.26,191.05,192.05
17.05.21 13:14:59,191.95,192.70,187.50,187.50,2325,107175,178.36,186.85,187.95
17.05.21 13:15:59,187.00,187.00,183.05,184.10,3750,108450,178.45,183.70,184.35
17.05.21 13:16:59,184.35,191.50,184.35,191.50,2475,108450,178.53,191.30,192.25
17.05.21 13:17:59,191.50,192.55,190.85,191.60,1275,108450,178.59,190.85,191.45
17.05.21 13:18:59,192.75,194.05,192.75,194.00,825,108900,178.64,193.55,194.40
17.05.21 13:19:59,195.00,195.00,191.85,192.75,1425,108900,178.71,194.20,194.90
17.05.21 13:20:59,194.10,197.50,193.85,197.50,1875,108900,178.82,197.15,197.75
17.05.21 13:21:59,196.90,196.90,194.00,194.00,600,108525,178.86,193.55,194.35
17.05.21 13:22:59,193.60,195.00,193.60,195.00,375,108525,178.88,194.45,195.05
17.05.21 13:23:59,195.65,195.65,193.40,193.40,150,108525,178.88,192.90,193.70
17.05.21 13:24:59,191.25,192.10,189.70,189.70,900,108525,178.92,189.50,189.80
17.05.21 13:25:59,189.75,191.70,189.75,189.80,1200,108525,178.97,189.85,190.10
17.05.21 13:26:59,190.10,190.10,187.05,189.75,5625,108525,179.16,189.10,190.00
17.05.21 13:27:59,188.95,191.00,188.65,188.65,5550,114075,179.35,188.30,189.60
17.05.21 13:28:59,189.50,189.50,187.00,187.00,1500,114075,179.39,185.80,186.80
17.05.21 13:29:59,185.85,189.95,185.85,189.35,2850,114075,179.47,189.25,190.35
17.05.21 13:30:59,190.30,195.95,190.30,194.95,2775,118425,179.61,195.40,196.25
17.05.21 13:31:59,195.30,196.00,193.70,193.70,1500,118425,179.68,193.35,193.95
17.05.21 13:32:59,193.95,195.45,193.45,193.45,1050,118425,179.73,193.20,193.95
17.05.21 13:33:59,193.25,196.20,193.20,194.90,2025,119925,179.82,194.20,194.90
17.05.21 13:34:59,195.35,195.50,194.55,194.65,1275,119925,179.89,193.80,194.55
17.05.21 13:35:59,194.30,195.50,194.10,195.20,1650,119925,179.96,195.20,195.95
17.05.21 13:36:59,194.65,194.65,192.75,193.80,1725,121725,180.04,193.60,194.35
17.05.21 13:37:59,194.60,195.00,194.60,194.80,1350,121725,180.10,195.00,195.80
17.05.21 13:38:59,196.00,197.70,195.85,197.70,1950,121725,180.20,198.50,199.20
17.05.21 13:39:59,199.30,201.60,197.65,200.10,2175,121200,180.33,199.35,200.05
17.05.21 13:40:59,199.25,200.60,198.50,200.60,3225,121200,180.52,200.00,200.95
17.05.21 13:41:59,200.00,203.45,200.00,200.65,4725,121200,180.82,201.05,201.70
17.05.21 13:42:59,201.30,201.30,200.20,201.10,375,119025,180.84,200.30,201.15
17.05.21 13:43:59,201.15,203.25,200.45,202.30,1725,119025,180.95,203.55,204.00
17.05.21 13:44:59,204.30,204.30,200.20,200.20,2550,119025,181.11,200.35,201.15
17.05.21 13:45:59,202.25,203.00,201.00,201.00,1275,120675,181.19,201.15,202.35
17.05.21 13:46:59,201.00,201.00,198.00,198.00,1650,120675,181.28,197.15,197.90
17.05.21 13:47:59,197.55,199.75,197.55,198.35,825,120675,181.32,198.55,199.15
17.05.21 13:48:59,198.10,198.10,197.65,197.65,375,119175,181.34,197.65,198.00
17.05.21 13:49:59,197.65,203.00,197.65,203.00,2550,119175,181.49,202.00,202.85
17.05.21 13:50:59,204.00,204.00,202.35,203.00,825,119175,181.54,202.95,203.50
17.05.21 13:51:59,203.50,205.00,202.70,204.05,1725,119400,181.66,204.05,204.90
17.05.21 13:52:59,204.80,204.80,203.60,204.05,450,119400,181.69,204.25,205.00
17.05.21 13:53:59,205.00,205.00,202.20,202.20,1350,119400,181.77,203.20,204.00
17.05.21 13:54:59,203.35,205.00,203.35,203.50,2925,119400,181.96,203.25,204.15
17.05.21 13:55:59,203.10,205.00,203.10,205.00,2550,119400,182.12,204.35,205.00
17.05.21 13:56:59,205.00,205.90,204.35,204.35,1425,119400,182.21,204.35,205.00
17.05.21 13:57:59,205.00,205.95,204.70,204.70,1050,118800,182.28,204.65,205.65
17.05.21 13:58:59,205.20,205.95,204.00,204.00,2025,118800,182.41,202.80,204.00
17.05.21 13:59:59,204.00,205.55,203.20,205.00,1275,118800,182.49,204.85,205.40
17.05.21 14:00:59,205.60,207.70,205.60,206.50,2100,118275,182.62,206.15,207.10
17.05.21 14:01:59,206.75,208.55,205.90,207.80,1575,118275,182.73,206.95,207.75
17.05.21 14:02:59,207.15,210.00,207.00,210.00,450,118275,182.76,209.15,209.70
17.05.21 14:03:59,210.00,216.45,210.00,214.80,8925,116700,183.50,214.95,215.70
17.05.21 14:04:59,214.95,216.40,213.65,215.55,1275,116700,183.60,215.05,215.85
17.05.21 14:05:59,215.80,216.00,213.95,213.95,2025,116700,183.77,214.10,214.95
17.05.21 14:06:59,213.95,214.00,212.20,212.30,4950,116775,184.15,212.20,213.00
17.05.21 14:08:59,211.50,212.40,211.05,212.40,675,116775,184.20,212.40,212.65
17.05.21 14:10:59,214.50,214.70,214.35,214.70,2925,116625,184.43,214.10,214.85
17.05.21 14:11:59,215.95,215.95,214.70,214.70,150,116625,184.44,213.95,214.80
17.05.21 14:12:59,214.85,216.25,214.30,214.30,1125,114300,184.53,212.90,214.15
17.05.21 14:13:59,213.85,214.00,211.60,211.60,1125,114300,184.61,212.15,212.90
17.05.21 14:14:59,213.70,213.70,209.60,209.60,1050,114300,184.69,209.55,210.30
17.05.21 14:15:59,209.90,211.80,209.50,209.50,1200,113925,184.77,210.05,210.85
17.05.21 14:16:59,209.75,211.45,208.95,211.45,1125,113925,184.84,210.75,211.70
17.05.21 14:17:59,211.60,211.60,209.45,210.10,525,113925,184.87,209.35,210.05
17.05.21 14:18:59,208.00,208.00,207.20,208.00,1800,112125,184.98,207.15,208.15
17.05.21 14:19:59,207.85,207.85,207.85,207.85,75,112125,184.98,207.00,207.85
17.05.21 14:20:59,207.85,208.40,207.85,208.20,525,112125,185.01,208.30,209.30
17.05.21 14:21:59,209.60,211.75,209.60,211.75,600,112575,185.05,210.65,211.70
17.05.21 14:22:59,211.30,211.30,210.00,210.10,225,112575,185.06,209.15,210.30
17.05.21 14:23:59,210.30,210.30,210.25,210.30,300,112575,185.08,210.30,211.15
17.05.21 14:24:59,211.50,212.65,211.50,212.60,1350,112350,185.18,212.10,213.25
17.05.21 14:25:59,212.90,213.20,212.60,213.20,975,112350,185.24,212.10,213.30
17.05.21 14:26:59,212.05,212.15,211.90,212.15,450,112350,185.27,211.10,212.10
17.05.21 14:27:59,211.55,211.55,211.55,211.55,75,112350,185.28,210.65,211.75
17.05.21 14:28:59,212.00,213.70,212.00,213.70,300,113325,185.30,212.60,213.30
17.05.21 14:29:59,213.50,214.00,212.00,212.00,2850,113325,185.50,212.30,213.05
17.05.21 14:31:59,213.70,218.05,213.70,216.45,2625,113550,185.70,215.95,216.75
17.05.21 14:33:59,216.75,218.65,216.75,218.65,1500,113550,185.81,217.35,218.25
17.05.21 14:34:59,217.20,217.20,216.05,217.15,1425,113550,185.92,216.45,217.25
17.05.21 14:35:59,218.65,219.85,218.15,219.00,2175,113550,186.10,218.30,219.00
17.05.21 14:36:59,218.85,219.50,217.95,218.90,7200,112425,186.67,218.75,219.55
17.05.21 14:37:59,220.00,222.05,220.00,222.05,2775,112425,186.89,221.00,221.80
17.05.21 14:38:59,220.20,221.60,220.00,221.35,1050,112425,186.98,220.55,221.25
17.05.21 14:39:59,221.85,223.35,221.00,221.00,750,112200,187.04,221.10,221.85
17.05.21 14:40:59,222.00,222.70,222.00,222.05,1950,112200,187.21,221.70,222.65
17.05.21 14:41:59,221.00,221.60,219.70,219.70,2550,112200,187.41,219.05,220.30
17.05.21 14:42:59,219.30,219.55,218.20,219.35,1125,111075,187.49,219.35,220.35
17.05.21 14:43:59,219.55,225.55,219.55,224.25,2325,111075,187.69,223.55,224.55
17.05.21 14:44:59,224.30,233.60,224.30,232.60,2475,111075,187.93,232.00,233.40
17.05.21 14:45:59,233.95,236.00,230.25,232.05,2025,109725,188.14,232.25,233.00
17.05.21 14:46:59,231.90,233.15,228.00,228.50,375,109725,188.18,227.10,228.45
17.05.21 14:47:59,227.55,227.95,225.65,227.95,1875,109725,188.34,226.65,227.45
17.05.21 14:48:59,226.50,226.50,226.50,226.50,75,109725,188.35,226.00,226.75
17.05.21 14:49:59,227.20,228.60,226.50,227.30,1500,108150,188.48,227.05,227.85
17.05.21 14:50:59,227.70,227.70,226.00,226.80,450,108150,188.52,223.90,224.70
17.05.21 14:51:59,223.65,225.95,223.10,225.95,1125,105825,188.62,226.80,227.55
17.05.21 14:52:59,225.85,226.25,225.85,226.25,225,105825,188.64,225.40,226.15
17.05.21 14:53:59,225.55,227.50,225.30,227.50,450,105825,188.67,227.15,227.90
17.05.21 14:54:59,228.60,229.90,226.95,229.00,1200,105825,188.78,229.75,230.50
17.05.21 14:55:59,231.00,232.00,231.00,232.00,1650,105825,188.94,232.60,233.50
17.05.21 14:56:59,233.00,233.00,230.05,233.00,1200,105825,189.06,233.35,234.50
17.05.21 14:57:59,234.40,236.00,234.40,236.00,375,105825,189.10,236.95,237.70
17.05.21 14:58:59,236.90,238.00,235.40,236.05,1425,104550,189.25,236.05,237.45
17.05.21 14:59:59,235.90,240.00,235.60,240.00,1125,104550,189.37,239.55,240.30
17.05.21 15:00:59,241.20,241.55,238.95,238.95,2850,102975,189.70,238.60,239.70
17.05.21 15:01:59,238.00,238.00,235.00,235.00,1125,102975,189.82,234.10,234.95
17.05.21 15:02:59,233.90,235.45,233.90,234.55,975,102975,189.91,233.95,234.95
17.05.21 15:03:59,235.05,237.50,234.35,237.50,975,101550,190.01,236.15,238.00
17.05.21 15:04:59,236.30,238.65,236.30,238.65,375,101550,190.05,238.90,239.95
17.05.21 15:05:59,240.00,244.25,240.00,244.25,600,101550,190.12,243.50,244.30
17.05.21 15:06:59,243.90,243.90,240.05,240.05,825,101325,190.22,240.00,240.75
17.05.21 15:07:59,238.75,239.65,236.05,236.05,750,101325,190.30,235.95,237.40
17.05.21 15:08:59,238.40,238.40,238.30,238.30,225,101325,190.32,238.10,238.80
17.05.21 15:09:59,238.10,238.10,235.00,235.00,375,100725,190.36,234.10,235.45
17.05.21 15:10:59,235.80,235.80,235.35,235.35,375,100725,190.39,235.30,236.15
17.05.21 15:11:59,234.45,235.35,234.20,235.35,450,100725,190.44,233.25,234.60
17.05.21 15:12:59,234.55,236.65,234.55,236.65,300,100725,190.47,235.55,236.30
17.05.21 15:13:59,236.40,239.20,236.40,239.20,300,100200,190.50,238.55,239.30
17.05.21 15:14:59,239.05,239.60,238.15,238.40,675,100200,190.57,238.75,239.60
17.05.21 15:15:59,238.55,239.40,236.10,236.55,1425,100050,190.72,235.35,236.55
17.05.21 15:16:59,235.30,235.30,235.30,235.30,1200,100050,190.83,235.45,236.25
17.05.21 15:17:59,236.55,240.00,236.55,239.00,2100,100050,191.05,238.05,239.40
17.05.21 15:18:59,239.00,241.00,239.00,241.00,600,100500,191.12,241.25,242.00
17.05.21 15:19:59,242.05,242.05,240.35,240.50,900,100500,191.22,239.75,240.65
17.05.21 15:20:59,239.00,239.00,238.45,238.75,600,100500,191.28,238.60,239.45
17.05.21 15:21:59,240.05,240.05,239.25,239.25,225,100500,191.30,239.80,240.95
17.05.21 15:22:59,240.60,241.65,239.45,241.65,975,100425,191.40,239.90,241.35
17.05.21 15:23:59,241.00,241.00,239.60,240.00,450,100425,191.45,239.35,240.40
17.05.21 15:24:59,239.75,240.00,238.65,238.70,2025,98925,191.66,238.60,239.45
17.05.21 15:25:59,238.60,241.55,238.60,241.55,825,98925,191.74,241.00,241.90
17.05.21 15:26:59,240.85,241.90,240.15,241.90,2250,98925,191.98,241.25,241.95
17.05.21 15:27:59,241.55,242.20,241.35,242.20,2325,96525,192.22,241.45,242.25
17.05.21 15:28:59,241.55,242.25,240.55,240.55,525,96525,192.28,240.05,241.75
17.05.21 15:30:00,240.35,243.45,240.35,240.35,975,96525,192.38,232.80,244.00
18.05.21 09:15:59,301.00,335.95,301.00,335.45,5025,96225,326.28,332.05,336.00
18.05.21 09:16:59,330.65,350.00,330.65,349.25,4050,96225,332.88,347.30,350.00
18.05.21 09:17:59,351.15,353.30,349.65,350.25,675,92400,334.14,349.05,352.45
18.05.21 09:18:59,351.70,353.60,347.45,351.00,1875,92400,336.80,347.95,351.10
18.05.21 09:19:59,346.90,350.00,341.85,345.35,1425,92400,337.80,345.05,349.35
18.05.21 09:20:59,348.00,359.90,348.00,359.90,2100,90675,340.13,357.55,359.50
18.05.21 09:21:59,360.00,361.00,348.75,348.75,2250,90675,341.99,347.20,348.15
18.05.21 09:22:59,348.10,349.15,345.00,346.10,3975,90675,342.85,344.45,345.40
18.05.21 09:23:59,343.90,344.50,339.50,341.40,1200,86025,342.81,340.75,341.65
18.05.21 09:24:59,340.50,342.00,340.50,342.00,225,86025,342.80,342.50,344.45
18.05.21 09:25:59,342.50,352.95,342.50,352.95,675,86025,342.97,354.00,355.00
18.05.21 09:26:59,352.40,357.60,352.40,357.60,450,85500,343.22,357.15,358.10
18.05.21 09:27:59,358.45,364.15,358.45,364.15,600,85500,343.67,363.95,367.15
18.05.21 09:28:59,365.00,365.00,363.15,363.15,225,85500,343.86,365.55,366.55
18.05.21 09:29:59,365.45,367.75,365.45,367.75,450,85425,344.27,367.35,368.30
18.05.21 09:30:59,369.00,372.00,364.10,367.35,1200,85425,345.31,366.45,367.40
18.05.21 09:31:59,365.65,365.65,363.95,364.15,450,85425,345.63,362.35,364.40
18.05.21 09:32:59,362.00,362.00,357.85,357.85,600,83850,345.98,355.90,356.90
18.05.21 09:33:59,352.00,352.00,352.00,352.00,75,83850,345.99,342.15,345.40
18.05.21 09:34:59,341.10,341.10,335.00,335.00,750,83850,345.79,339.55,342.25
18.05.21 09:35:59,341.50,342.25,339.55,342.25,975,83700,345.66,343.85,345.70
18.05.21 09:36:59,345.15,349.90,344.15,344.15,600,83700,345.69,344.45,346.15
18.05.21 09:37:59,346.85,348.40,340.05,343.10,750,83700,345.64,345.10,347.05
18.05.21 09:38:59,340.00,341.65,340.00,341.65,525,83175,345.57,340.85,341.75
18.05.21 09:39:59,341.25,341.25,339.55,339.55,150,83175,345.54,346.00,346.95
18.05.21 09:40:59,345.00,345.00,345.00,345.00,75,83175,345.54,347.45,348.35
18.05.21 09:41:59,350.00,350.00,347.85,349.25,4575,83025,345.98,347.85,348.75
18.05.21 09:42:59,347.05,350.60,347.00,350.60,675,83025,346.01,347.60,349.25
18.05.21 09:43:59,347.50,347.50,347.50,347.50,150,83025,346.02,348.00,349.60
18.05.21 09:45:59,348.20,348.20,348.00,348.00,225,78825,346.03,345.55,346.45
18.05.21 09:46:59,351.65,353.75,351.65,353.75,375,78825,346.10,352.25,353.10
18.05.21 09:47:59,352.00,352.00,352.00,352.00,750,78825,346.22,355.40,356.20
18.05.21 09:48:59,355.00,355.00,352.50,353.65,300,79350,346.28,352.05,352.90
18.05.21 09:49:59,352.10,352.10,350.75,350.75,375,79350,346.33,354.15,355.60
18.05.21 09:50:59,354.00,354.55,354.00,354.45,225,78975,346.38,352.95,353.85
18.05.21 09:51:59,350.95,350.95,350.95,350.95,150,78975,346.40,350.50,351.10
18.05.21 09:52:59,350.75,352.50,350.75,352.05,300,78975,346.44,351.45,352.40
18.05.21 09:53:59,352.00,352.00,352.00,352.00,225,78975,346.47,350.30,352.00
18.05.21 09:55:59,349.30,349.30,344.40,344.40,450,78975,346.46,342.10,342.95
18.05.21 09:56:59,340.50,342.95,340.50,342.95,750,79125,346.37,342.10,343.00
18.05.21 09:57:59,344.15,345.00,343.20,345.00,825,79125,346.34,343.55,344.40
18.05.21 09:58:59,343.00,343.00,340.30,340.30,825,79125,346.27,339.60,340.50
18.05.21 09:59:59,339.80,339.80,336.30,336.30,600,78525,346.16,335.45,336.35
18.05.21 10:00:59,332.50,335.55,328.10,335.55,825,78525,345.90,338.65,340.15
18.05.21 10:01:59,332.80,337.15,332.80,337.15,900,78525,345.65,337.60,338.45
18.05.21 10:02:59,335.00,341.85,335.00,341.85,525,78300,345.58,338.05,339.40
18.05.21 10:03:59,341.85,343.55,341.85,343.55,300,78300,345.56,341.35,342.80
18.05.21 10:04:59,342.10,342.10,334.60,334.60,225,78300,345.52,336.70,337.55
18.05.21 10:07:59,339.05,339.05,339.00,339.00,375,78150,345.47,338.50,339.40
18.05.21 10:08:59,339.10,339.10,336.10,336.10,150,77775,345.44,334.60,335.45
18.05.21 10:09:59,332.00,332.00,330.00,330.00,675,77775,345.24,329.40,330.30
18.05.21 10:10:59,329.50,329.50,321.60,325.00,975,77775,344.81,324.55,325.60
18.05.21 10:11:59,328.85,328.85,328.85,328.85,75,77775,344.78,319.65,320.50
18.05.21 10:12:59,318.40,318.60,317.45,317.45,450,77025,344.54,322.35,324.00
18.05.21 10:14:59,322.90,328.45,322.90,328.45,450,77025,344.36,324.85,325.70
18.05.21 10:15:59,325.45,335.00,325.45,335.00,450,76875,344.24,331.85,332.75
18.05.21 10:16:59,335.00,335.10,334.50,334.50,300,76875,344.19,334.15,335.05
18.05.21 10:17:59,333.85,335.20,332.80,332.80,600,76875,344.06,334.65,335.50
18.05.21 10:18:59,335.95,336.00,335.95,336.00,150,75975,344.04,334.50,335.40
18.05.21 10:19:59,336.00,336.45,332.55,335.80,750,75975,343.90,334.95,335.80
18.05.21 10:20:59,336.05,336.05,336.05,336.05,75,75975,343.89,331.95,332.80
18.05.21 10:21:59,334.35,334.35,330.00,330.00,300,75675,343.82,330.30,331.20
18.05.21 10:22:59,335.00,335.00,335.00,335.00,150,75675,343.80,331.30,332.15
18.05.21 10:23:59,333.65,333.65,333.65,333.65,75,75675,343.78,332.25,333.15
18.05.21 10:25:59,334.35,334.60,332.85,332.85,300,75600,343.72,334.05,334.95
18.05.21 10:26:59,335.00,335.00,335.00,335.00,75,75600,343.71,337.15,338.05
18.05.21 10:27:59,336.85,336.85,336.85,336.85,75,75975,343.70,338.05,338.95
18.05.21 10:28:59,338.00,338.95,338.00,338.95,225,75975,343.68,339.80,340.65
18.05.21 10:29:59,341.20,341.20,340.60,341.00,300,75975,343.66,342.45,344.10
18.05.21 10:32:59,343.65,343.65,342.10,342.10,150,76200,343.66,346.25,347.15
18.05.21 10:33:59,346.45,346.45,346.45,346.45,75,76200,343.66,344.50,345.05
18.05.21 10:34:59,345.70,345.70,344.05,344.05,300,76200,343.67,344.75,345.65
18.05.21 10:35:59,343.55,343.55,343.55,343.55,75,76500,343.67,342.20,343.10
18.05.21 10:36:59,343.80,343.80,343.75,343.75,150,76500,343.67,344.85,345.70
18.05.21 10:38:59,346.75,346.75,346.75,346.75,150,76500,343.68,344.55,345.45
18.05.21 10:39:59,346.25,346.25,346.25,346.25,150,76800,343.68,345.80,346.75
18.05.21 10:40:59,348.45,352.00,348.45,352.00,225,76800,343.71,348.75,350.70
18.05.21 10:41:59,350.25,350.25,350.25,350.25,75,76800,343.72,348.05,349.00
18.05.21 10:45:59,353.45,353.45,353.45,353.45,75,76875,343.73,351.20,352.45
18.05.21 10:46:59,351.30,351.30,351.30,351.30,75,76875,343.74,349.85,351.00
18.05.21 10:48:59,353.35,353.35,353.35,353.35,75,76725,343.76,355.35,356.25
18.05.21 10:49:59,356.95,356.95,356.95,356.95,75,76725,343.77,354.15,356.15
18.05.21 10:52:59,360.00,360.00,360.00,360.00,225,76725,343.84,355.60,356.50
18.05.21 10:54:59,356.75,356.75,356.75,356.75,75,76575,343.86,356.75,357.70
18.05.21 10:55:59,356.40,356.40,356.40,356.40,150,76575,343.89,356.95,357.85
18.05.21 10:56:59,362.25,362.25,362.25,362.25,75,76725,343.92,362.45,363.35
18.05.21 10:57:59,363.10,363.45,363.10,363.45,150,76725,343.97,362.75,365.40
18.05.21 10:58:59,365.70,366.00,363.70,365.15,900,76725,344.31,363.45,365.25
18.05.21 10:59:59,365.25,365.30,365.25,365.30,150,76725,344.36,366.55,368.20
18.05.21 11:00:59,365.00,365.00,365.00,365.00,75,76125,344.39,364.65,365.55
18.05.21 11:01:59,365.10,365.10,365.10,365.10,75,76125,344.42,363.95,364.85
18.05.21 11:02:59,366.00,366.00,366.00,366.00,75,76125,344.45,367.10,368.00
18.05.21 11:04:59,367.00,372.20,367.00,371.85,300,76125,344.58,371.25,373.15
18.05.21 11:05:59,375.05,376.90,375.05,376.90,1500,76125,345.37,378.20,379.00
18.05.21 11:06:59,379.00,379.00,377.85,377.85,150,75225,345.45,377.00,378.95
18.05.21 11:07:59,379.00,383.95,379.00,383.95,525,75225,345.77,381.40,382.35
18.05.21 11:08:59,380.80,380.80,380.00,380.00,150,75225,345.86,380.25,381.05
18.05.21 11:09:59,380.20,380.80,377.25,379.05,525,75300,346.16,376.40,377.35
18.05.21 11:10:59,375.20,375.20,367.50,367.50,750,75300,346.47,366.65,367.60
18.05.21 11:11:59,367.45,371.60,367.45,371.60,150,75300,346.53,371.30,372.65
18.05.21 11:12:59,374.40,374.40,374.40,374.40,75,75300,346.56,375.15,376.70
18.05.21 11:13:59,377.40,377.40,377.40,377.40,75,75300,346.60,378.10,379.05
18.05.21 11:14:59,379.95,379.95,379.95,379.95,225,75300,346.72,377.85,378.80
18.05.21 11:15:59,378.60,378.60,378.60,378.60,75,75450,346.76,378.45,379.90
18.05.21 11:16:59,377.35,377.35,375.15,375.15,375,75450,346.94,375.15,376.10
18.05.21 11:17:59,375.15,375.15,374.25,374.65,525,75450,347.17,375.10,376.15
18.05.21 11:18:59,377.00,378.85,377.00,378.85,150,74625,347.25,377.00,377.90
18.05.21 11:19:59,380.00,380.00,380.00,380.00,150,74625,347.32,379.65,380.60
18.05.21 11:20:59,379.25,379.25,377.00,377.30,225,74625,347.43,376.60,377.50
18.05.21 11:21:59,375.00,375.00,375.00,375.00,75,74550,347.47,376.60,377.55
18.05.21 11:22:59,380.30,381.00,380.30,381.00,225,74550,347.59,380.75,381.65
18.05.21 11:23:59,380.60,380.60,378.15,378.15,1425,74550,348.31,377.90,378.80
18.05.21 11:24:59,377.80,377.80,375.00,375.00,525,75900,348.54,374.40,375.30
18.05.21 11:25:59,373.45,373.45,373.45,373.45,75,75900,348.56,375.45,376.45
18.05.21 11:26:59,375.45,375.65,375.35,375.45,600,76500,348.81,373.85,374.80
18.05.21 11:27:59,369.00,369.00,369.00,369.00,150,76500,348.86,368.50,369.45
18.05.21 11:28:59,369.15,369.15,367.35,367.35,150,76500,348.90,368.85,369.75
18.05.21 11:30:59,375.00,375.00,369.40,369.40,300,76725,349.01,369.55,370.80
18.05.21 11:32:59,371.05,371.05,371.05,371.05,75,76725,349.04,367.50,368.35
18.05.21 11:33:59,370.25,370.25,370.25,370.25,75,76800,349.06,369.30,370.25
18.05.21 11:34:59,367.25,367.25,366.50,366.50,450,76800,349.18,365.45,366.35
18.05.21 11:36:59,362.50,363.35,362.50,363.35,150,76650,349.21,363.25,364.15
18.05.21 11:38:59,363.85,363.85,363.85,363.85,75,76650,349.23,361.45,362.40
18.05.21 11:40:59,374.95,374.95,374.95,374.95,150,76650,349.29,373.70,374.60
18.05.21 11:41:59,372.30,372.30,372.30,372.30,75,76650,349.31,372.95,373.90
18.05.21 11:42:59,373.20,373.20,373.20,373.20,75,76500,349.34,372.65,373.60
18.05.21 11:44:59,371.00,371.00,371.00,371.00,150,76500,349.39,369.70,370.55
18.05.21 11:48:59,365.00,365.00,365.00,365.00,150,76200,349.42,366.85,367.75
18.05.21 11:49:59,368.30,368.30,368.30,368.30,225,76200,349.49,366.50,367.40
18.05.21 11:52:59,362.65,362.65,362.65,362.65,75,76200,349.50,365.30,366.95
18.05.21 11:53:59,365.90,366.70,365.90,366.70,300,76200,349.57,365.30,366.20
18.05.21 11:56:59,369.15,369.15,369.15,369.15,75,76425,349.60,367.30,368.25
18.05.21 12:02:59,375.85,375.85,375.85,375.85,75,76350,349.62,375.55,376.50
18.05.21 12:04:59,374.35,374.85,374.35,374.85,150,76350,349.68,374.00,374.90
18.05.21 12:06:59,371.30,371.30,371.30,371.30,75,76350,349.70,370.00,370.95
18.05.21 12:08:59,373.05,373.05,373.05,373.05,75,76350,349.73,371.95,372.90
18.05.21 12:09:59,371.60,373.05,371.60,373.05,300,76275,349.83,373.20,374.15
18.05.21 12:14:59,373.50,373.50,373.50,373.50,75,76275,349.85,373.45,374.30
18.05.21 12:15:59,370.00,370.40,370.00,370.40,150,76275,349.90,369.80,372.25
18.05.21 12:17:59,375.00,375.00,371.85,371.85,300,76275,350.00,370.70,372.75
18.05.21 12:18:59,370.70,373.25,370.70,372.50,600,76200,350.19,374.55,375.45
18.05.21 12:20:59,372.35,372.35,372.35,372.35,300,76200,350.28,372.10,373.05
18.05.21 12:22:59,371.20,371.20,371.20,371.20,75,75900,350.30,368.95,369.85
18.05.21 12:24:59,369.00,369.00,369.00,369.00,75,75975,350.32,367.65,368.60
18.05.21 12:25:59,364.10,364.10,364.10,364.10,75,75975,350.34,363.05,367.25
18.05.21 12:26:59,361.40,361.40,361.40,361.40,300,75975,350.39,360.75,361.70
18.05.21 12:28:59,364.65,364.65,364.65,364.65,75,75900,350.41,362.65,363.55
18.05.21 12:30:59,365.00,365.00,364.75,364.75,150,75975,350.44,362.90,363.85
18.05.21 12:33:59,365.35,365.35,365.35,365.35,375,75975,350.52,365.95,366.95
18.05.21 12:34:59,366.00,366.00,366.00,366.00,150,75900,350.55,366.85,367.75
18.05.21 12:35:59,368.15,368.15,366.45,366.45,150,75900,350.59,365.35,366.30
18.05.21 12:36:59,367.00,367.00,367.00,367.00,825,75750,350.77,367.70,369.00
18.05.21 12:39:59,368.00,368.00,366.30,366.30,825,75750,350.97,366.65,367.55
18.05.21 12:41:59,372.40,372.40,372.40,372.40,75,74625,350.99,371.10,372.05
18.05.21 12:42:59,369.00,369.00,369.00,369.00,150,74700,351.02,367.55,369.70
18.05.21 12:45:59,364.10,364.10,364.10,364.10,75,74700,351.04,364.10,365.05
18.05.21 12:48:59,368.35,368.35,368.35,368.35,375,74625,351.12,368.05,368.95
18.05.21 12:54:59,369.55,369.55,369.55,369.55,75,74475,351.14,367.20,368.10
18.05.21 12:56:59,364.00,364.00,364.00,364.00,75,74475,351.16,360.80,362.50
18.05.21 12:57:59,364.20,364.20,364.20,364.20,75,74475,351.17,362.55,363.50
18.05.21 13:01:59,366.00,366.00,366.00,366.00,150,74700,351.20,365.05,366.00
18.05.21 13:02:59,366.10,366.10,365.80,365.80,150,74700,351.23,365.20,367.15
18.05.21 13:03:59,365.60,367.15,365.60,367.15,225,74700,351.28,365.50,366.45
18.05.21 13:04:59,360.15,360.15,360.15,360.15,75,74700,351.29,362.40,363.25
18.05.21 13:09:59,360.15,360.15,360.15,360.15,75,74850,351.30,361.15,362.65
18.05.21 13:10:59,361.70,361.70,361.20,361.20,150,74850,351.32,357.60,359.35
18.05.21 13:13:59,349.65,351.90,349.65,351.15,375,74925,351.32,351.05,352.65
18.05.21 13:15:59,359.90,359.90,359.90,359.90,75,74925,351.32,361.95,362.90
18.05.21 13:16:59,361.90,363.40,361.55,362.35,750,74925,351.43,364.05,366.00
18.05.21 13:17:59,366.35,366.35,366.35,366.35,75,74925,351.45,365.25,366.25
18.05.21 13:21:59,364.15,367.40,364.15,367.40,150,74175,351.47,365.00,367.00
18.05.21 13:22:59,366.90,366.90,366.90,366.90,75,74175,351.49,363.65,365.70
18.05.21 13:26:59,372.00,375.70,372.00,375.70,300,74250,351.57,373.70,375.50
18.05.21 13:27:59,372.15,374.45,372.15,374.45,225,74250,351.63,375.60,376.55
18.05.21 13:28:59,375.35,375.35,372.80,372.80,150,74250,351.67,373.50,374.45
18.05.21 13:29:59,376.00,376.00,376.00,376.00,75,74250,351.70,374.50,375.45
18.05.21 13:30:59,372.90,372.90,372.90,372.90,75,74250,351.72,372.85,373.80
18.05.21 13:31:59,373.65,373.65,370.25,370.25,225,73875,351.78,370.50,371.45
18.05.21 13:32:59,371.35,371.35,371.35,371.35,75,73875,351.80,371.30,372.20
18.05.21 13:37:59,377.00,377.00,377.00,377.00,75,73725,351.82,376.25,379.70
18.05.21 13:38:59,377.15,377.15,377.15,377.15,150,73725,351.87,378.20,379.15
18.05.21 13:39:59,379.40,379.40,378.35,378.35,225,73500,351.95,377.95,378.90
18.05.21 13:43:59,378.35,380.00,378.35,380.00,150,73425,352.00,379.30,382.35
18.05.21 13:45:59,389.20,389.20,387.05,387.05,225,73350,352.10,385.75,386.65
18.05.21 13:46:59,383.40,383.40,383.40,383.40,75,73350,352.13,382.45,383.00
18.05.21 13:47:59,383.00,385.60,383.00,385.60,150,73350,352.19,384.05,385.00
18.05.21 13:49:59,383.35,383.35,383.35,383.35,300,73350,352.31,380.30,381.25
18.05.21 13:50:59,381.65,382.50,381.60,381.60,300,73350,352.42,380.30,382.50
18.05.21 13:51:59,381.55,381.55,381.00,381.00,225,73350,352.50,377.60,379.80
18.05.21 13:52:59,376.70,377.30,376.70,377.30,150,73050,352.55,374.60,377.00
18.05.21 13:53:59,377.30,377.30,375.45,375.45,150,73050,352.59,368.10,371.20
18.05.21 13:54:59,366.00,366.00,365.05,365.05,450,73200,352.67,364.55,366.70
18.05.21 13:55:59,369.45,369.45,369.45,369.45,150,73200,352.70,367.55,368.45
18.05.21 13:56:59,368.55,368.55,368.55,368.55,75,73200,352.71,368.85,369.75
18.05.21 13:57:59,367.00,367.00,365.05,365.05,225,73575,352.75,364.80,367.55
18.05.21 13:58:59,365.50,365.50,365.50,365.50,150,0,352.77,366.35,367.30
18.05.21 13:59:59,367.00,371.80,367.00,371.80,300,73575,352.83,372.25,373.95
18.05.21 14:00:59,374.00,374.00,374.00,374.00,225,73575,352.89,369.00,369.90
18.05.21 14:05:59,371.05,371.05,371.05,371.05,825,73575,353.07,369.90,370.80
18.05.21 14:07:59,376.95,376.95,376.95,376.95,75,74100,353.09,373.25,374.20
18.05.21 14:09:59,373.40,373.40,373.40,373.40,75,74100,353.11,373.10,374.05
18.05.21 14:10:59,372.80,372.80,372.80,372.80,75,73950,353.13,374.25,375.20
18.05.21 14:19:59,372.50,372.50,372.50,372.50,75,73950,353.15,371.50,373.55
18.05.21 14:25:59,368.10,368.10,368.10,368.10,150,73950,353.17,367.25,368.20
18.05.21 14:26:59,365.05,365.05,365.05,365.05,75,73950,353.19,362.25,363.20
18.05.21 14:27:59,363.80,363.80,358.60,358.60,450,74025,353.22,359.90,360.80
18.05.21 14:28:59,356.05,356.05,356.05,356.05,150,74025,353.23,358.55,359.50
18.05.21 14:29:59,355.05,355.05,355.05,355.05,75,74025,353.23,354.85,356.35
18.05.21 14:30:59,352.25,352.25,342.40,342.40,1050,74025,353.16,340.70,342.95
18.05.21 14:31:59,339.60,350.00,339.60,350.00,375,73650,353.13,349.10,350.00
18.05.21 14:32:59,348.20,355.65,348.20,355.65,225,73650,353.12,355.65,357.75
18.05.21 14:34:59,358.15,358.35,358.15,358.35,150,73800,353.13,357.80,358.70
18.05.21 14:35:59,358.70,358.70,358.70,358.70,75,73800,353.14,356.25,358.50
18.05.21 14:36:59,355.05,355.05,355.05,355.05,75,73800,353.14,356.15,357.10
18.05.21 14:41:59,356.00,356.00,356.00,356.00,75,73800,353.14,352.35,355.20
18.05.21 14:43:59,355.05,355.05,355.05,355.05,75,73800,353.14,356.10,358.55
18.05.21 14:45:59,364.85,364.85,364.85,364.85,75,73800,353.15,368.00,368.90
18.05.21 14:46:59,367.30,367.30,366.05,366.05,150,73875,353.18,365.10,366.00
18.05.21 14:47:59,362.15,362.15,362.15,362.15,150,73875,353.19,361.85,362.80
18.05.21 14:48:59,363.80,363.80,363.80,363.80,75,73725,353.20,364.45,365.40
18.05.21 14:51:59,360.30,360.30,358.50,358.50,150,73725,353.21,357.75,358.45
18.05.21 14:52:59,358.50,359.15,358.50,359.15,150,73500,353.22,359.40,360.25
18.05.21 14:55:59,357.40,358.95,357.40,358.95,1425,73500,353.28,360.05,360.95
18.05.21 14:57:59,358.00,358.00,358.00,358.00,75,73125,353.28,356.00,356.85
18.05.21 15:00:59,356.85,356.85,356.85,356.85,75,73125,353.28,362.65,363.55
18.05.21 15:01:59,363.10,363.10,363.10,363.10,75,73200,353.29,361.95,365.15
18.05.21 15:02:59,365.15,365.15,365.15,365.15,75,73200,353.30,363.00,365.90
18.05.21 15:05:59,359.80,359.95,359.80,359.95,225,73050,353.32,359.00,359.95
18.05.21 15:09:59,364.95,364.95,364.95,364.95,150,72900,353.34,362.20,363.10
18.05.21 15:11:59,363.95,363.95,362.25,362.25,225,72675,353.36,362.40,363.30
18.05.21 15:13:59,361.25,361.25,361.25,361.25,75,72600,353.37,358.95,360.80
18.05.21 15:14:59,360.20,360.30,360.20,360.20,225,72600,353.39,360.05,360.95
18.05.21 15:16:59,360.00,360.00,360.00,360.00,750,72375,353.44,360.50,361.45
18.05.21 15:19:59,359.90,359.90,359.90,359.90,75,71925,353.45,360.00,361.85
18.05.21 15:20:59,360.50,360.50,360.50,360.50,75,71925,353.45,360.65,361.55
18.05.21 15:21:59,360.85,363.25,360.85,362.75,300,71925,353.48,360.70,363.80
18.05.21 15:22:59,364.65,364.85,364.65,364.85,150,72000,353.50,364.35,366.00
18.05.21 15:23:59,365.00,365.00,365.00,365.00,75,72000,353.51,364.65,365.60
18.05.21 15:25:59,369.00,369.00,369.00,369.00,75,71925,353.53,369.25,370.15
18.05.21 15:27:59,368.00,370.10,368.00,370.10,300,71925,353.58,369.45,370.40
18.05.21 15:28:59,370.00,370.00,368.20,368.20,150,71925,353.60,367.50,368.40
18.05.21 15:30:00,367.85,371.20,367.25,371.20,300,71925,353.66,366.35,372.00
19.05.21 09:15:59,309.10,316.50,305.05,312.95,600,71700,309.43,311.35,315.30
19.05.21 09:16:59,313.30,318.35,313.30,318.35,225,71700,310.85,314.55,315.70
19.05.21 09:17:59,319.50,319.50,315.30,315.30,450,71700,313.21,316.30,317.20
19.05.21 09:18:59,315.65,322.10,315.65,322.10,525,71700,315.15,322.10,323.05
19.05.21 09:19:59,322.40,330.60,322.40,329.20,750,71700,319.23,329.55,332.50
19.05.21 09:20:59,325.60,329.00,325.60,329.00,300,71400,319.98,330.30,331.20
19.05.21 09:23:59,328.75,328.75,328.75,328.75,75,71400,320.21,327.45,328.30
19.05.21 09:24:59,325.70,325.70,325.70,325.70,75,71325,320.34,329.20,330.15
19.05.21 09:27:59,328.70,329.20,328.70,329.20,150,71250,320.75,328.00,329.85
19.05.21 09:28:59,333.00,333.00,333.00,333.00,75,71250,321.04,330.85,331.80
19.05.21 09:29:59,334.00,337.25,334.00,337.25,225,71100,321.95,338.00,339.70
19.05.21 09:30:59,345.25,345.25,343.05,343.05,375,71100,324.16,342.00,344.35
19.05.21 09:32:59,350.45,350.45,350.45,350.45,75,71100,324.66,350.55,352.95
19.05.21 09:33:59,355.00,355.00,355.00,355.00,75,71025,325.24,355.55,357.95
19.05.21 09:34:59,361.20,361.20,359.40,359.40,150,71025,326.51,360.70,361.55
19.05.21 09:35:59,357.75,359.65,355.05,359.65,450,71175,329.52,358.30,360.30
19.05.21 09:38:59,361.00,362.70,361.00,361.00,150,71175,330.54,355.80,356.75
19.05.21 09:40:59,355.00,355.00,355.00,355.00,75,71175,330.93,352.55,354.50
19.05.21 09:44:59,350.25,350.25,350.25,350.25,75,71100,331.22,348.15,351.20
19.05.21 09:46:59,355.00,356.45,355.00,356.15,1575,71100,337.40,355.20,358.25
19.05.21 09:49:59,357.05,357.05,357.05,357.05,75,70875,337.62,354.10,357.05
19.05.21 09:52:59,355.00,358.90,355.00,358.90,2025,70875,341.77,357.95,360.90
19.05.21 10:02:59,360.55,360.55,359.10,359.10,150,72675,342.08,360.80,363.50
19.05.21 10:03:59,360.35,360.35,360.35,360.35,75,72600,342.24,357.55,360.80
19.05.21 10:06:59,364.00,364.00,360.60,360.60,150,72600,342.58,359.70,362.45
19.05.21 10:09:59,359.75,359.75,359.75,359.75,75,72675,342.72,354.65,357.60
19.05.21 10:15:59,345.00,350.55,345.00,350.55,225,72675,342.82,347.00,350.00
19.05.21 10:16:59,350.80,350.80,350.80,350.80,75,72675,342.89,349.05,351.05
19.05.21 10:18:59,345.05,345.05,345.05,345.05,75,72525,342.90,340.40,343.25
19.05.21 10:19:59,340.70,341.00,340.70,341.00,150,72525,342.87,341.05,343.15
19.05.21 10:21:59,336.60,336.60,336.60,336.60,75,72300,342.82,335.05,336.65
19.05.21 10:22:59,336.65,336.65,336.65,336.65,75,72300,342.77,338.05,340.30
19.05.21 10:23:59,339.35,339.35,339.35,339.35,75,72300,342.75,337.55,340.95
19.05.21 10:24:59,335.05,335.05,335.05,335.05,75,72300,342.69,335.05,336.40
19.05.21 10:25:59,335.05,337.90,335.00,337.90,225,72300,342.54,336.55,338.85
19.05.21 10:31:59,337.50,337.50,337.50,337.50,75,72450,342.50,334.55,336.65
19.05.21 10:33:59,330.55,330.55,329.95,329.95,225,72375,342.23,330.10,331.90
19.05.21 10:41:59,329.95,329.95,329.95,329.95,75,72375,342.15,326.10,328.00
19.05.21 10:45:59,328.00,328.00,328.00,328.00,75,72450,342.05,327.15,329.40
19.05.21 10:47:59,328.00,328.00,328.00,328.00,150,72450,341.85,325.50,327.45
19.05.21 10:48:59,328.00,328.00,327.90,327.90,150,72375,341.65,329.05,330.80
19.05.21 10:50:59,335.90,335.90,335.90,335.90,150,72375,341.58,334.60,336.50
19.05.21 10:57:59,330.00,330.00,330.00,330.00,150,72525,341.42,330.70,332.40
19.05.21 11:00:59,329.55,329.55,329.55,329.55,75,72450,341.34,329.65,331.50
19.05.21 11:10:59,334.45,334.75,334.45,334.75,150,72375,341.25,332.55,335.35
19.05.21 11:16:59,330.00,330.00,326.50,326.50,225,72450,340.99,326.30,328.45
19.05.21 11:17:59,325.05,326.85,325.05,326.85,150,72450,340.80,327.20,329.20
19.05.21 11:19:59,324.35,324.35,324.35,324.35,150,72375,340.58,323.40,325.95
19.05.21 11:20:59,322.90,322.90,322.90,322.90,75,72375,340.47,325.00,326.70
19.05.21 11:21:59,320.00,320.00,320.00,320.00,75,72300,340.34,318.80,320.90
19.05.21 11:22:59,318.00,318.00,318.00,318.00,75,72300,340.20,320.85,322.65
19.05.21 11:23:59,323.85,323.85,323.85,323.85,75,72300,340.10,320.65,322.90
19.05.21 11:27:59,326.55,326.55,325.50,325.50,225,72225,339.85,325.15,327.50
19.05.21 11:28:59,326.95,326.95,326.95,326.95,750,72225,339.11,324.30,326.80
19.05.21 11:31:59,330.25,330.25,330.25,330.25,75,72225,339.05,329.05,330.95
19.05.21 11:34:59,327.05,327.05,327.05,327.05,75,72300,338.99,325.30,327.25
19.05.21 11:39:59,332.00,332.00,332.00,332.00,75,72000,338.95,331.75,333.95
19.05.21 11:43:59,332.00,332.00,332.00,332.00,375,71925,338.75,330.50,333.15
19.05.21 11:45:59,335.90,335.90,335.90,335.90,75,72225,338.74,334.05,336.70
19.05.21 11:46:59,336.70,336.85,336.70,336.85,150,72225,338.72,334.45,336.50
19.05.21 11:49:59,336.05,336.05,336.05,336.05,75,72300,338.70,329.40,331.25
19.05.21 11:50:59,326.95,326.95,326.95,326.95,75,72300,338.64,327.85,329.65
19.05.21 11:51:59,326.50,326.50,326.50,326.50,75,72075,338.58,325.80,327.60
19.05.21 12:03:59,340.00,340.50,340.00,340.50,375,72075,338.63,340.00,342.70
19.05.21 12:04:59,340.90,340.90,340.90,340.90,75,72075,338.64,343.35,344.95
19.05.21 12:05:59,345.00,350.90,345.00,350.90,150,72075,338.73,347.10,349.60
19.05.21 12:10:59,355.40,355.40,355.40,355.40,75,72150,338.82,351.95,354.90
19.05.21 12:11:59,354.70,354.70,354.70,354.70,750,72150,339.55,350.55,353.45
19.05.21 12:12:59,352.80,352.80,352.80,352.80,75,72150,339.62,350.00,351.80
19.05.21 12:15:59,354.95,354.95,354.95,354.95,1800,72975,341.38,353.15,356.90
19.05.21 12:19:59,349.75,349.75,349.75,349.75,2475,74100,342.11,349.90,351.75
19.05.21 12:21:59,346.40,346.40,346.40,346.40,1575,74100,342.54,347.10,349.10
19.05.21 12:22:59,345.55,345.55,345.55,345.55,675,73650,342.64,344.20,346.70
19.05.21 12:23:59,346.10,346.10,346.10,346.10,75,73650,342.66,344.60,346.60
19.05.21 12:24:59,344.55,344.55,344.55,344.55,75,72525,342.66,343.55,345.45
19.05.21 12:25:59,345.95,345.95,345.95,345.95,75,72525,342.67,342.30,344.00
19.05.21 12:29:59,347.50,347.50,347.50,347.50,75,72450,342.69,345.80,347.85
19.05.21 12:30:59,345.75,345.75,345.75,345.75,75,72450,342.70,339.60,340.85
19.05.21 12:38:59,332.45,332.45,332.45,332.45,75,72300,342.67,336.25,337.85
19.05.21 12:43:59,339.95,340.45,339.15,339.45,450,72225,342.61,339.50,341.00
19.05.21 12:44:59,339.50,339.50,338.80,339.30,375,72225,342.55,339.00,340.65
19.05.21 12:45:59,339.00,339.00,339.00,339.00,75,72225,342.54,335.50,337.70
19.05.21 12:52:59,333.00,333.00,333.00,333.00,75,71550,342.51,331.85,333.70
19.05.21 13:05:59,325.50,325.50,325.50,325.50,75,71475,342.46,326.30,328.25
19.05.21 13:06:59,325.00,325.00,325.00,325.00,150,71475,342.35,326.20,327.95
19.05.21 13:07:59,330.00,330.00,330.00,330.00,300,71550,342.19,329.55,331.40
19.05.21 13:08:59,331.35,331.35,331.35,331.35,75,71550,342.16,328.90,330.90
19.05.21 13:15:59,329.30,329.30,329.30,329.30,75,71400,342.12,329.30,331.00
19.05.21 13:27:59,325.00,325.00,325.00,325.00,75,71325,342.07,322.85,325.95
19.05.21 13:28:59,321.40,321.40,320.00,320.00,150,71325,341.94,320.30,322.40
19.05.21 13:29:59,320.40,320.40,320.40,320.40,150,71325,341.81,321.55,323.10
19.05.21 13:30:59,316.00,316.00,316.00,316.00,225,71325,341.57,316.05,318.70
19.05.21 13:31:59,316.95,319.50,316.95,319.50,150,71100,341.43,320.05,322.15
19.05.21 13:34:59,317.00,317.00,317.00,317.00,150,71175,341.29,316.00,319.20
19.05.21 13:36:59,310.00,310.00,310.00,310.00,150,71175,341.10,308.50,310.95
19.05.21 13:37:59,307.00,307.00,307.00,307.00,75,71175,341.00,304.00,306.90
19.05.21 13:38:59,307.15,307.15,307.15,307.15,75,71175,340.90,304.00,306.50
19.05.21 13:39:59,301.00,301.00,291.60,291.60,375,71325,340.25,291.55,294.45
19.05.21 13:44:59,295.00,295.00,295.00,295.00,75,71250,340.11,294.20,295.65
19.05.21 13:45:59,290.00,291.30,289.50,291.30,375,71250,339.41,290.75,293.00
19.05.21 13:46:59,290.00,290.00,290.00,290.00,75,71325,339.27,279.50,285.45
19.05.21 13:47:59,282.50,282.50,282.50,282.50,75,71325,339.11,286.55,290.95
19.05.21 13:48:59,292.55,292.55,292.55,292.55,75,71325,338.98,294.20,295.95
19.05.21 13:52:59,301.00,301.00,301.00,301.00,75,71250,338.87,299.40,301.95
19.05.21 13:53:59,299.45,301.50,299.45,301.50,225,71250,338.55,299.55,301.50
19.05.21 13:54:59,301.50,303.00,301.50,303.00,225,71250,338.25,302.60,305.00
19.05.21 13:55:59,304.60,304.60,302.90,302.95,975,71025,337.06,300.85,302.95
19.05.21 13:57:59,294.55,294.55,294.55,294.55,75,71025,336.95,297.55,299.80
19.05.21 14:02:59,301.95,301.95,301.95,301.95,75,70800,336.86,297.00,299.00
19.05.21 14:13:59,291.75,291.75,291.75,291.75,75,70425,336.74,293.55,295.10
19.05.21 14:22:59,295.75,295.75,295.75,295.75,75,70350,336.63,295.25,296.45
19.05.21 14:24:59,291.50,294.50,291.50,294.50,525,70350,335.84,294.45,296.05
19.05.21 14:25:59,300.80,300.80,298.50,298.50,375,70725,335.37,298.40,299.55
19.05.21 14:28:59,304.95,304.95,304.95,304.95,75,70650,335.29,298.95,301.15
19.05.21 14:29:59,297.00,297.00,297.00,297.00,75,70650,335.19,291.50,293.05
19.05.21 14:30:59,286.65,292.30,285.25,292.30,825,70650,333.88,287.75,288.95
19.05.21 14:31:59,288.35,288.35,284.30,284.30,150,70425,333.64,283.95,285.55
19.05.21 14:32:59,285.00,285.50,281.50,281.50,450,70425,332.90,287.15,288.45
19.05.21 14:33:59,286.00,286.00,286.00,286.00,75,70425,332.78,285.05,286.40
19.05.21 14:35:59,309.60,309.60,309.60,309.60,225,70425,332.59,303.55,306.35
19.05.21 14:37:59,310.00,310.00,310.00,310.00,75,70350,332.54,311.05,313.45
19.05.21 14:38:59,308.50,308.50,308.50,308.50,750,70350,332.00,308.15,309.65
19.05.21 14:39:59,309.25,309.25,306.50,306.50,150,70350,331.89,307.20,309.15
19.05.21 14:43:59,304.00,304.00,304.00,304.00,75,70875,331.82,303.80,306.45
19.05.21 14:45:59,304.45,304.55,304.45,304.55,150,71025,331.70,300.70,305.85
19.05.21 14:52:59,311.10,311.10,311.10,311.10,150,70725,331.60,309.55,311.95
19.05.21 14:53:59,315.50,317.35,315.50,317.35,225,70725,331.49,315.30,317.50
19.05.21 14:54:59,317.10,320.00,316.70,320.00,225,70725,331.40,317.00,318.50
19.05.21 14:55:59,315.50,315.50,315.50,315.50,75,70650,331.36,316.90,318.85
19.05.21 15:00:59,300.35,300.35,300.35,300.35,75,70650,331.29,300.00,301.40
19.05.21 15:01:59,300.00,300.00,294.95,299.70,600,70650,330.72,297.05,299.70
19.05.21 15:04:59,297.30,297.30,297.30,297.30,150,70725,330.57,296.45,297.95
19.05.21 15:05:59,299.80,299.80,299.80,299.80,750,70725,329.89,295.55,297.85
19.05.21 15:07:59,297.35,297.35,297.35,297.35,75,70800,329.82,297.35,299.40
19.05.21 15:10:59,301.25,301.25,301.25,301.25,150,70875,329.70,300.00,301.55
19.05.21 15:11:59,300.00,300.00,298.05,298.60,375,70875,329.38,294.55,297.30
19.05.21 15:12:59,296.00,296.00,296.00,296.00,150,70875,329.24,294.80,296.30
19.05.21 15:13:59,295.85,295.85,293.95,293.95,375,70725,328.88,292.55,294.45
19.05.21 15:17:59,290.00,290.00,290.00,290.00,75,70500,328.80,288.35,290.45
19.05.21 15:18:59,290.00,292.80,287.30,287.30,525,70500,328.26,287.05,288.85
19.05.21 15:19:59,290.15,290.15,290.15,290.15,150,70650,328.10,285.55,287.50
19.05.21 15:20:59,291.05,291.05,291.05,291.05,75,70650,328.02,287.55,289.85
19.05.21 15:23:59,284.60,284.60,284.60,284.60,300,70650,327.67,284.65,287.05
19.05.21 15:24:59,284.60,284.60,284.60,284.60,75,70650,327.58,283.10,285.75
19.05.21 15:25:59,288.00,288.00,284.45,284.45,150,70050,327.41,284.20,287.80
19.05.21 15:26:59,288.40,288.40,285.55,285.55,225,70050,327.17,285.55,288.10
19.05.21 15:27:59,288.40,288.40,288.40,288.40,225,70050,326.94,287.85,291.85
20.05.21 09:15:59,290.50,290.50,290.50,290.50,150,69600,290.50,299.55,303.95
20.05.21 09:17:59,298.95,298.95,297.70,297.70,225,69600,295.32,302.40,304.95
20.05.21 09:18:59,300.00,300.00,299.65,299.65,225,69600,297.03,295.05,298.15
20.05.21 09:19:59,294.55,294.55,294.55,294.55,150,69600,296.53,291.00,293.30
20.05.21 09:20:59,292.10,292.10,292.10,292.10,150,69600,295.79,290.50,294.00
20.05.21 09:22:59,276.05,280.25,276.05,280.25,225,69450,292.18,277.15,279.45
20.05.21 09:26:59,271.35,271.65,261.15,266.95,300,69450,287.04,260.50,263.00
20.05.21 09:28:59,256.65,256.65,250.00,250.00,1125,69450,271.10,248.50,250.50
20.05.21 09:29:59,247.50,247.50,246.00,246.00,375,70575,267.92,242.60,246.40
20.05.21 09:30:59,240.00,242.45,232.45,242.45,750,70575,262.00,241.55,243.50
20.05.21 09:31:59,245.75,247.35,245.00,245.00,225,70575,261.08,246.20,248.60
20.05.21 09:32:59,248.05,248.05,238.25,240.95,375,70650,259.47,236.85,238.50
20.05.21 09:33:59,239.15,239.15,236.90,237.75,450,70650,257.47,238.70,240.90
20.05.21 09:34:59,238.20,238.60,237.25,237.25,375,70650,256.05,236.65,238.75
20.05.21 09:35:59,238.55,242.00,238.55,240.50,750,70275,254.05,239.05,241.30
20.05.21 09:36:59,240.95,240.95,240.15,240.15,750,70275,252.35,244.50,246.45
20.05.21 09:37:59,248.05,248.05,244.05,244.05,450,70275,251.99,246.25,248.50
20.05.21 09:38:59,249.50,249.50,248.75,248.75,300,70875,251.87,246.20,248.30
20.05.21 09:39:59,248.35,250.00,248.10,250.00,1050,70875,251.44,248.00,249.90
20.05.21 09:40:59,250.70,250.70,248.80,248.80,750,70875,251.33,246.95,249.75
20.05.21 09:41:59,249.80,251.55,249.05,251.55,375,70275,251.29,250.65,252.80
20.05.21 09:42:59,253.00,253.75,253.00,253.75,225,70275,251.34,251.75,253.80
20.05.21 09:43:59,255.20,255.20,251.35,251.35,225,70275,251.40,253.40,255.10
20.05.21 09:44:59,255.85,256.95,255.85,256.35,300,70050,251.54,254.55,256.15
20.05.21 09:45:59,257.95,260.00,257.95,260.00,375,70050,251.81,258.65,260.95
20.05.21 09:46:59,258.00,258.00,255.00,255.00,375,70050,251.94,250.55,252.70
20.05.21 09:47:59,250.50,254.00,249.55,254.00,750,69750,251.91,253.80,256.30
20.05.21 09:48:59,256.45,256.45,255.65,255.65,300,69750,252.01,254.00,255.95
20.05.21 09:49:59,252.15,253.85,252.15,253.85,750,69750,252.06,254.15,256.45
20.05.21 09:50:59,251.95,251.95,251.95,251.95,75,69750,252.06,250.55,252.85
20.05.21 09:51:59,251.00,251.30,251.00,251.30,825,70800,252.00,249.45,251.80
20.05.21 09:52:59,253.00,253.00,253.00,253.00,750,70800,252.06,250.75,252.95
20.05.21 09:53:59,250.05,250.05,250.05,250.05,75,70800,252.05,252.30,254.45
20.05.21 09:54:59,256.95,256.95,256.95,256.95,75,70950,252.07,256.05,258.25
20.05.21 09:55:59,256.95,256.95,256.95,256.95,150,70950,252.12,257.55,260.00
20.05.21 09:57:59,260.00,260.00,260.00,260.00,75,70800,252.16,257.55,259.60
20.05.21 09:58:59,259.95,262.00,259.95,260.70,375,70800,252.37,260.55,262.55
20.05.21 09:59:59,260.50,261.00,257.15,257.15,450,70800,252.56,256.55,258.95
20.05.21 10:00:59,258.00,258.00,254.00,254.55,750,70800,252.69,254.05,256.45
20.05.21 10:03:59,257.55,257.55,257.55,257.55,75,70275,252.71,258.05,259.80
20.05.21 10:06:59,262.70,262.70,259.60,259.60,450,69450,252.94,260.75,262.80
20.05.21 10:13:59,262.55,262.55,262.55,262.55,75,69225,252.98,262.15,264.45
20.05.21 10:14:59,264.35,266.00,264.35,266.00,150,69225,253.08,266.05,267.90
20.05.21 10:16:59,266.90,266.90,266.00,266.00,225,69150,253.25,260.55,262.75
20.05.21 10:19:59,265.55,265.55,265.55,265.55,75,69300,253.31,265.05,267.60
20.05.21 10:21:59,266.15,266.15,266.15,266.15,75,69300,253.36,267.05,269.20
20.05.21 10:26:59,260.50,260.50,258.00,258.00,150,69300,253.41,258.40,260.45
20.05.21 10:29:59,255.00,255.00,255.00,255.00,225,69300,253.43,254.55,256.65
20.05.21 10:31:59,252.90,252.90,252.90,252.90,75,69075,253.43,252.05,254.00
20.05.21 10:32:59,250.00,250.00,250.00,250.00,75,69150,253.42,248.55,250.15
20.05.21 10:35:59,243.00,247.25,243.00,247.25,225,69150,253.31,245.55,248.00
20.05.21 10:37:59,247.25,247.25,247.25,247.25,75,69225,253.29,245.00,246.65
20.05.21 10:38:59,245.00,245.00,245.00,245.00,75,69225,253.25,243.55,245.75
20.05.21 10:39:59,246.65,246.65,246.65,246.65,75,69300,253.23,244.55,246.70
20.05.21 10:41:59,246.65,246.65,246.65,246.65,75,69300,253.20,244.50,246.70
20.05.21 10:44:59,246.00,246.00,246.00,246.00,150,69375,253.14,245.05,246.80
20.05.21 10:46:59,246.00,246.00,246.00,246.00,75,69375,253.11,245.65,247.55
20.05.21 10:48:59,243.75,243.75,243.75,243.75,75,69300,253.08,243.05,245.15
20.05.21 10:50:59,247.05,247.05,247.05,247.05,75,69300,253.05,248.55,250.50
20.05.21 10:53:59,250.90,250.90,250.90,250.90,150,69375,253.04,251.05,252.85
20.05.21 10:54:59,248.75,249.95,246.50,246.50,300,69375,252.96,246.05,248.10
20.05.21 11:01:59,254.55,254.55,254.55,254.55,75,69375,252.96,254.10,256.45
20.05.21 11:03:59,252.50,252.50,252.50,252.50,75,69375,252.96,253.00,254.80
20.05.21 11:14:59,255.95,255.95,255.95,255.95,75,69375,252.97,254.50,256.95
20.05.21 11:16:59,251.00,251.00,251.00,251.00,225,69300,252.95,250.05,252.45
20.05.21 11:18:59,247.00,247.00,247.00,247.00,75,69300,252.93,247.65,249.95
20.05.21 11:30:59,247.55,247.55,247.55,247.55,75,69375,252.91,249.00,251.45
20.05.21 11:35:59,247.55,247.55,247.55,247.55,75,69375,252.89,249.50,253.25
20.05.21 11:38:59,256.00,256.00,256.00,256.00,300,69375,252.93,252.00,254.45
20.05.21 11:52:59,262.00,262.00,262.00,262.00,75,69150,252.96,260.05,261.95
20.05.21 12:02:59,250.25,250.25,250.25,250.25,75,69075,252.95,252.00,254.85
20.05.21 12:03:59,253.00,255.10,253.00,255.10,1650,69075,252.98,254.50,255.95
20.05.21 12:04:59,254.50,254.60,254.50,254.60,2025,69075,253.11,255.00,257.50
20.05.21 12:07:59,250.40,250.40,250.40,250.40,225,70575,253.08,249.00,252.00
20.05.21 12:08:59,250.40,250.40,250.40,250.40,75,70575,253.07,249.00,251.50
20.05.21 12:18:59,247.50,247.50,247.50,247.50,75,70800,253.06,247.00,248.85
20.05.21 12:20:59,240.00,241.80,240.00,241.80,1725,70800,252.31,241.05,241.80
20.05.21 12:21:59,241.80,241.80,241.80,241.80,75,0,252.28,244.60,246.00
20.05.21 12:22:59,246.00,246.00,246.00,246.00,75,72450,252.26,243.05,245.50
20.05.21 12:27:59,240.00,240.00,240.00,240.00,75,72450,252.22,235.55,237.45
20.05.21 12:29:59,239.05,239.75,236.65,239.75,525,72450,251.96,237.60,239.90
20.05.21 12:30:59,235.00,235.00,235.00,235.00,75,72300,251.92,237.70,239.95
20.05.21 12:37:59,249.00,249.00,249.00,249.00,225,71400,251.89,245.20,247.40
20.05.21 12:38:59,245.15,245.15,243.00,243.00,375,71400,251.78,243.35,245.15
20.05.21 12:39:59,242.00,242.00,242.00,242.00,75,71250,251.75,241.55,243.70
20.05.21 12:42:59,240.15,240.15,240.15,240.15,75,71175,251.72,239.35,241.45
20.05.21 12:46:59,244.70,244.70,244.70,244.70,75,71100,251.70,246.00,248.00
20.05.21 12:47:59,245.70,246.50,245.70,246.50,900,71100,251.54,245.85,247.85
20.05.21 12:48:59,247.60,247.60,247.60,247.60,75,71100,251.53,248.15,250.00
20.05.21 12:49:59,247.60,247.60,247.60,247.60,75,71925,251.52,247.05,249.25
20.05.21 12:50:59,246.25,246.25,246.25,246.25,75,71925,251.50,245.00,246.85
20.05.21 12:53:59,247.05,247.05,247.05,247.05,75,71925,251.49,247.00,248.75
20.05.21 12:56:59,242.00,243.45,241.20,241.20,225,71850,251.42,241.05,243.20
20.05.21 13:02:59,247.40,247.40,247.40,247.40,75,71700,251.41,246.05,247.95
20.05.21 13:03:59,246.05,246.05,246.05,246.05,150,71250,251.38,244.85,246.95
20.05.21 13:05:59,247.50,247.50,247.50,247.50,75,71250,251.37,247.15,248.95
20.05.21 13:10:59,245.50,245.50,245.50,245.50,75,71175,251.36,244.00,246.45
20.05.21 13:12:59,244.80,244.80,244.80,244.80,75,71175,251.34,242.50,244.65
20.05.21 13:13:59,241.00,241.00,241.00,241.00,150,71175,251.29,240.10,242.45
20.05.21 13:14:59,243.00,243.00,243.00,243.00,75,71175,251.27,239.50,241.40
20.05.21 13:16:59,242.20,243.75,242.20,243.75,150,71175,251.23,241.25,243.00
20.05.21 13:17:59,237.25,239.50,237.25,238.70,8175,71175,248.42,239.15,241.40
20.05.21 13:18:59,239.50,240.35,239.35,239.35,7650,80925,246.98,239.30,240.80
20.05.21 13:19:59,240.50,240.50,240.50,240.50,75,80925,246.97,239.40,240.70
20.05.21 13:20:59,240.70,241.70,240.70,241.70,150,80925,246.95,239.95,241.25
20.05.21 13:21:59,241.50,243.05,241.50,243.05,225,85425,246.93,242.60,243.40
20.05.21 13:23:59,243.15,243.15,241.50,241.50,150,85425,246.91,241.80,242.65
20.05.21 13:24:59,242.10,242.10,242.10,242.10,75,85425,246.91,241.50,242.50
20.05.21 13:25:59,237.85,237.85,234.75,234.75,300,85425,246.83,235.15,236.30
20.05.21 13:26:59,236.10,236.75,236.10,236.75,600,85425,246.70,236.20,237.10
20.05.21 13:27:59,236.20,237.25,236.20,237.25,225,85350,246.65,236.55,237.65
20.05.21 13:28:59,238.20,238.20,235.45,235.45,150,85350,246.62,235.65,236.75
20.05.21 13:29:59,235.95,236.20,235.95,236.20,300,85350,246.56,234.75,235.85
20.05.21 13:30:59,234.00,234.50,225.95,228.90,1275,81900,246.12,228.30,229.85
20.05.21 13:31:59,228.00,229.15,225.55,229.15,450,81900,245.95,227.70,229.45
20.05.21 13:32:59,230.00,230.00,228.85,229.40,375,81900,245.83,229.20,230.30
20.05.21 13:33:59,229.60,233.80,229.60,233.80,600,81825,245.66,232.60,233.60
20.05.21 13:34:59,232.50,232.50,232.50,232.50,75,81825,245.64,231.70,233.05
20.05.21 13:35:59,232.60,235.00,232.60,235.00,450,81825,245.53,234.25,235.40
20.05.21 13:36:59,234.70,237.25,234.70,237.00,1425,81450,245.28,236.95,237.65
20.05.21 13:37:59,240.00,245.50,240.00,245.50,675,81450,245.25,243.30,244.50
20.05.21 13:38:59,242.70,242.85,239.25,239.25,450,81450,245.22,240.30,241.40
20.05.21 13:41:59,239.00,239.00,239.00,239.00,75,81600,245.21,238.75,240.25
20.05.21 13:42:59,239.00,239.75,239.00,239.75,150,81600,245.19,237.15,238.30
20.05.21 13:43:59,238.50,238.50,238.50,238.50,75,80700,245.18,238.80,240.35
20.05.21 13:44:59,240.45,240.45,240.45,240.45,75,80700,245.18,240.40,241.75
20.05.21 13:45:59,241.80,241.80,241.80,241.80,75,80850,245.17,241.60,242.95
20.05.21 13:46:59,242.60,245.00,242.30,243.85,2025,80850,245.09,245.00,245.40
20.05.21 13:47:59,245.00,245.00,244.30,245.00,3975,80850,245.07,244.70,245.55
20.05.21 13:48:59,245.60,246.55,245.60,246.05,825,82350,245.09,245.45,247.40
20.05.21 13:49:59,245.40,245.40,240.50,240.50,375,82350,245.08,240.30,241.35
20.05.21 13:50:59,240.00,240.00,237.15,237.15,300,82350,245.04,237.65,239.20
20.05.21 13:51:59,236.95,236.95,236.95,236.95,1500,82125,244.85,238.00,239.10
20.05.21 13:52:59,236.00,236.10,236.00,236.10,1575,82125,244.64,238.70,240.25
20.05.21 13:53:59,237.80,237.80,237.80,237.80,2700,82125,244.37,237.75,238.85
20.05.21 13:56:59,237.70,237.70,235.50,235.50,750,87300,244.28,235.45,236.45
20.05.21 13:57:59,232.85,233.30,231.90,231.90,375,87300,244.22,232.80,234.25
20.05.21 14:00:59,231.70,231.70,228.00,231.10,525,87300,244.11,230.85,231.90
20.05.21 14:01:59,231.15,238.00,231.15,238.00,900,87450,243.98,236.70,237.90
20.05.21 14:02:59,241.70,248.00,241.70,246.75,1650,87450,244.01,243.05,244.25
20.05.21 14:03:59,245.15,245.15,243.25,244.40,375,87450,244.01,244.35,246.05
20.05.21 14:04:59,244.35,244.35,240.65,240.65,600,86775,244.00,241.45,242.50
20.05.21 14:05:59,239.00,243.00,239.00,243.00,675,86775,243.97,241.80,242.55
20.05.21 14:06:59,239.20,239.20,237.00,237.00,300,87075,243.95,236.10,236.90
20.05.21 14:07:59,236.95,236.95,235.10,235.10,525,87075,243.89,234.95,235.80
20.05.21 14:08:59,233.90,234.25,232.00,232.65,825,87075,243.78,232.15,233.60
20.05.21 14:09:59,233.95,235.00,233.95,234.15,675,87075,243.69,232.90,233.70
20.05.21 14:10:59,232.50,233.40,232.50,233.40,150,87075,243.67,233.65,234.50
20.05.21 14:11:59,230.00,230.10,229.85,230.10,300,87075,243.62,226.65,228.30
20.05.21 14:12:59,225.85,226.65,225.85,226.65,450,87075,243.52,225.55,226.40
20.05.21 14:13:59,226.65,226.65,225.00,225.00,300,87900,243.44,225.00,226.55
20.05.21 14:14:59,226.90,226.90,220.10,225.95,1500,87900,243.04,225.50,226.80
20.05.21 14:15:59,220.00,220.00,218.55,220.00,525,88500,242.88,217.05,219.35
20.05.21 14:16:59,221.75,224.15,221.75,224.15,450,88500,242.77,221.25,222.50
20.05.21 14:17:59,222.65,222.65,221.85,221.85,150,88500,242.74,221.55,222.85
20.05.21 14:18:59,220.00,220.00,218.00,218.00,150,88500,242.69,218.15,219.00
20.05.21 14:19:59,217.10,220.80,217.10,220.80,600,87675,242.51,218.65,219.50
20.05.21 14:20:59,214.45,214.45,214.45,214.45,300,87675,242.41,215.35,217.05
20.05.21 14:22:59,219.45,219.55,219.45,219.55,375,88050,242.30,218.95,220.95
20.05.21 14:23:59,217.65,218.40,217.65,218.40,225,88050,242.24,217.55,219.45
20.05.21 14:24:59,217.00,217.00,217.00,217.00,75,88050,242.21,213.75,215.10
20.05.21 14:25:59,213.50,213.50,210.50,211.30,750,87750,241.94,213.60,214.85
20.05.21 14:26:59,214.25,216.50,214.25,216.50,375,87750,241.82,214.85,216.70
20.05.21 14:27:59,216.95,216.95,216.95,216.95,75,87750,241.79,214.25,215.15
20.05.21 14:28:59,214.30,214.30,214.30,214.30,150,87900,241.74,211.80,213.30
20.05.21 14:29:59,213.40,216.05,213.40,216.05,225,87900,241.67,214.05,215.50
20.05.21 14:30:59,214.00,214.00,212.65,212.65,375,87900,241.54,210.20,211.10
20.05.21 14:31:59,207.40,207.40,205.00,206.00,2250,87525,240.63,206.15,208.15
20.05.21 14:32:59,207.25,207.75,205.25,205.25,450,87525,240.45,204.35,206.20
20.05.21 14:33:59,205.75,208.20,204.05,206.85,7950,93900,237.51,206.55,207.60
20.05.21 14:34:59,205.75,207.60,205.75,207.30,5775,93900,235.74,206.85,207.30
20.05.21 14:35:59,207.30,208.95,204.50,207.25,6000,93900,234.08,208.00,209.05
20.05.21 14:36:59,208.00,213.90,207.65,213.90,14775,93900,231.15,212.15,213.50
20.05.21 14:37:59,212.45,214.00,209.60,209.60,1950,112200,230.83,210.10,210.95
20.05.21 14:38:59,210.10,210.10,209.45,209.70,2325,112200,230.45,209.50,211.00
20.05.21 14:39:59,209.45,211.35,204.65,204.65,16350,127275,227.96,204.00,204.75
20.05.21 14:40:59,204.40,206.70,203.80,205.00,7875,127275,226.76,204.75,205.25
20.05.21 14:41:59,205.35,210.15,204.65,208.95,3450,127275,226.33,209.20,209.85
20.05.21 14:42:59,209.85,211.20,208.75,211.20,1575,134700,226.17,210.60,211.90
20.05.21 14:43:59,211.65,212.30,210.60,212.30,1500,134700,226.02,212.00,212.80
20.05.21 14:44:59,212.80,213.00,211.30,213.00,825,134700,225.95,213.20,214.15
20.05.21 14:45:59,213.10,213.10,210.05,210.20,525,134700,225.91,210.65,211.40
20.05.21 14:46:59,208.20,208.20,208.20,208.20,75,134925,225.90,207.05,208.30
20.05.21 14:47:59,206.00,206.00,201.25,203.15,825,134925,225.78,203.20,205.00
20.05.21 14:48:59,203.95,204.00,197.15,199.10,1350,134925,225.56,197.60,199.05
20.05.21 14:49:59,198.15,198.70,196.05,198.25,675,134850,225.45,197.05,197.80
20.05.21 14:50:59,198.25,198.30,196.40,198.30,300,134850,225.39,197.20,198.35
20.05.21 14:51:59,197.20,198.35,195.00,198.35,750,134850,225.26,199.10,200.00
20.05.21 14:52:59,198.85,200.00,197.10,198.00,900,132300,225.11,197.10,197.85
20.05.21 14:53:59,197.55,198.35,194.00,194.40,1875,132300,224.78,192.40,193.45
20.05.21 14:54:59,193.10,193.95,189.60,189.60,2250,132525,224.33,189.60,190.70
20.05.21 14:55:59,189.60,194.05,188.95,193.65,3825,132525,223.59,193.30,194.00
20.05.21 14:56:59,194.00,195.90,193.65,194.85,2400,132525,223.18,194.30,195.65
20.05.21 14:57:59,194.40,194.40,191.35,191.35,1350,132525,222.95,190.60,191.95
20.05.21 14:58:59,191.20,194.05,190.00,192.35,900,133875,222.79,192.50,193.25
20.05.21 14:59:59,193.55,194.95,193.55,194.80,1650,133875,222.52,194.10,194.80
20.05.21 15:00:59,195.40,198.60,190.00,190.00,4425,134400,221.84,189.60,190.65
20.05.21 15:01:59,189.00,189.30,184.05,184.95,2850,134400,221.29,183.65,184.75
20.05.21 15:02:59,184.45,187.95,183.90,185.55,4425,134400,220.47,185.20,186.45
20.05.21 15:03:59,186.00,186.70,184.15,185.95,2250,134400,220.06,184.40,185.80
20.05.21 15:04:59,186.00,190.50,186.00,190.50,5400,136200,219.18,190.75,192.00
20.05.21 15:05:59,193.20,194.35,192.80,193.00,2400,136200,218.87,193.00,193.80
20.05.21 15:06:59,194.55,196.25,193.50,196.25,2550,136200,218.57,195.65,196.95
20.05.21 15:07:59,195.65,197.90,193.65,194.75,1800,139275,218.37,193.60,194.50
20.05.21 15:08:59,195.20,196.75,195.20,196.55,1050,139275,218.25,195.30,196.15
20.05.21 15:09:59,195.50,196.50,195.00,195.60,1875,139275,218.04,195.60,196.70
20.05.21 15:10:59,196.35,196.50,195.20,196.50,1725,139800,217.86,196.50,197.00
20.05.21 15:11:59,197.00,198.45,196.05,198.45,2400,139800,217.63,197.25,197.95
20.05.21 15:12:59,198.50,199.50,198.50,199.00,450,139800,217.59,199.05,200.00
20.05.21 15:13:59,199.15,200.30,198.95,199.25,1200,140625,217.48,199.20,200.25
20.05.21 15:14:59,200.25,200.25,197.00,197.00,1500,140625,217.35,196.05,197.35
20.05.21 15:15:59,197.40,197.40,193.60,193.60,2700,140625,217.07,193.10,193.85
20.05.21 15:16:59,193.95,194.20,192.40,192.40,1500,140175,216.91,192.20,193.15
20.05.21 15:17:59,192.40,192.95,190.65,190.65,1275,140175,216.76,191.20,192.00
20.05.21 15:18:59,192.00,193.35,192.00,193.00,450,140175,216.71,193.30,193.45
20.05.21 15:19:59,193.45,195.00,193.45,195.00,1200,140400,216.59,195.00,195.75
20.05.21 15:20:59,196.70,197.15,195.65,196.65,2550,140400,216.36,195.90,197.00
20.05.21 15:21:59,195.35,196.85,195.35,195.75,750,140400,216.29,195.70,196.35
20.05.21 15:22:59,196.80,198.50,196.35,198.50,1575,141075,216.16,198.00,198.90
20.05.21 15:23:59,198.50,200.00,197.75,199.95,2025,141075,216.01,199.65,200.65
20.05.21 15:24:59,199.80,201.00,199.80,199.95,825,141075,215.95,198.85,199.95
20.05.21 15:25:59,199.05,200.10,198.20,198.70,5250,140775,215.57,196.85,198.05
20.05.21 15:26:59,196.15,198.00,196.15,197.80,1575,140775,215.45,197.80,198.25
20.05.21 15:27:59,198.55,198.55,196.80,196.95,3750,140775,215.17,195.80,197.20
20.05.21 15:28:59,196.85,196.85,195.45,195.80,1575,140925,215.05,194.60,195.90
20.05.21 15:30:00,194.60,197.30,192.10,192.10,3975,140925,214.72,192.15,199.85
21.05.21 09:15:59,235.15,244.40,235.15,239.95,13500,142500,240.79,238.25,239.95
21.05.21 09:16:59,240.00,240.15,228.75,230.05,9225,142500,238.14,228.75,230.10
21.05.21 09:17:59,229.90,237.60,229.90,237.00,7800,145050,237.20,236.55,237.65
21.05.21 09:18:59,236.85,238.75,236.15,236.75,5025,145050,237.25,236.40,237.20
21.05.21 09:19:59,236.65,237.50,234.60,235.95,4875,145050,237.06,235.85,236.70
21.05.21 09:20:59,235.35,239.15,235.35,237.00,5850,146100,237.14,236.60,237.20
21.05.21 09:21:59,237.00,237.00,228.00,228.00,7350,146100,236.55,227.25,227.95
21.05.21 09:22:59,227.15,228.40,221.65,223.20,8025,146100,234.96,222.85,223.50
21.05.21 09:23:59,221.80,222.75,218.75,219.80,5550,146325,233.79,219.45,220.00
21.05.21 09:24:59,220.00,221.65,218.00,219.45,2100,146325,233.36,219.80,220.50
21.05.21 09:25:59,220.90,221.95,216.40,219.50,5250,146325,232.35,220.45,220.90
21.05.21 09:26:59,221.00,231.05,221.00,230.30,5475,144900,232.03,230.35,230.90
21.05.21 09:27:59,231.30,235.50,227.75,235.00,4425,144900,232.04,234.55,235.10
21.05.21 09:28:59,235.65,239.95,234.10,237.00,4350,144900,232.29,235.65,236.25
21.05.21 09:29:59,236.45,237.95,233.45,237.95,5925,145575,232.53,236.95,237.50
21.05.21 09:30:59,238.85,246.20,238.45,243.35,21075,145575,234.57,243.25,243.90
21.05.21 09:31:59,243.05,243.65,240.30,240.85,1350,145575,234.65,240.40,241.00
21.05.21 09:32:59,241.15,242.90,238.85,238.85,2400,144375,234.76,238.35,238.95
21.05.21 09:33:59,238.95,240.00,236.35,240.00,1800,144375,234.81,240.90,241.25
21.05.21 09:34:59,242.00,244.90,240.00,241.60,3975,144375,235.06,242.65,243.05
21.05.21 09:35:59,242.40,245.95,241.60,243.70,3300,143325,235.29,243.50,244.00
21.05.21 09:36:59,244.45,245.25,244.45,245.20,1725,143325,235.42,244.65,245.25
21.05.21 09:37:59,246.40,251.30,246.40,250.90,8925,143325,236.24,248.85,249.45
21.05.21 09:38:59,249.00,252.60,248.55,250.20,5175,140925,236.74,250.00,250.50
21.05.21 09:39:59,250.40,253.85,250.40,253.75,3000,140925,237.06,253.35,254.15
21.05.21 09:40:59,252.85,253.45,250.90,251.80,1275,140925,237.19,251.05,251.60
21.05.21 09:41:59,251.80,255.50,251.70,255.50,4650,141075,237.70,255.00,255.60
21.05.21 09:42:59,255.50,255.50,250.00,254.00,4275,141075,238.10,252.55,253.30
21.05.21 09:43:59,252.70,255.00,252.00,255.00,1500,141075,238.25,255.50,256.20
21.05.21 09:44:59,256.00,259.00,256.00,259.00,1950,141750,238.49,259.30,259.95
21.05.21 09:45:59,259.95,267.30,259.95,264.10,2400,141750,238.87,264.20,264.75
21.05.21 09:46:59,264.05,270.15,264.05,268.95,2700,141750,239.33,268.90,269.50
21.05.21 09:47:59,269.45,270.00,265.00,266.05,2550,140775,239.76,265.20,265.80
21.05.21 09:48:59,266.85,268.10,266.20,266.20,975,140775,239.92,266.95,267.65
21.05.21 09:49:59,266.85,273.85,266.85,273.85,2025,140775,240.29,273.85,274.75
21.05.21 09:50:59,273.15,279.00,273.15,277.95,3600,140325,241.04,277.95,278.60
21.05.21 09:51:59,283.20,285.30,279.15,279.20,4275,140325,242.01,278.85,279.45
21.05.21 09:52:59,277.70,277.70,270.05,270.05,4050,140325,242.73,270.10,270.85
21.05.21 09:53:59,270.65,278.10,270.65,277.80,1425,141525,242.98,278.85,279.55
21.05.21 09:54:59,280.00,280.00,276.35,276.35,1200,141525,243.21,275.65,276.50
21.05.21 09:55:59,275.55,281.30,275.55,279.40,1125,141525,243.43,276.15,277.00
21.05.21 09:56:59,276.65,280.55,276.65,280.55,600,140925,243.54,277.80,278.30
21.05.21 09:57:59,278.05,284.35,278.05,282.05,1275,140925,243.81,281.25,282.10
21.05.21 09:58:59,282.65,282.65,278.50,278.50,1050,140925,244.01,278.50,279.10
21.05.21 09:59:59,280.00,282.10,280.00,282.10,150,141150,244.04,280.60,281.30
21.05.21 10:00:59,282.55,283.00,274.60,274.60,2250,141150,244.44,275.60,276.25
21.05.21 10:01:59,277.05,277.05,271.85,273.80,2700,141150,244.86,273.85,274.50
21.05.21 10:02:59,275.05,279.10,275.05,279.10,1575,140175,245.12,279.65,280.75
21.05.21 10:03:59,280.20,288.90,280.20,288.90,1575,140175,245.44,289.25,289.95
21.05.21 10:04:59,289.20,292.55,289.20,289.35,1275,140175,245.72,289.55,290.20
21.05.21 10:05:59,293.00,293.00,288.85,288.85,1125,140250,245.98,288.65,289.40
21.05.21 10:06:59,288.05,288.05,282.00,282.30,2625,140250,246.47,283.85,284.55
21.05.21 10:07:59,283.80,284.95,281.45,281.50,1275,140250,246.70,282.60,283.30
21.05.21 10:08:59,283.05,285.70,283.05,285.60,375,140250,246.76,284.85,285.65
21.05.21 10:09:59,285.50,285.50,282.00,282.00,450,140250,246.85,281.15,281.80
21.05.21 10:10:59,281.45,281.80,278.40,278.40,675,140250,246.95,277.70,278.40
21.05.21 10:11:59,277.15,281.35,276.30,279.00,1650,139650,247.21,279.05,279.60
21.05.21 10:12:59,280.00,286.00,279.45,284.10,1050,139650,247.39,284.10,284.80
21.05.21 10:13:59,283.65,284.10,282.50,282.50,450,139650,247.47,280.70,281.45
21.05.21 10:15:59,283.75,286.40,283.75,286.40,900,139800,247.63,286.70,287.40
21.05.21 10:16:59,286.40,286.40,285.75,286.15,450,139800,247.71,287.30,288.00
21.05.21 10:17:59,289.00,293.60,289.00,289.10,1725,139800,248.06,289.55,290.20
21.05.21 10:18:59,290.35,290.60,289.50,290.60,3675,139800,248.77,291.00,291.55
21.05.21 10:19:59,293.95,300.10,293.50,298.65,3450,139800,249.52,299.05,300.30
21.05.21 10:20:59,300.45,300.50,297.60,298.00,375,139875,249.60,295.95,296.70
21.05.21 10:21:59,297.50,297.50,294.50,294.50,300,139875,249.67,294.00,294.60
21.05.21 10:22:59,292.50,294.05,290.30,294.05,525,139875,249.77,295.05,295.80
21.05.21 10:23:59,295.50,295.90,295.50,295.90,525,139875,249.88,295.50,296.10
21.05.21 10:24:59,293.95,299.40,293.95,299.40,825,139800,250.05,298.20,298.80
21.05.21 10:25:59,300.50,300.50,297.70,297.70,600,139800,250.18,297.75,298.55
21.05.21 10:26:59,297.50,297.50,293.00,293.25,1200,138975,250.42,293.70,294.45
21.05.21 10:27:59,294.70,294.70,294.70,294.70,75,138975,250.44,294.60,295.20
21.05.21 10:28:59,294.90,295.60,294.90,295.60,150,138975,250.47,295.90,296.65
21.05.21 10:29:59,298.95,299.70,298.95,299.70,375,138900,250.55,299.45,300.20
21.05.21 10:30:59,303.20,308.00,303.20,304.10,4500,138900,251.61,304.00,304.65
21.05.21 10:31:59,303.35,303.65,301.00,301.00,2250,138900,252.11,301.40,301.90
21.05.21 10:32:59,302.25,302.25,302.25,302.25,375,138900,252.20,302.50,303.55
21.05.21 10:33:59,302.90,302.90,302.90,302.90,75,138750,252.21,302.40,303.10
21.05.21 10:34:59,303.45,304.25,303.45,304.00,450,138750,252.31,303.65,304.05
21.05.21 10:35:59,304.65,305.00,299.10,299.10,3150,137925,252.99,299.15,299.75
21.05.21 10:36:59,301.25,304.75,301.25,304.20,1125,137925,253.23,304.00,304.65
21.05.21 10:37:59,304.15,307.75,304.15,307.30,1050,137925,253.46,305.20,305.85
21.05.21 10:38:59,306.75,314.90,306.05,312.30,3225,138000,254.22,311.90,312.90
21.05.21 10:39:59,312.65,316.55,312.65,316.55,900,138000,254.44,316.50,317.15
21.05.21 10:40:59,316.00,317.40,314.10,317.40,675,138000,254.61,315.95,316.65
21.05.21 10:42:59,314.95,317.00,314.65,314.65,225,137400,254.67,313.70,314.90
21.05.21 10:43:59,316.05,316.70,314.00,314.20,1275,137400,254.99,313.45,314.25
21.05.21 10:44:59,313.50,314.00,312.00,312.00,300,136350,255.06,311.20,312.45
21.05.21 10:46:59,309.05,309.50,307.30,307.45,675,136350,255.21,308.10,308.75
21.05.21 10:47:59,309.35,310.00,305.10,305.10,375,136725,255.29,305.50,306.25
21.05.21 10:48:59,308.10,310.50,308.10,310.50,225,136725,255.34,310.25,310.85
21.05.21 10:49:59,310.90,316.30,310.90,316.30,975,136725,255.57,314.70,315.45
21.05.21 10:50:59,315.65,323.05,315.65,323.00,2550,136350,256.23,322.05,322.95
21.05.21 10:51:59,323.20,323.20,321.50,321.50,525,136350,256.37,319.95,320.70
21.05.21 10:52:59,321.15,321.20,320.50,320.50,225,136350,256.43,319.95,320.60
21.05.21 10:53:59,320.25,320.50,318.95,318.95,375,136200,256.52,317.10,317.85
21.05.21 10:54:59,319.35,319.35,319.35,319.35,75,136200,256.54,320.10,320.85
21.05.21 10:55:59,320.55,320.55,320.55,320.55,150,136200,256.58,318.55,319.80
21.05.21 10:56:59,318.65,318.65,318.65,318.65,150,136200,256.62,318.75,319.50
21.05.21 10:58:59,324.00,327.45,324.00,327.45,5700,136500,258.15,326.40,327.15
21.05.21 10:59:59,326.25,329.75,325.15,326.40,2700,133650,258.88,325.50,326.20
21.05.21 11:00:59,326.15,327.75,321.20,322.60,2250,133650,259.45,320.85,321.60
21.05.21 11:01:59,320.30,321.50,319.00,320.10,3225,133650,260.19,319.25,320.00
21.05.21 11:02:59,320.55,324.25,319.80,324.25,1125,133650,260.45,323.75,324.65
21.05.21 11:04:59,327.20,327.20,324.35,324.90,2400,131475,261.04,324.40,325.35
21.05.21 11:05:59,326.85,331.40,326.75,329.25,2250,129900,261.60,327.10,328.25
21.05.21 11:06:59,326.90,326.90,324.45,324.45,825,129900,261.80,324.55,325.35
21.05.21 11:07:59,325.95,325.95,322.60,323.65,2175,129900,262.29,323.55,324.40
21.05.21 11:08:59,324.00,324.50,320.05,324.50,3900,128400,263.13,324.05,325.10
21.05.21 11:09:59,326.40,328.75,326.40,328.75,525,128400,263.26,327.60,328.65
21.05.21 11:10:59,329.00,330.25,324.00,324.00,1125,128400,263.52,322.15,322.85
21.05.21 11:11:59,323.05,323.05,322.90,322.90,225,128400,263.57,321.50,322.30
21.05.21 11:12:59,321.80,322.90,321.15,322.45,825,127275,263.74,323.10,323.80
21.05.21 11:13:59,323.40,323.40,322.70,322.70,150,127275,263.77,321.70,322.65
21.05.21 11:14:59,323.30,323.60,323.30,323.60,375,126600,263.85,322.70,323.40
21.05.21 11:15:59,324.05,324.05,324.05,324.05,75,126600,263.87,323.30,324.10
21.05.21 11:16:59,327.25,327.25,327.25,327.25,75,126600,263.88,324.40,324.95
21.05.21 11:17:59,324.40,325.10,324.15,325.10,300,126600,263.95,327.10,327.90
21.05.21 11:18:59,329.70,329.70,327.50,328.40,675,126000,264.11,327.10,327.90
21.05.21 11:19:59,329.10,329.40,325.00,325.00,375,126000,264.19,325.05,325.85
21.05.21 11:20:59,325.10,325.90,323.55,323.55,525,126000,264.30,322.50,323.45
21.05.21 11:21:59,320.35,320.35,315.25,317.50,450,123825,264.39,317.70,318.45
21.05.21 11:22:59,317.45,319.10,317.00,317.75,1725,123825,264.71,317.35,318.15
21.05.21 11:23:59,315.00,315.45,314.90,315.45,1650,122325,265.00,315.00,315.75
21.05.21 11:24:59,315.45,315.65,315.45,315.55,300,122325,265.05,317.75,318.50
21.05.21 11:25:59,318.80,324.25,318.80,321.90,450,122325,265.14,322.30,323.00
21.05.21 11:27:59,322.25,322.25,322.25,322.25,150,122400,265.17,321.75,322.55
21.05.21 11:29:59,321.95,321.95,321.40,321.40,150,122400,265.20,320.10,321.45
21.05.21 11:30:59,326.85,327.55,326.80,327.55,300,121950,265.27,326.55,327.60
21.05.21 11:31:59,328.00,328.00,327.50,327.80,375,121950,265.35,327.15,327.95
21.05.21 11:32:59,327.65,335.95,327.65,332.70,1050,121950,265.59,330.95,331.75
21.05.21 11:33:59,332.60,334.60,331.70,331.70,1200,121875,265.87,330.50,331.30
21.05.21 11:34:59,330.25,331.00,330.25,331.00,150,121875,265.90,329.95,330.75
21.05.21 11:35:59,330.25,331.45,330.25,331.00,375,121875,265.99,328.85,329.50
21.05.21 11:36:59,329.05,332.00,329.05,332.00,375,122475,266.07,330.30,331.10
21.05.21 11:38:59,329.70,329.70,329.70,329.70,75,122475,266.09,327.95,328.80
21.05.21 11:39:59,330.80,331.05,330.80,330.90,975,122100,266.30,330.45,331.25
21.05.21 11:40:59,331.20,331.20,331.20,331.20,75,122100,266.32,331.50,332.00
21.05.21 11:41:59,332.00,332.00,332.00,332.00,150,122100,266.35,331.25,332.00
21.05.21 11:42:59,330.55,330.55,327.75,328.45,450,121650,266.45,329.20,330.00
21.05.21 11:43:59,330.40,330.85,330.00,330.00,450,121650,266.55,330.30,331.10
21.05.21 11:44:59,330.70,330.70,330.70,330.70,75,121650,266.56,330.55,331.35
21.05.21 11:45:59,329.20,333.40,328.75,333.40,375,121650,266.64,332.30,333.10
21.05.21 11:47:59,331.65,331.65,331.65,331.65,300,121650,266.71,330.00,330.70
21.05.21 11:48:59,327.45,327.60,327.45,327.60,225,122025,266.76,327.30,328.10
21.05.21 11:49:59,325.25,325.85,324.85,325.85,300,122025,266.82,322.40,322.90
21.05.21 11:50:59,321.25,323.35,321.25,322.80,675,122025,266.94,325.55,326.35
21.05.21 11:51:59,325.50,325.50,323.15,323.15,225,121575,266.99,324.95,325.70
21.05.21 11:53:59,329.25,329.25,329.25,329.25,75,121575,267.00,326.30,327.35
21.05.21 11:54:59,328.65,328.75,328.65,328.75,375,121575,267.08,328.05,328.80
21.05.21 11:55:59,328.05,328.05,327.45,328.00,300,121575,267.14,327.70,328.50
21.05.21 11:57:59,325.50,325.95,324.95,324.95,300,121875,267.20,323.80,324.55
21.05.21 11:59:59,322.20,322.40,318.10,318.10,525,121875,267.30,317.80,318.55
21.05.21 12:00:59,316.80,316.80,314.30,314.30,375,121875,267.36,312.80,313.60
21.05.21 12:02:59,320.30,320.30,319.90,319.90,225,121875,267.40,319.75,321.00
21.05.21 12:03:59,319.90,319.90,316.85,316.85,225,121725,267.44,317.10,318.25
21.05.21 12:04:59,314.30,314.30,314.30,314.30,75,121725,267.45,314.75,315.55
21.05.21 12:05:59,312.60,316.00,312.60,316.00,675,121725,267.55,314.10,314.80
21.05.21 12:06:59,314.85,314.85,313.45,313.45,150,121425,267.58,313.25,314.05
21.05.21 12:07:59,312.55,312.55,308.35,308.35,450,121425,267.64,309.40,310.15
21.05.21 12:08:59,309.65,309.65,309.65,309.65,75,121425,267.65,308.35,309.05
21.05.21 12:09:59,308.95,311.10,306.00,311.10,450,121725,267.71,312.70,313.70
21.05.21 12:10:59,311.60,313.85,311.60,313.85,450,121725,267.78,313.00,313.80
21.05.21 12:11:59,316.00,317.85,316.00,317.85,975,121725,267.94,316.10,316.90
21.05.21 12:12:59,318.00,318.00,318.00,318.00,75,122700,267.95,315.70,316.45
21.05.21 12:13:59,316.75,318.00,316.75,318.00,150,122700,267.98,317.45,318.10
21.05.21 12:14:59,315.70,315.70,315.70,315.70,75,122700,267.99,315.00,315.60
21.05.21 12:15:59,319.05,320.00,319.05,320.00,225,122850,268.03,320.85,321.55
21.05.21 12:16:59,322.25,322.25,322.25,322.25,75,122850,268.04,323.25,324.05
21.05.21 12:18:59,322.50,322.50,322.50,322.50,75,122625,268.05,321.30,322.05
21.05.21 12:19:59,319.30,319.30,318.00,319.30,975,122625,268.22,318.35,319.15
21.05.21 12:23:59,322.50,322.50,322.50,322.50,75,0,268.23,321.45,322.25
21.05.21 12:25:59,323.00,323.00,323.00,323.00,75,121575,268.24,322.95,323.70
21.05.21 12:26:59,323.30,323.30,323.00,323.00,450,121575,268.33,321.75,322.55
21.05.21 12:27:59,322.20,322.20,317.70,317.70,300,121875,268.38,319.20,319.95
21.05.21 12:28:59,320.75,320.75,320.40,320.40,150,121875,268.40,320.25,321.00
21.05.21 12:30:59,320.70,320.70,320.70,320.70,450,121650,268.48,317.60,318.30
21.05.21 12:31:59,316.15,316.15,316.15,316.15,75,121650,268.49,315.85,316.65
21.05.21 12:32:59,321.70,321.70,321.70,321.70,75,121650,268.50,321.60,322.30
21.05.21 12:34:59,323.05,323.05,323.05,323.05,150,121800,268.53,320.45,321.45
21.05.21 12:35:59,319.60,319.60,319.60,319.60,75,121800,268.54,321.00,321.75
21.05.21 12:36:59,319.60,319.60,319.20,319.20,150,122100,268.57,319.10,319.85
21.05.21 12:37:59,318.45,318.45,318.45,318.45,225,122100,268.61,317.70,318.45
21.05.21 12:38:59,317.15,317.15,317.15,317.15,75,122100,268.62,316.55,317.35
21.05.21 12:41:59,316.65,316.65,316.65,316.65,150,122100,268.64,316.65,317.15
21.05.21 12:42:59,314.30,314.30,313.55,313.55,150,121500,268.66,311.90,312.65
21.05.21 12:43:59,312.15,312.15,310.00,311.05,300,121500,268.70,311.35,312.10
21.05.21 12:44:59,310.00,310.00,310.00,310.00,150,121500,268.72,309.20,309.90
21.05.21 12:45:59,311.45,313.85,311.45,313.65,225,121950,268.76,317.40,318.10
21.05.21 12:46:59,316.95,316.95,314.80,314.80,225,121950,268.79,314.90,315.65
21.05.21 12:47:59,316.85,316.85,313.15,313.15,675,121950,268.89,313.05,313.65
21.05.21 12:48:59,313.15,313.15,313.15,313.15,75,121950,268.90,315.15,315.95
21.05.21 12:49:59,316.15,316.15,316.15,316.15,75,121875,268.91,315.45,316.20
21.05.21 12:50:59,317.40,318.35,315.35,315.35,225,121875,268.95,315.55,316.20
21.05.21 12:52:59,315.10,315.10,313.90,313.90,225,121875,268.98,312.90,313.75
21.05.21 12:53:59,314.00,314.00,312.00,312.00,375,121875,269.04,310.65,311.45
21.05.21 12:54:59,309.85,312.40,309.85,312.40,225,122250,269.07,312.50,313.25
21.05.21 12:55:59,314.25,314.25,314.25,314.25,75,122250,269.08,314.30,315.05
21.05.21 12:56:59,313.10,313.10,313.10,313.10,75,122250,269.09,310.90,311.70
21.05.21 12:59:59,315.25,316.15,315.25,316.15,600,122325,269.18,315.30,316.00
21.05.21 13:00:59,315.00,315.10,315.00,315.10,225,122325,269.21,314.95,315.60
21.05.21 13:01:59,316.55,316.55,316.55,316.55,75,122325,269.22,315.35,316.10
21.05.21 13:02:59,309.80,309.80,309.80,309.80,75,122325,269.23,310.65,311.40
21.05.21 13:03:59,312.75,312.75,312.75,312.75,75,122250,269.24,310.30,311.00
21.05.21 13:04:59,309.80,309.80,305.95,305.95,300,122250,269.28,306.35,307.50
21.05.21 13:05:59,303.40,303.40,301.15,301.15,375,122250,269.32,305.55,306.70
21.05.21 13:06:59,305.60,308.05,305.60,307.20,450,122400,269.37,303.90,304.65
21.05.21 13:07:59,303.60,307.45,303.60,307.45,375,122400,269.42,307.50,308.25
21.05.21 13:08:59,307.40,309.50,306.65,306.65,675,122400,269.50,306.25,306.95
21.05.21 13:09:59,306.85,306.85,306.85,306.85,75,122250,269.51,308.65,309.70
21.05.21 13:10:59,308.75,308.75,308.00,308.70,300,122250,269.55,307.95,308.90
21.05.21 13:11:59,305.20,305.20,305.20,305.20,150,122250,269.56,304.10,304.85
21.05.21 13:12:59,304.15,306.85,304.15,304.50,600,122250,269.63,304.35,305.05
21.05.21 13:13:59,304.20,304.20,299.90,299.90,1125,122250,269.75,298.70,299.50
21.05.21 13:14:59,299.30,301.70,297.35,301.70,525,122250,269.80,301.75,302.45
21.05.21 13:15:59,297.00,297.00,296.65,296.65,150,122475,269.81,298.40,299.15
21.05.21 13:17:59,302.25,305.70,302.25,305.70,375,122475,269.85,305.10,305.80
21.05.21 13:18:59,305.80,307.00,305.80,307.00,150,122475,269.87,309.15,309.90
21.05.21 13:19:59,305.80,305.80,304.80,305.50,300,122625,269.90,304.90,305.60
21.05.21 13:20:59,305.20,307.25,305.20,307.25,300,122625,269.94,308.80,309.50
21.05.21 13:21:59,312.25,312.25,312.25,312.25,150,123000,269.96,311.90,312.65
21.05.21 13:22:59,311.95,311.95,309.10,309.40,225,123000,269.99,308.20,308.95
21.05.21 13:24:59,312.45,312.45,311.40,312.00,600,123000,270.07,311.30,312.05
21.05.21 13:25:59,312.25,316.00,312.25,315.15,225,123000,270.10,314.50,315.25
21.05.21 13:26:59,315.30,317.50,315.00,317.50,225,123000,270.13,317.45,318.20
21.05.21 13:27:59,319.00,320.15,319.00,320.15,825,122625,270.26,319.35,320.05
21.05.21 13:28:59,319.30,319.40,318.10,318.10,300,122625,270.31,317.40,318.10
21.05.21 13:29:59,319.45,320.35,319.45,320.35,150,122625,270.33,321.00,321.60
21.05.21 13:30:59,320.75,328.00,320.75,328.00,1650,122400,270.62,325.95,326.65
21.05.21 13:31:59,326.95,326.95,326.00,326.00,300,122400,270.67,323.35,324.00
21.05.21 13:32:59,321.95,322.10,320.70,320.70,225,122400,270.71,321.30,322.05
21.05.21 13:33:59,323.50,323.50,321.75,322.25,450,121650,270.78,321.25,322.00
21.05.21 13:34:59,322.65,322.65,322.65,322.65,75,121650,270.79,323.50,324.25
21.05.21 13:35:59,323.55,323.55,321.70,321.70,525,121650,270.87,319.65,320.45
21.05.21 13:36:59,316.90,316.90,316.35,316.35,150,121575,270.90,316.70,317.45
21.05.21 13:37:59,318.55,319.00,318.55,319.00,975,121575,271.04,319.70,320.50
21.05.21 13:40:59,314.15,314.25,314.15,314.25,300,120525,271.08,315.60,316.30
21.05.21 13:42:59,318.00,318.00,318.00,318.00,75,120525,271.09,319.10,319.85
21.05.21 13:43:59,320.00,321.10,320.00,321.10,300,120150,271.14,318.35,319.10
21.05.21 13:45:59,320.25,320.25,317.85,317.85,150,120375,271.16,319.50,320.15
21.05.21 13:46:59,321.35,321.35,319.50,321.15,600,120375,271.25,319.10,319.80
21.05.21 13:47:59,319.90,319.90,307.85,312.45,1050,120375,271.38,311.80,312.50
21.05.21 13:48:59,305.70,305.70,303.55,305.30,375,119925,271.42,305.95,306.70
21.05.21 13:49:59,318.90,318.90,316.95,316.95,375,119925,271.47,317.25,318.05
21.05.21 13:50:59,314.50,315.60,314.50,315.60,600,119925,271.55,315.85,316.65
21.05.21 13:51:59,314.85,314.85,314.00,314.00,150,119925,271.57,313.00,313.75
21.05.21 13:53:59,315.00,315.00,315.00,315.00,75,119925,271.58,308.00,309.40
21.05.21 13:55:59,306.65,311.30,306.65,311.30,300,119850,271.62,312.30,313.90
21.05.21 13:56:59,313.55,313.55,313.55,313.55,75,119850,271.63,312.90,313.55
21.05.21 13:57:59,313.20,313.55,313.20,313.55,150,119850,271.65,311.95,312.70
21.05.21 13:59:59,315.90,316.40,315.90,316.40,150,120000,271.67,315.70,316.45
21.05.21 14:00:59,318.05,319.80,318.05,319.80,675,120000,271.76,318.25,319.05
21.05.21 14:01:59,319.40,321.70,319.40,321.70,375,119925,271.82,322.05,322.80
21.05.21 14:02:59,323.60,324.10,322.55,322.55,300,119925,271.87,321.00,321.80
21.05.21 14:03:59,321.55,321.55,317.35,317.35,450,120150,271.93,318.55,319.70
21.05.21 14:04:59,315.65,315.65,315.25,315.25,450,120150,271.99,316.00,316.80
21.05.21 14:05:59,316.75,317.20,316.75,317.20,225,120150,272.02,318.90,319.65
21.05.21 14:07:59,317.20,317.20,316.10,317.05,825,119625,272.13,316.35,317.15
21.05.21 14:08:59,315.35,315.35,315.35,315.35,75,119625,272.14,316.00,316.75
21.05.21 14:10:59,310.00,314.25,310.00,314.25,225,119700,272.17,317.10,317.90
21.05.21 14:11:59,322.05,322.05,320.90,320.90,450,119700,272.24,320.65,321.45
21.05.21 14:13:59,323.45,323.45,323.45,323.45,75,119550,272.25,322.55,323.30
21.05.21 14:14:59,328.50,331.55,328.50,331.55,900,119550,272.41,331.40,332.00
21.05.21 14:15:59,330.40,338.95,330.40,337.45,1350,119550,272.66,337.00,338.25
21.05.21 14:16:59,337.75,339.10,336.45,336.45,1125,119550,272.88,335.90,336.65
21.05.21 14:17:59,338.20,338.20,338.10,338.10,150,119550,272.91,338.10,338.75
21.05.21 14:18:59,337.85,337.85,335.35,337.70,1350,120150,273.16,338.10,338.85
21.05.21 14:19:59,338.05,340.70,337.10,338.65,600,120150,273.28,338.30,339.10
21.05.21 14:20:59,341.00,341.10,340.25,340.25,525,120150,273.38,340.10,340.90
21.05.21 14:21:59,345.45,345.45,343.85,345.00,300,119850,273.45,340.65,341.55
21.05.21 14:22:59,341.10,350.60,341.10,348.30,1425,119850,273.76,344.05,344.65
21.05.21 14:23:59,346.15,346.15,344.30,344.30,375,119850,273.84,344.45,345.25
21.05.21 14:24:59,344.40,345.50,344.40,345.50,225,119850,273.89,344.35,345.15
21.05.21 14:25:59,342.45,342.75,340.45,342.50,375,119850,273.96,342.50,343.35
21.05.21 14:26:59,342.65,342.65,342.65,342.65,75,119850,273.98,342.70,343.55
21.05.21 14:27:59,340.00,340.00,340.00,340.00,75,119775,273.99,339.70,340.45
21.05.21 14:28:59,339.40,343.00,339.40,343.00,300,119775,274.05,343.85,344.65
21.05.21 14:29:59,345.00,355.00,345.00,355.00,975,119775,274.27,352.95,354.80
21.05.21 14:30:59,354.40,360.15,352.95,360.15,2250,119700,274.82,358.50,360.55
21.05.21 14:31:59,359.45,367.95,359.45,360.95,2700,119700,275.50,362.45,363.30
21.05.21 14:32:59,365.00,367.05,363.85,363.85,750,119700,275.69,362.35,363.40
21.05.21 14:33:59,364.20,372.85,364.20,371.25,825,120750,275.91,371.00,371.80
21.05.21 14:34:59,371.75,375.95,370.00,375.95,975,120750,276.18,373.95,374.75
21.05.21 14:35:59,373.85,373.85,368.10,368.10,150,120750,276.22,367.90,368.70
21.05.21 14:36:59,370.90,370.90,370.40,370.40,225,120750,276.28,368.30,369.15
21.05.21 14:37:59,369.65,380.10,369.65,380.10,600,120375,276.46,379.45,380.30
21.05.21 14:38:59,378.60,378.60,374.50,374.50,225,120375,276.52,374.45,375.30
21.05.21 14:39:59,374.35,374.35,371.65,371.65,375,120375,276.63,372.20,372.90
21.05.21 14:40:59,371.15,371.15,371.15,371.15,75,119400,276.65,374.90,375.75
21.05.21 14:41:59,373.45,373.95,372.35,373.95,450,119400,276.77,370.65,371.50
21.05.21 14:42:59,372.20,372.20,370.75,370.75,225,119400,276.83,370.10,371.00
21.05.21 14:43:59,376.00,382.50,376.00,382.50,375,120000,276.94,382.45,383.30
21.05.21 14:44:59,385.30,385.30,380.10,380.40,1425,120000,277.36,379.00,381.20
21.05.21 14:45:59,381.25,382.20,380.00,382.20,675,120000,277.56,381.35,382.00
21.05.21 14:46:59,382.20,385.00,382.20,385.00,375,117750,277.67,384.05,384.90
21.05.21 14:47:59,383.00,383.00,380.00,381.15,600,117750,277.85,381.35,382.20
21.05.21 14:48:59,383.80,386.00,382.70,382.70,375,117225,277.96,382.65,383.50
21.05.21 14:49:59,382.80,382.80,382.45,382.45,150,117225,278.00,382.50,383.35
21.05.21 14:50:59,380.50,380.50,379.25,379.25,675,117225,278.20,377.45,378.30
21.05.21 14:51:59,377.90,377.90,377.90,377.90,75,117225,278.22,374.90,375.70
21.05.21 14:52:59,378.70,378.70,376.80,376.80,450,117450,278.34,378.20,379.05
21.05.21 14:53:59,379.45,379.45,378.45,378.45,225,117450,278.41,377.50,378.35
21.05.21 14:54:59,379.05,379.05,376.55,376.55,150,117450,278.45,377.70,378.60
21.05.21 14:55:59,377.20,377.20,377.20,377.20,150,117225,278.49,377.20,378.05
21.05.21 14:57:59,381.65,381.65,381.65,381.65,150,117225,278.53,381.95,382.70
21.05.21 14:58:59,383.85,383.85,383.85,383.85,150,117225,278.58,380.95,381.80
21.05.21 14:59:59,381.20,381.20,381.20,381.20,150,117225,278.62,379.00,379.85
21.05.21 15:00:59,377.65,377.65,365.70,365.70,675,117225,278.80,364.25,365.60
21.05.21 15:01:59,363.55,370.45,363.55,369.55,1950,117225,279.26,367.45,368.25
21.05.21 15:02:59,367.55,370.80,367.00,370.80,2475,117225,279.86,369.35,370.20
21.05.21 15:03:59,368.55,368.55,365.00,366.90,4275,115650,280.88,366.90,367.35
21.05.21 15:04:59,366.90,371.05,366.90,371.05,4200,115650,281.86,370.45,371.30
21.05.21 15:05:59,369.75,372.80,369.75,372.80,6225,115650,283.33,372.70,373.55
21.05.21 15:06:59,372.90,377.10,371.75,377.00,19650,103800,287.81,377.00,377.95
21.05.21 15:07:59,377.00,377.00,373.25,374.35,2400,103800,288.35,373.70,374.50
21.05.21 15:08:59,373.55,376.45,373.55,376.30,6150,103800,289.67,376.85,377.65
21.05.21 15:09:59,376.30,378.00,376.30,377.60,6900,98100,291.15,378.60,379.35
21.05.21 15:10:59,377.20,378.25,375.65,377.30,13275,98100,293.85,377.25,378.05
21.05.21 15:11:59,379.20,383.85,378.55,383.85,7725,98100,295.44,383.30,384.35
21.05.21 15:12:59,385.00,387.45,384.35,386.40,7500,87750,296.98,386.60,387.45
21.05.21 15:13:59,387.00,387.75,385.80,385.85,2250,87750,297.44,386.55,387.45
21.05.21 15:14:59,386.45,389.90,386.40,389.90,1500,87750,297.74,389.10,389.90
21.05.21 15:15:59,389.10,389.10,385.60,385.65,1425,86550,298.03,385.35,386.10
21.05.21 15:16:59,385.20,386.00,383.25,383.25,2925,86550,298.59,383.05,383.75
21.05.21 15:17:59,384.00,384.60,382.85,383.20,2475,86550,299.06,383.70,384.55
21.05.21 15:18:59,383.35,384.90,383.05,384.35,1425,82425,299.33,384.20,384.85
21.05.21 15:19:59,383.90,384.05,383.60,383.60,375,82425,299.40,384.00,384.90
21.05.21 15:20:59,384.65,387.25,383.50,386.00,4575,82425,300.25,386.20,387.30
21.05.21 15:21:59,387.25,391.00,387.20,388.75,7800,84300,301.74,388.75,389.70
21.05.21 15:22:59,388.55,389.10,387.85,388.00,1200,84300,301.96,387.25,388.05
21.05.21 15:23:59,387.45,388.05,387.45,387.65,525,84300,302.06,386.95,387.90
21.05.21 15:24:59,386.45,387.05,385.70,386.05,900,82125,302.22,385.70,386.55
21.05.21 15:25:59,385.65,386.25,384.30,386.25,1800,82125,302.54,385.20,386.00
21.05.21 15:26:59,386.10,387.15,385.65,387.15,1050,82125,302.73,387.35,388.15
21.05.21 15:27:59,388.20,389.65,388.15,389.60,2700,82125,303.22,390.30,391.15
21.05.21 15:28:59,392.05,392.65,391.00,392.00,4275,81450,304.01,391.75,392.95
21.05.21 15:30:00,392.20,397.85,392.20,394.00,825,81450,304.16,391.15,399.95
24.05.21 09:15:59,360.00,394.05,360.00,391.50,1350,76650,380.95,391.55,392.60
24.05.21 09:16:59,389.00,390.00,381.30,381.30,525,76650,382.44,378.55,379.45
24.05.21 09:17:59,376.65,385.70,368.20,385.70,1800,76650,378.87,385.00,386.50
24.05.21 09:18:59,385.00,394.25,385.00,393.00,1725,76650,382.27,391.25,393.00
24.05.21 09:19:59,393.35,406.20,393.35,406.20,1575,76650,386.32,405.45,406.35
24.05.21 09:20:59,401.55,406.10,401.55,406.10,300,78525,387.03,406.65,407.55
24.05.21 09:21:59,406.35,407.85,406.00,407.85,225,78525,387.62,407.75,410.00
24.05.21 09:22:59,409.85,410.15,404.45,408.35,600,78525,389.15,407.85,408.75
24.05.21 09:23:59,404.70,409.45,404.70,409.10,375,78375,389.93,409.20,410.05
24.05.21 09:24:59,413.15,414.45,413.15,414.45,375,78375,390.93,414.45,415.35
24.05.21 09:25:59,415.40,415.40,407.55,407.55,375,78375,391.83,407.35,408.25
24.05.21 09:26:59,407.15,407.15,407.15,407.15,75,78600,391.96,408.15,409.10
24.05.21 09:27:59,402.65,402.65,402.65,402.65,225,78600,392.21,403.00,403.90
24.05.21 09:28:59,398.35,398.35,391.00,395.65,600,78600,392.44,395.05,395.95
24.05.21 09:29:59,391.00,391.00,387.00,387.00,150,78150,392.39,384.10,385.00
24.05.21 09:30:59,384.10,384.10,368.10,373.65,600,78150,391.27,369.65,372.45
24.05.21 09:31:59,371.65,371.65,360.55,362.10,750,78150,389.66,359.80,360.65
24.05.21 09:32:59,364.80,384.10,364.80,384.10,975,78300,388.19,385.65,388.20
24.05.21 09:33:59,385.00,396.10,385.00,396.10,225,78300,388.26,388.95,393.50
24.05.21 09:34:59,385.15,385.15,385.15,385.15,75,78300,388.24,380.40,381.30
24.05.21 09:35:59,378.20,390.00,378.20,389.00,525,78000,388.13,388.15,389.05
24.05.21 09:36:59,388.35,394.15,388.35,394.15,300,78000,388.19,387.55,389.55
24.05.21 09:37:59,389.20,389.20,389.20,389.20,75,78000,388.19,389.45,390.35
24.05.21 09:38:59,389.75,397.55,389.75,397.55,900,78225,388.52,392.30,396.40
24.05.21 09:39:59,397.45,397.45,397.45,397.45,75,78225,388.57,392.75,393.65
24.05.21 09:40:59,393.25,396.00,393.25,395.50,675,78225,388.85,393.40,394.30
24.05.21 09:42:59,379.95,382.20,379.20,379.20,600,76950,388.53,379.25,380.10
24.05.21 09:44:59,382.05,382.05,381.45,381.45,225,76800,388.44,377.30,379.80
24.05.21 09:45:59,382.60,382.60,375.00,375.00,150,76800,388.35,374.20,375.05
24.05.21 09:47:59,375.00,375.00,375.00,375.00,75,76800,388.29,376.50,377.35
24.05.21 09:48:59,375.00,375.00,374.50,374.50,150,76500,388.17,369.45,371.70
24.05.21 09:49:59,368.40,368.40,368.40,368.40,75,76500,388.08,368.55,369.40
24.05.21 09:50:59,366.05,374.25,364.85,374.25,975,76050,387.03,374.95,375.85
24.05.21 09:52:59,368.00,368.20,367.70,367.95,675,76050,386.33,368.65,369.45
24.05.21 09:53:59,371.65,371.65,371.65,371.65,75,75450,386.27,371.90,372.70
24.05.21 09:54:59,371.05,371.05,371.00,371.00,150,75450,386.15,369.20,370.00
24.05.21 09:55:59,368.00,368.00,368.00,368.00,75,75450,386.07,370.40,371.25
24.05.21 09:58:59,368.00,368.00,368.00,368.00,75,75375,386.00,365.15,366.00
24.05.21 09:59:59,363.65,363.65,345.65,345.65,225,75375,385.65,343.05,346.65
24.05.21 10:00:59,345.30,347.45,344.65,347.45,300,75375,385.02,348.00,348.80
24.05.21 10:01:59,344.85,344.85,340.80,340.80,450,75375,384.04,337.85,339.75
24.05.21 10:02:59,336.10,339.85,330.65,330.65,975,75450,381.75,330.70,331.45
24.05.21 10:03:59,329.65,336.45,326.75,335.60,1725,75450,377.82,335.75,336.60
24.05.21 10:04:59,332.55,334.95,332.55,334.95,375,75450,377.10,329.85,330.65
24.05.21 10:05:59,337.05,337.05,337.05,337.05,75,75450,376.97,336.30,337.10
24.05.21 10:06:59,346.80,346.80,346.80,346.80,75,77400,376.87,347.85,348.65
24.05.21 10:07:59,347.00,347.00,347.00,347.00,75,77400,376.77,352.50,353.35
24.05.21 10:08:59,354.60,354.60,353.10,353.10,150,77400,376.62,353.10,353.95
24.05.21 10:09:59,351.85,351.85,343.80,343.80,525,77400,376.00,344.30,345.15
24.05.21 10:10:59,348.00,348.00,348.00,348.00,300,77400,375.65,348.25,352.35
24.05.21 10:12:59,353.05,353.05,353.05,353.05,150,76800,375.51,355.80,356.65
24.05.21 10:13:59,361.15,361.15,359.00,359.00,225,76800,375.37,358.00,358.85
24.05.21 10:14:59,354.45,354.45,354.45,354.45,75,76875,375.30,354.70,355.60
24.05.21 10:15:59,359.00,359.00,359.00,359.00,150,76875,375.20,362.40,364.60
24.05.21 10:16:59,363.60,363.60,363.60,363.60,75,76875,375.17,360.00,360.85
24.05.21 10:18:59,369.65,369.65,369.65,369.65,75,76800,375.15,366.55,367.40
24.05.21 10:20:59,369.65,369.65,369.65,369.65,75,76875,375.14,372.80,373.65
24.05.21 10:22:59,377.70,377.70,375.40,375.40,225,76875,375.15,376.50,377.35
24.05.21 10:23:59,377.70,377.70,372.55,376.70,300,77025,375.15,375.65,376.50
24.05.21 10:25:59,377.70,377.70,377.70,377.70,75,77025,375.16,373.15,374.05
24.05.21 10:26:59,369.65,369.65,367.70,367.70,300,77025,375.09,369.25,370.10
24.05.21 10:27:59,369.55,369.55,369.55,369.55,75,77400,375.07,373.10,373.95
24.05.21 10:30:59,376.90,376.90,376.90,376.90,300,75900,375.09,374.70,375.55
24.05.21 10:31:59,380.00,380.00,380.00,380.00,225,75900,375.13,377.15,378.05
24.05.21 10:36:59,382.00,384.00,382.00,384.00,150,76125,375.18,384.25,385.00
24.05.21 10:37:59,385.00,386.00,385.00,386.00,150,76125,375.23,383.25,384.15
24.05.21 10:39:59,382.05,382.05,382.05,382.05,75,75750,375.25,381.25,382.10
24.05.21 10:44:59,369.35,369.35,369.35,369.35,150,75375,375.22,368.15,370.70
24.05.21 10:45:59,368.80,368.80,368.75,368.75,150,75375,375.19,367.20,368.05
24.05.21 10:49:59,376.50,376.50,376.50,376.50,75,75225,375.19,373.85,374.75
24.05.21 10:59:59,392.10,392.10,389.00,389.00,450,75150,375.44,389.45,390.60
24.05.21 11:00:59,386.90,386.90,386.90,386.90,75,75150,375.47,382.95,384.00
24.05.21 11:01:59,385.00,385.00,385.00,385.00,75,75150,375.50,375.15,377.55
24.05.21 11:02:59,377.00,381.20,377.00,381.20,150,75150,375.52,382.25,383.40
24.05.21 11:10:59,390.05,390.05,390.05,390.05,75,74925,375.56,389.35,391.50
24.05.21 11:13:59,382.00,382.00,382.00,382.00,75,75000,375.58,383.30,384.45
24.05.21 11:16:59,390.40,390.40,390.40,390.40,75,75075,375.62,388.05,389.45
24.05.21 11:17:59,388.05,388.05,388.05,388.05,75,75075,375.65,389.10,390.20
24.05.21 11:21:59,382.45,382.45,382.45,382.45,525,75075,375.77,381.00,382.35
24.05.21 11:25:59,391.35,391.35,391.35,391.35,75,74700,375.81,387.90,389.05
24.05.21 11:29:59,384.25,384.25,384.25,384.25,75,74625,375.83,384.10,385.60
24.05.21 11:34:59,376.85,376.85,376.85,376.85,75,74550,375.84,376.25,377.80
24.05.21 11:40:59,384.00,384.00,384.00,384.00,75,74475,375.86,382.20,384.65
24.05.21 11:47:59,387.85,388.60,387.85,388.60,525,74400,376.07,385.30,386.90
24.05.21 11:59:59,370.90,372.90,370.90,372.90,2100,74325,375.78,375.55,377.15
24.05.21 12:01:59,380.40,380.40,380.40,380.40,1500,73500,376.01,381.75,383.90
24.05.21 12:02:59,380.05,380.05,380.05,380.05,1200,73500,376.16,379.50,381.00
24.05.21 12:18:59,380.05,380.05,380.05,380.05,225,72750,376.19,376.20,377.65
24.05.21 12:19:59,377.40,377.40,377.40,377.40,75,72750,376.19,373.90,375.25
24.05.21 12:24:59,376.00,376.00,376.00,376.00,75,72675,376.19,376.55,378.00
24.05.21 12:26:59,379.55,379.55,379.55,379.55,75,72675,376.20,376.25,377.05
24.05.21 12:28:59,378.05,378.05,378.05,378.05,150,72600,376.21,379.50,380.75
24.05.21 12:29:59,380.85,380.85,380.85,380.85,75,72600,376.22,377.90,379.45
24.05.21 12:53:59,356.90,356.90,356.90,356.90,75,72375,376.17,361.10,362.55
24.05.21 12:54:59,361.15,363.05,361.15,363.05,150,72375,376.11,360.60,362.20
24.05.21 12:57:59,365.05,365.05,365.05,365.05,75,72375,376.09,362.65,364.20
24.05.21 13:02:59,379.00,380.85,379.00,380.85,300,72375,376.13,378.15,379.75
24.05.21 13:04:59,388.75,388.75,388.75,388.75,150,72375,376.18,386.50,388.00
24.05.21 13:08:59,392.00,392.00,392.00,392.00,375,72450,376.34,392.20,393.85
24.05.21 13:09:59,393.80,395.00,393.80,394.80,225,72300,376.45,393.25,394.60
24.05.21 13:10:59,399.00,399.80,399.00,399.80,150,72300,376.55,395.75,397.45
24.05.21 13:11:59,396.05,396.05,391.00,391.00,225,72300,376.65,389.75,391.40
24.05.21 13:13:59,393.00,393.00,393.00,393.00,75,72075,376.69,392.25,393.90
24.05.21 13:39:59,374.00,374.00,374.00,374.00,75,71700,376.68,372.80,374.45
24.05.21 13:40:59,375.00,375.00,375.00,375.00,75,71700,376.68,372.60,374.20
24.05.21 13:43:59,371.60,372.45,370.80,372.45,225,71775,376.65,369.75,372.50
24.05.21 13:44:59,370.85,370.85,370.85,370.85,225,71775,376.61,376.45,377.70
24.05.21 13:48:59,380.35,380.35,380.35,380.35,75,71775,376.62,378.55,379.95
24.05.21 13:49:59,377.15,377.15,377.15,377.15,75,71775,376.62,375.00,376.55
24.05.21 13:55:59,365.90,365.90,365.90,365.90,300,71700,376.54,364.95,366.55
24.05.21 13:57:59,364.85,364.85,364.85,364.85,75,71700,376.52,360.00,362.80
24.05.21 13:58:59,360.00,362.50,360.00,362.50,750,71700,376.20,373.00,374.65
24.05.21 13:59:59,378.00,378.00,378.00,378.00,150,71700,376.22,384.45,386.05
24.05.21 14:00:59,390.00,390.00,390.00,390.00,75,71700,376.24,380.25,381.90
24.05.21 14:05:59,367.20,367.20,366.20,366.20,1800,72150,375.82,365.90,367.50
24.05.21 14:10:59,373.25,373.25,372.75,372.75,150,72525,375.81,369.65,371.30
24.05.21 14:36:59,375.00,384.60,375.00,384.60,225,71550,375.84,384.45,385.95
24.05.21 14:37:59,393.00,393.00,393.00,393.00,75,71550,375.87,392.35,394.00
24.05.21 14:38:59,393.00,393.00,391.60,391.60,675,71550,376.13,393.25,394.85
24.05.21 14:39:59,397.90,401.95,397.90,401.95,525,71250,376.44,401.65,403.30
24.05.21 14:40:59,402.15,407.00,402.15,407.00,600,71250,376.85,405.55,407.20
24.05.21 14:41:59,405.10,405.10,400.00,400.00,525,71250,377.13,397.65,400.50
24.05.21 14:43:59,403.95,403.95,403.95,403.95,150,71175,377.23,397.40,399.10
24.05.21 14:45:59,408.40,408.40,406.20,407.65,675,71475,377.69,407.80,408.90
24.05.21 14:46:59,407.00,407.00,407.00,407.00,450,71475,377.99,408.10,409.70
24.05.21 14:47:59,410.20,415.00,410.20,415.00,150,71475,378.11,414.85,416.55
24.05.21 14:48:59,415.20,415.95,414.40,414.40,600,71400,378.59,415.25,416.45
24.05.21 14:49:59,414.15,414.15,412.10,412.10,150,71400,378.71,408.05,411.45
24.05.21 14:50:59,413.00,413.80,413.00,413.40,225,71400,378.88,412.55,414.15
24.05.21 14:51:59,410.00,414.65,409.00,414.65,1125,71400,379.65,411.55,413.90
24.05.21 14:52:59,416.00,416.00,416.00,416.00,75,70950,379.71,418.10,419.85
24.05.21 14:53:59,416.10,417.75,416.10,417.25,975,70950,380.45,413.65,417.00
24.05.21 14:54:59,417.00,417.00,417.00,417.00,75,70950,380.51,415.10,416.90
24.05.21 14:55:59,409.65,409.65,409.65,409.65,75,70425,380.55,413.35,415.05
24.05.21 14:56:59,406.10,406.10,406.10,406.10,75,70425,380.59,409.15,410.50
24.05.21 14:57:59,410.50,410.50,410.50,410.50,75,70425,380.64,407.40,408.90
24.05.21 15:00:59,412.35,412.35,402.60,402.60,375,70200,380.87,402.50,404.15
24.05.21 15:03:59,394.15,394.15,394.15,394.15,75,70200,380.89,395.55,397.25
24.05.21 15:04:59,385.00,385.00,385.00,385.00,75,70200,380.90,386.70,388.30
24.05.21 15:05:59,380.65,380.65,380.65,380.65,75,70200,380.89,370.15,374.60
24.05.21 15:06:59,376.90,386.15,375.55,386.15,675,70200,380.89,378.60,380.20
24.05.21 15:10:59,378.00,378.00,378.00,378.00,75,70050,380.88,374.45,377.15
24.05.21 15:11:59,372.00,372.00,372.00,372.00,300,70050,380.83,373.25,374.85
24.05.21 15:14:59,375.00,375.00,375.00,375.00,375,70425,380.79,376.45,378.00
24.05.21 15:16:59,356.60,356.60,356.45,356.45,600,70425,380.51,358.30,359.90
24.05.21 15:18:59,368.00,368.00,368.00,368.00,150,69975,380.47,366.95,368.50
24.05.21 15:19:59,368.50,368.50,368.50,368.50,75,69975,380.46,365.95,367.30
24.05.21 15:20:59,364.60,364.60,364.60,364.60,75,69975,380.43,364.65,366.25
24.05.21 15:21:59,365.30,365.30,365.30,365.30,75,69975,380.41,365.25,367.50
24.05.21 15:22:59,355.00,355.00,355.00,355.00,75,70050,380.37,348.85,350.40
24.05.21 15:23:59,348.85,350.15,346.65,346.65,525,70050,380.05,346.90,348.20
24.05.21 15:24:59,348.25,352.00,348.25,352.00,375,70050,379.83,353.65,355.40
24.05.21 15:25:59,353.40,356.05,353.40,356.05,600,70500,379.54,355.20,356.70
24.05.21 15:26:59,355.00,355.00,353.60,353.60,300,70500,379.40,350.95,352.50
24.05.21 15:27:59,350.60,350.60,350.60,350.60,75,70500,379.36,348.55,350.15
24.05.21 15:28:59,348.00,352.20,348.00,352.20,600,70500,379.03,352.55,354.20
24.05.21 15:30:00,353.65,353.65,352.75,352.75,150,70500,378.96,354.10,360.45
25.05.21 09:15:59,434.45,435.45,431.40,431.40,1425,69675,433.48,433.05,436.85
25.05.21 09:17:59,445.35,445.35,445.35,445.35,375,69675,435.48,441.60,444.30
25.05.21 09:18:59,439.00,439.00,437.00,438.50,450,68925,436.02,438.05,440.75
25.05.21 09:19:59,442.90,442.90,434.30,434.30,300,68925,436.24,432.15,434.95
25.05.21 09:20:59,426.90,437.95,426.85,437.95,450,69675,435.35,433.30,435.05
25.05.21 09:21:59,438.70,439.00,438.70,439.00,225,69675,435.60,438.70,440.40
25.05.21 09:22:59,436.40,436.40,429.30,435.95,1800,69675,434.90,434.40,435.85
25.05.21 09:23:59,435.85,436.40,432.45,432.45,675,71700,434.84,433.30,435.10
25.05.21 09:24:59,434.80,434.80,434.80,434.80,150,71700,434.84,435.90,437.55
25.05.21 09:25:59,440.00,440.00,440.00,440.00,75,71700,434.91,443.45,445.10
25.05.21 09:26:59,443.00,443.00,443.00,443.00,75,71700,435.01,442.80,444.35
25.05.21 09:31:59,430.00,432.45,430.00,432.45,150,72300,434.92,434.25,435.85
25.05.21 09:35:59,421.40,421.40,417.10,421.40,450,72150,433.97,434.60,436.30
25.05.21 09:36:59,433.05,433.05,433.05,433.05,1875,72075,433.82,435.25,438.00
25.05.21 09:38:59,434.55,434.55,434.55,434.55,75,72075,433.82,437.35,438.55
25.05.21 09:39:59,440.90,440.90,439.00,439.00,225,71025,433.97,435.75,438.70
25.05.21 09:40:59,434.15,434.15,434.15,434.15,75,71025,433.97,432.05,434.40
25.05.21 09:44:59,428.15,428.15,428.15,428.15,75,70725,433.92,430.80,432.45
25.05.21 09:45:59,428.15,428.15,428.15,428.15,75,67350,433.88,425.15,426.85
25.05.21 09:46:59,428.15,428.15,422.90,426.50,3825,67350,431.38,426.85,428.50
25.05.21 09:47:59,421.50,422.55,420.25,420.25,375,66975,431.10,422.25,423.65
25.05.21 09:49:59,422.50,422.50,422.50,422.50,75,66975,431.05,420.10,421.40
25.05.21 09:58:59,422.85,422.85,422.85,422.85,75,66900,431.01,420.65,422.30
25.05.21 10:00:59,435.60,435.60,435.60,435.60,75,66975,431.03,433.85,435.50
25.05.21 10:01:59,435.45,435.45,435.45,435.45,75,66975,431.06,431.20,432.45
25.05.21 10:04:59,438.15,447.10,438.15,440.10,36000,66600,438.13,434.60,436.90
25.05.21 10:05:59,434.65,434.65,434.65,434.65,300,66600,438.11,430.30,433.15
25.05.21 10:07:59,430.00,430.00,430.00,430.00,150,93450,438.09,432.20,434.55
25.05.21 10:10:59,432.60,432.60,432.60,432.60,75,93525,438.08,431.05,432.95
25.05.21 10:12:59,432.45,432.45,432.45,432.45,300,93525,438.05,432.45,434.45
25.05.21 10:14:59,430.85,430.85,430.85,430.85,150,93825,438.02,428.25,430.55
25.05.21 10:18:59,429.25,429.25,429.25,429.25,150,93975,438.00,421.05,423.55
25.05.21 10:19:59,420.60,420.60,420.60,420.60,75,93975,437.97,420.45,422.10
25.05.21 10:20:59,420.45,420.45,420.45,420.45,150,93975,437.92,421.20,423.35
25.05.21 10:27:59,433.00,435.95,433.00,435.95,375,94275,437.90,435.50,437.35
25.05.21 10:28:59,436.45,436.45,436.45,436.45,150,94275,437.90,431.70,433.65
25.05.21 10:29:59,435.45,436.45,435.45,436.45,300,93750,437.88,435.55,437.20
25.05.21 10:46:59,421.00,423.00,421.00,423.00,1950,93450,437.33,421.05,423.80
25.05.21 10:49:59,412.75,412.75,410.00,410.00,1275,93450,436.76,409.90,412.45
25.05.21 10:50:59,409.00,409.00,409.00,409.00,150,93450,436.68,412.65,416.40
25.05.21 10:51:59,413.00,413.00,412.00,412.00,150,93600,436.62,410.00,412.20
25.05.21 10:54:59,419.00,419.00,417.90,417.90,3375,93750,435.60,417.05,418.90
25.05.21 10:55:59,419.00,423.60,419.00,420.20,34125,93750,429.93,416.45,418.75
25.05.21 10:56:59,418.20,422.25,418.20,422.25,1050,93750,429.80,419.80,421.65
25.05.21 11:00:59,419.10,419.10,419.10,419.10,75,71700,429.79,416.95,419.20
25.05.21 11:15:59,401.40,401.45,394.05,397.30,525,60900,429.61,395.45,397.45
25.05.21 11:18:59,399.60,399.60,399.60,399.60,150,61125,429.57,408.25,411.15
25.05.21 11:26:59,412.00,412.00,412.00,412.00,75,61275,429.55,411.80,414.20
25.05.21 11:27:59,412.95,412.95,412.95,412.95,150,60975,429.52,411.95,414.00
25.05.21 11:28:59,410.75,410.75,410.75,410.75,300,60975,429.47,411.35,413.70
25.05.21 11:32:59,413.00,413.00,413.00,413.00,75,60600,429.45,417.20,419.85
25.05.21 11:42:59,419.00,419.00,419.00,419.00,75,60600,429.44,417.95,419.90
25.05.21 11:44:59,421.80,421.80,421.80,421.80,150,60600,429.43,422.30,424.35
25.05.21 12:04:59,422.05,422.05,422.05,422.05,1050,60525,429.35,420.00,421.80
25.05.21 12:05:59,421.45,421.45,421.40,421.40,1125,60525,429.26,418.30,419.95
25.05.21 12:06:59,420.10,420.10,420.10,420.10,900,59550,429.18,418.45,420.10
25.05.21 12:07:59,417.75,417.75,417.75,417.75,150,59550,429.16,415.50,417.70
25.05.21 12:08:59,415.30,415.30,415.30,415.30,150,59550,429.14,414.30,416.45
25.05.21 12:10:59,411.55,411.55,411.55,411.55,75,59550,429.12,412.75,414.15
25.05.21 12:15:59,417.25,417.25,417.25,417.25,75,59550,429.12,416.55,419.35
25.05.21 12:20:59,418.00,418.00,418.00,418.00,150,59625,429.10,414.65,417.00
25.05.21 12:22:59,418.00,418.00,418.00,418.00,1650,59625,428.92,417.30,419.45
25.05.21 12:33:59,419.95,419.95,419.95,419.95,75,59400,428.91,418.65,421.85
25.05.21 12:39:59,417.75,417.75,417.75,417.75,75,57825,428.90,417.75,420.65
25.05.21 12:40:59,420.10,420.10,420.10,420.10,375,57825,428.87,417.05,419.80
25.05.21 12:57:59,413.20,413.20,413.20,413.20,150,57750,428.85,413.35,415.80
25.05.21 13:01:59,405.25,407.80,405.25,407.80,150,57750,428.81,405.10,407.55
25.05.21 13:10:59,406.10,406.10,406.10,406.10,150,57750,428.78,401.85,404.50
25.05.21 13:20:59,404.40,404.40,404.40,404.40,150,57750,428.74,402.60,405.40
25.05.21 13:27:59,390.00,390.00,382.60,382.60,450,57825,428.57,380.90,383.95
25.05.21 13:29:59,372.50,372.50,372.50,372.50,525,57975,428.29,374.85,378.75
25.05.21 13:30:59,365.40,372.25,365.40,372.25,375,57525,428.07,372.95,376.40
25.05.21 13:31:59,372.75,379.90,372.55,379.90,225,57525,427.96,380.55,383.40
25.05.21 13:33:59,383.00,383.00,383.00,383.00,225,57375,427.86,378.15,381.40
25.05.21 13:37:59,380.00,380.00,380.00,380.00,75,57375,427.82,380.00,382.45
25.05.21 13:38:59,383.95,383.95,383.95,383.95,75,57375,427.79,374.90,378.35
25.05.21 13:39:59,374.00,375.00,374.00,375.00,150,57300,427.71,372.45,376.35
25.05.21 13:40:59,374.10,374.10,374.10,374.10,75,57300,427.68,379.65,383.15
25.05.21 13:41:59,384.55,389.00,384.55,389.00,150,57300,427.62,387.45,390.35
25.05.21 13:44:59,365.00,366.40,363.70,366.40,1200,57225,426.90,362.15,366.25
25.05.21 13:45:59,360.00,361.00,358.60,361.00,600,57450,426.52,359.30,362.25
25.05.21 13:46:59,358.55,364.00,358.55,364.00,150,57450,426.42,358.70,363.95
25.05.21 13:48:59,370.00,372.65,370.00,372.65,150,57450,426.35,371.35,374.35
25.05.21 13:50:59,365.00,365.00,365.00,365.00,75,57450,426.30,358.25,361.45
25.05.21 13:51:59,360.00,360.00,350.80,350.80,225,57450,426.16,350.55,353.85
25.05.21 13:53:59,359.00,359.00,359.00,359.00,75,57225,426.11,359.35,362.95
25.05.21 13:57:59,378.00,378.00,378.00,378.00,75,57300,426.08,366.30,369.80
25.05.21 13:59:59,372.00,372.00,370.00,370.00,150,57375,426.00,371.80,375.50
25.05.21 14:00:59,367.00,367.00,367.00,367.00,75,57375,425.96,364.50,368.30
25.05.21 14:05:59,361.00,361.00,361.00,361.00,75,57450,425.91,362.95,365.75
25.05.21 14:06:59,366.00,366.00,366.00,366.00,75,57450,425.87,365.90,369.00
25.05.21 14:11:59,355.00,355.00,355.00,355.00,75,57525,425.82,356.70,359.90
25.05.21 14:12:59,352.65,352.65,347.95,347.95,300,57525,425.61,346.05,349.25
25.05.21 14:13:59,347.00,347.00,347.00,347.00,75,57600,425.55,334.85,338.35
25.05.21 14:14:59,337.00,337.00,337.00,337.00,75,57600,425.49,336.55,340.35
25.05.21 14:15:59,336.45,336.45,336.45,336.45,75,57600,425.43,339.45,342.15
25.05.21 14:16:59,342.00,342.00,342.00,342.00,150,57600,425.31,347.35,351.05
25.05.21 14:19:59,331.85,331.85,331.85,331.85,75,57675,425.25,335.15,338.25
25.05.21 14:23:59,331.85,332.80,331.50,331.50,300,57750,424.99,331.35,334.70
25.05.21 14:24:59,332.00,333.30,332.00,333.30,150,57750,424.86,323.00,327.05
25.05.21 14:25:59,325.00,326.80,325.00,326.80,300,57900,424.59,326.85,329.80
25.05.21 14:27:59,336.00,336.00,336.00,336.00,75,57900,424.53,334.60,337.85
25.05.21 14:28:59,336.00,336.00,336.00,336.00,75,57675,424.47,333.20,336.15
25.05.21 14:30:59,333.80,333.80,333.80,333.80,150,57675,424.34,339.85,343.00
25.05.21 14:32:59,354.55,363.15,354.55,358.00,450,57900,424.07,358.05,360.60
25.05.21 14:33:59,363.00,366.55,363.00,364.70,825,57900,423.62,362.05,365.85
25.05.21 14:34:59,372.75,372.75,372.75,372.75,75,57675,423.58,372.85,377.30
25.05.21 14:35:59,370.45,370.45,370.45,370.45,75,57675,423.55,370.90,374.35
25.05.21 14:38:59,371.00,375.00,371.00,375.00,150,57675,423.48,374.55,378.00
25.05.21 14:40:59,385.00,385.00,383.00,383.00,225,57600,423.40,379.25,382.70
25.05.21 14:44:59,366.30,366.30,366.30,366.30,75,56925,423.36,362.65,366.15
25.05.21 14:49:59,377.40,377.40,377.40,377.40,2400,56850,422.38,372.75,375.10
25.05.21 14:55:59,361.10,361.10,361.10,361.10,75,59250,422.34,361.15,364.15
25.05.21 14:59:59,365.00,365.00,365.00,365.00,150,59325,422.27,359.10,361.00
25.05.21 15:00:59,369.00,373.00,369.00,373.00,225,59325,422.17,371.05,373.90
25.05.21 15:01:59,367.45,371.00,367.45,371.00,150,59325,422.10,368.70,371.65
25.05.21 15:02:59,373.00,373.00,369.80,369.80,225,59325,422.00,367.45,371.55
25.05.21 15:03:59,370.00,370.00,370.00,370.00,75,59325,421.96,368.40,371.45
25.05.21 15:11:59,365.00,365.00,365.00,365.00,150,59250,421.89,363.40,365.20
25.05.21 15:12:59,367.00,370.00,367.00,370.00,600,59250,421.60,368.90,370.90
25.05.21 15:15:59,370.90,370.90,370.90,370.90,75,58950,421.57,368.40,370.90
25.05.21 15:19:59,372.00,372.00,372.00,372.00,150,58875,421.51,370.25,372.75
25.05.21 15:20:59,374.50,378.60,374.40,378.60,900,58875,421.14,374.85,378.30
25.05.21 15:21:59,376.70,380.00,376.70,380.00,150,58875,421.09,375.75,378.75
25.05.21 15:22:59,379.00,381.00,379.00,381.00,225,58875,421.01,380.15,381.95
25.05.21 15:25:59,387.00,389.05,387.00,388.00,675,58725,420.82,388.15,390.45
25.05.21 15:26:59,389.00,390.50,389.00,390.50,225,58725,420.76,389.20,390.70
25.05.21 15:28:59,390.15,390.55,388.95,388.95,375,58950,420.66,386.90,390.40
25.05.21 15:30:00,390.90,390.90,390.90,390.90,75,58950,420.64,387.80,393.90
26.05.21 09:15:59,400.00,400.00,400.00,400.00,75,58725,400.00,399.25,402.15
26.05.21 09:16:59,399.60,399.60,385.45,385.45,150,58725,395.01,388.45,393.55
26.05.21 09:17:59,390.10,390.10,386.05,386.05,150,58575,392.24,389.05,391.55
26.05.21 09:19:59,380.00,380.00,375.00,375.00,300,58575,385.68,368.00,371.50
26.05.21 09:20:59,368.15,368.15,368.15,368.15,150,58575,382.50,368.10,372.25
26.05.21 09:27:59,375.00,375.00,375.00,375.00,75,58500,381.87,377.35,380.15
26.05.21 09:29:59,373.90,373.90,373.90,373.90,75,58500,381.26,366.40,370.00
26.05.21 09:31:59,370.05,370.05,370.05,370.05,75,58500,380.46,362.90,365.90
26.05.21 09:35:59,363.85,363.85,363.85,363.85,75,58425,379.35,368.90,371.40
26.05.21 09:37:59,368.50,370.10,368.50,370.10,150,58425,378.17,368.15,370.45
26.05.21 09:38:59,374.65,374.65,374.65,374.65,75,58425,377.97,366.25,368.40
26.05.21 09:39:59,364.15,369.45,364.15,369.45,150,58425,376.86,366.50,368.90
26.05.21 09:42:59,362.85,362.85,362.85,362.85,75,58350,376.19,365.75,368.75
26.05.21 09:43:59,367.60,367.60,367.60,367.60,75,58350,375.80,367.40,370.20
26.05.21 09:46:59,371.25,371.25,371.25,371.25,75,58500,375.60,371.90,374.30
26.05.21 09:49:59,372.45,375.00,372.45,375.00,150,58425,375.45,372.95,376.65
26.05.21 09:53:59,384.00,384.00,384.00,384.00,75,58275,375.78,381.95,384.35
26.05.21 09:54:59,384.00,384.00,384.00,384.00,75,58275,376.08,381.70,383.35
26.05.21 09:55:59,382.85,382.85,382.85,382.85,75,58275,376.32,382.95,386.25
26.05.21 09:58:59,388.50,390.40,388.50,390.40,150,58350,377.20,390.05,393.90
26.05.21 09:59:59,397.45,397.45,397.45,397.45,75,58350,377.85,393.60,396.00
26.05.21 10:00:59,400.00,400.00,400.00,400.00,75,58500,378.54,393.80,396.60
26.05.21 10:01:59,393.50,393.50,393.50,393.50,300,58500,380.20,391.30,393.55
26.05.21 10:07:59,397.50,397.50,397.50,397.50,75,58800,380.67,397.05,398.85
26.05.21 10:09:59,398.65,398.65,398.00,398.00,150,58650,381.58,396.90,399.05
26.05.21 10:10:59,395.60,395.60,389.70,389.70,150,58650,382.12,390.35,392.80
26.05.21 10:19:59,401.00,401.00,401.00,401.00,75,58650,382.57,398.85,400.55
26.05.21 10:23:59,423.25,423.25,416.05,416.05,975,58650,391.26,412.55,415.85
26.05.21 10:24:59,416.00,416.00,415.70,415.70,825,59325,395.35,417.85,420.35
26.05.21 10:25:59,426.60,427.00,426.60,427.00,2400,59325,405.68,430.20,432.90
26.05.21 10:26:59,429.50,429.50,429.50,429.50,75,59325,405.92,424.70,427.70
26.05.21 10:27:59,424.55,424.55,424.55,424.55,300,58200,406.64,427.90,430.20
26.05.21 10:36:59,427.10,427.10,427.10,427.10,75,57975,406.84,427.65,429.85
26.05.21 10:39:59,437.40,437.40,437.40,437.40,75,56250,407.13,437.75,440.75
26.05.21 10:43:59,445.00,445.00,445.00,445.00,75,56250,407.49,441.60,445.20
26.05.21 10:45:59,437.25,437.25,433.50,433.50,675,56250,409.58,435.35,438.35
26.05.21 10:47:59,436.10,436.10,436.10,436.10,150,56250,410.04,437.75,440.40
26.05.21 10:48:59,437.45,437.45,437.45,437.45,75,56475,410.27,433.55,436.15
26.05.21 10:49:59,433.50,433.50,433.50,433.50,300,56475,411.03,431.60,433.55
26.05.21 10:52:59,441.55,444.60,441.55,444.60,750,56475,413.55,443.65,446.90
26.05.21 10:59:59,444.35,444.35,444.35,444.35,300,57225,414.45,447.75,451.95
26.05.21 11:04:59,453.55,454.15,452.75,452.75,2175,56850,421.34,452.20,454.90
26.05.21 11:05:59,452.75,452.75,447.65,447.65,150,56850,421.69,447.70,451.30
26.05.21 11:06:59,447.60,450.20,447.60,450.20,2025,56625,425.64,449.25,451.70
26.05.21 11:08:59,443.10,443.10,443.10,443.10,75,56625,425.73,445.60,448.65
26.05.21 11:12:59,449.40,449.40,447.95,447.95,3750,56400,430.36,445.80,448.40
26.05.21 11:25:59,447.95,447.95,446.00,446.00,150,56325,430.49,447.20,449.55
26.05.21 11:28:59,445.95,445.95,445.95,445.95,75,56250,430.56,444.15,447.25
26.05.21 11:29:59,441.85,441.85,441.85,441.85,75,56250,430.60,440.95,443.30
26.05.21 11:33:59,446.10,446.10,446.10,446.10,75,56175,430.66,445.10,448.35
26.05.21 11:34:59,445.10,445.25,445.10,445.25,225,56175,430.83,441.70,444.25
26.05.21 12:02:59,445.25,445.25,445.25,445.25,75,55950,430.89,445.65,448.45
26.05.21 12:06:59,451.65,451.65,451.65,451.65,75,55950,430.97,451.95,453.50
26.05.21 12:08:59,451.00,451.00,451.00,451.00,75,55950,431.05,450.90,453.85
26.05.21 12:16:59,454.00,454.00,454.00,454.00,75,55950,431.14,451.00,453.20
26.05.21 12:19:59,447.60,447.60,447.60,447.60,75,56025,431.20,448.60,450.55
26.05.21 12:21:59,446.10,446.10,446.10,446.10,75,56025,431.26,444.40,447.90
26.05.21 12:23:59,454.55,454.55,454.55,454.55,75,55950,431.35,450.30,453.50
26.05.21 12:28:59,463.30,463.30,463.30,463.30,375,55875,431.94,461.85,464.15
26.05.21 12:29:59,467.90,473.05,467.90,467.90,300,55875,432.49,465.45,469.15
26.05.21 12:30:59,465.05,465.05,465.05,465.05,75,55950,432.61,466.70,469.60
26.05.21 12:31:59,466.00,466.00,466.00,466.00,75,55950,432.73,461.55,463.50
26.05.21 12:32:59,464.00,464.00,464.00,464.00,75,55950,432.85,461.45,464.15
26.05.21 12:34:59,464.90,464.90,464.90,464.90,75,56025,432.97,464.15,465.90
26.05.21 12:35:59,469.05,469.05,469.05,469.05,75,56025,433.10,468.40,470.55
26.05.21 12:39:59,462.00,462.00,462.00,462.00,75,55950,433.20,459.15,461.20
26.05.21 12:47:59,448.65,448.65,448.65,448.65,75,55950,433.26,453.30,456.20
26.05.21 12:48:59,453.20,453.20,453.20,453.20,75,55950,433.33,453.35,455.45
26.05.21 12:50:59,445.95,445.95,445.95,445.95,75,55875,433.38,445.65,448.10
26.05.21 12:55:59,454.40,454.40,454.40,454.40,1125,55725,434.45,453.85,457.30
26.05.21 13:01:59,448.50,448.50,448.50,448.50,150,55275,434.55,448.55,450.65
26.05.21 13:13:59,454.50,454.50,454.50,454.50,150,55275,434.68,450.40,453.55
26.05.21 13:18:59,453.20,453.20,453.20,453.20,75,55275,434.74,456.15,458.25
26.05.21 13:29:59,461.10,461.10,461.10,461.10,450,55275,435.26,459.30,460.85
26.05.21 13:33:59,460.70,462.90,460.70,462.90,750,55275,436.11,458.15,460.85
26.05.21 13:36:59,464.95,464.95,464.95,464.95,450,54825,436.65,463.05,465.25
26.05.21 13:41:59,464.95,464.95,464.95,464.95,75,54750,436.74,464.50,466.60
26.05.21 13:43:59,442.40,443.05,432.60,443.05,525,54825,436.72,438.55,442.15
26.05.21 13:44:59,438.80,447.50,438.80,447.50,150,54825,436.76,444.50,448.40
26.05.21 14:02:59,445.15,445.15,445.15,445.15,75,54900,436.78,445.85,448.00
26.05.21 14:03:59,449.15,450.15,449.15,450.15,525,54900,437.05,451.20,453.65
26.05.21 14:05:59,457.30,457.30,457.30,457.30,450,54900,437.41,456.55,458.15
26.05.21 14:17:59,450.00,450.00,450.00,450.00,75,54900,437.44,450.65,452.75
26.05.21 14:28:59,456.00,456.00,453.90,453.90,150,54900,437.54,453.50,455.50
26.05.21 14:30:59,452.45,452.45,452.45,452.45,225,54900,437.67,451.95,455.05
26.05.21 14:32:59,458.25,458.25,458.25,458.25,150,55050,437.79,457.55,460.75
26.05.21 14:35:59,461.40,461.40,461.40,461.40,150,55050,437.92,459.95,463.25
26.05.21 14:38:59,467.80,467.80,467.80,467.80,75,55050,438.01,465.80,467.40
26.05.21 14:44:59,471.45,471.45,471.45,471.45,75,54900,438.10,472.30,474.10
26.05.21 14:51:59,464.00,464.00,464.00,464.00,75,54825,438.17,463.90,466.20
26.05.21 14:53:59,460.00,460.00,460.00,460.00,225,54900,438.36,459.05,461.35
26.05.21 14:56:59,466.80,467.80,466.80,467.80,300,55125,438.67,465.40,467.35
26.05.21 14:57:59,465.80,465.80,465.80,465.80,75,55125,438.75,462.15,465.35
26.05.21 15:01:59,452.10,452.10,450.00,450.00,150,55050,438.81,448.10,450.65
26.05.21 15:02:59,448.00,448.00,448.00,448.00,75,55050,438.84,447.15,450.30
26.05.21 15:07:59,447.00,447.00,447.00,447.00,150,55050,438.88,448.20,450.65
26.05.21 15:12:59,459.95,459.95,459.95,459.95,75,55200,438.94,459.70,461.85
26.05.21 15:16:59,459.00,459.00,459.00,459.00,75,55200,438.99,464.35,466.65
26.05.21 15:17:59,464.35,464.35,464.35,464.35,150,55200,439.13,463.90,465.60
26.05.21 15:18:59,466.90,467.30,466.90,467.30,300,55200,439.43,467.55,469.15
26.05.21 15:19:59,469.05,469.05,467.40,467.40,150,54825,439.58,463.15,465.55
26.05.21 15:20:59,464.55,464.55,461.35,461.35,525,54825,440.01,458.25,461.35
26.05.21 15:21:59,463.00,463.00,463.00,463.00,75,54825,440.07,461.25,463.40
26.05.21 15:25:59,458.25,458.25,458.25,458.25,75,54675,440.12,458.80,460.95
26.05.21 15:26:59,460.00,460.00,460.00,460.00,75,54675,440.17,459.20,461.00
27.05.21 09:15:59,462.15,462.15,462.15,462.15,75,54525,462.15,453.80,457.60
27.05.21 09:17:59,458.45,458.45,455.35,455.35,750,54525,458.69,451.00,456.40
27.05.21 09:20:59,446.00,446.00,446.00,446.00,75,54525,457.63,445.25,447.70
27.05.21 09:21:59,448.95,448.95,448.95,448.95,225,54525,455.88,446.20,448.30
27.05.21 09:23:59,453.75,453.75,453.75,453.75,150,54525,455.62,447.20,449.90
27.05.21 09:24:59,440.00,440.00,440.00,440.00,225,54750,453.28,436.65,439.75
27.05.21 09:27:59,439.75,439.75,439.65,439.75,150,54750,452.05,436.40,439.30
27.05.21 09:28:59,447.85,447.85,447.85,447.85,75,54750,451.86,443.75,446.90
27.05.21 09:29:59,447.90,447.90,447.90,447.90,150,54750,451.53,444.75,448.40
27.05.21 09:38:59,443.75,443.75,443.75,443.75,75,55125,451.23,440.75,443.40
27.05.21 09:43:59,432.95,435.00,432.95,435.00,225,55125,449.48,433.70,436.75
27.05.21 09:45:59,435.00,435.00,435.00,435.00,150,55125,448.55,434.35,436.05
27.05.21 09:49:59,445.70,445.70,445.70,445.70,150,55125,448.38,443.10,445.35
27.05.21 09:59:59,448.50,448.50,448.50,448.50,75,55275,448.38,449.25,451.05
27.05.21 10:00:59,452.90,452.90,452.90,452.90,75,55200,448.51,453.60,456.05
27.05.21 10:04:59,458.00,458.00,458.00,458.00,150,55275,449.02,458.05,460.00
27.05.21 10:06:59,458.10,458.10,458.10,458.10,75,55275,449.26,458.40,460.45
27.05.21 10:17:59,458.00,458.00,458.00,458.00,75,55200,449.48,455.65,458.25
27.05.21 10:19:59,457.95,457.95,457.95,457.95,75,55275,449.70,460.90,463.35
27.05.21 10:21:59,465.00,465.00,465.00,465.00,75,55200,450.07,459.90,462.40
27.05.21 10:22:59,457.55,457.55,457.55,457.55,150,55200,450.42,458.65,460.00
27.05.21 10:23:59,460.00,460.00,460.00,460.00,150,55200,450.85,459.30,462.25
27.05.21 10:24:59,459.55,459.55,459.55,459.55,75,54975,451.03,460.70,462.45
27.05.21 10:41:59,450.00,450.00,447.80,447.80,225,54825,450.88,447.55,450.20
27.05.21 11:00:59,475.85,475.85,475.85,475.85,150,54675,451.86,473.40,475.35
27.05.21 11:01:59,472.25,474.45,472.25,474.45,150,54675,452.67,472.35,475.35
27.05.21 11:02:59,473.60,473.60,473.60,473.60,75,54675,453.06,472.65,475.80
27.05.21 11:05:59,477.00,477.00,477.00,477.00,75,54600,453.49,470.65,474.10
27.05.21 11:07:59,477.50,477.50,477.50,477.50,75,54675,453.92,477.10,479.25
27.05.21 11:14:59,477.90,477.90,477.90,477.90,75,54600,454.34,475.70,477.70
27.05.21 11:25:59,485.90,491.00,485.90,491.00,375,54675,456.97,491.55,494.35
27.05.21 11:27:59,498.95,498.95,495.00,495.00,150,54675,458.22,493.40,496.15
27.05.21 11:29:59,498.75,498.75,498.75,498.75,75,54675,458.84,496.25,499.40
27.05.21 11:30:59,501.55,501.55,498.80,498.80,150,54675,460.08,493.75,498.50
27.05.21 11:31:59,496.55,496.55,496.35,496.35,150,54675,461.13,497.25,498.45
27.05.21 11:32:59,499.85,499.85,499.85,499.85,150,54675,462.22,503.40,506.45
27.05.21 11:35:59,509.95,509.95,509.95,509.95,75,54450,462.88,504.30,506.90
27.05.21 11:37:59,505.00,505.00,505.00,505.00,75,54450,463.46,502.35,504.80
27.05.21 11:45:59,501.65,501.65,501.65,501.65,150,54375,464.48,502.55,505.75
27.05.21 11:47:59,507.30,507.30,507.30,507.30,75,54375,465.04,504.30,507.40
27.05.21 11:49:59,512.50,512.50,512.50,512.50,75,54225,465.66,510.20,512.90
27.05.21 11:53:59,511.75,511.95,511.75,511.95,150,54225,466.83,510.90,512.45
27.05.21 11:54:59,509.75,511.30,509.75,511.00,300,54225,468.94,510.00,515.25
27.05.21 11:56:59,508.25,508.25,508.25,508.25,75,54225,469.41,504.80,506.85
27.05.21 12:02:59,507.10,507.10,507.10,507.10,75,54150,469.85,508.60,511.85
27.05.21 12:07:59,511.95,511.95,511.95,511.95,75,54225,470.34,509.00,510.95
27.05.21 12:09:59,508.75,508.75,508.55,508.55,150,54150,471.21,506.40,508.45
27.05.21 12:18:59,491.00,491.00,490.00,490.00,150,54150,471.64,490.70,493.90
27.05.21 12:20:59,500.55,500.55,500.55,500.55,150,54075,472.26,496.20,498.90
27.05.21 12:21:59,499.65,499.65,499.65,499.65,150,54225,472.85,496.25,499.00
27.05.21 12:22:59,497.20,497.20,497.20,497.20,150,54225,473.35,494.55,496.65
27.05.21 12:23:59,496.25,496.25,496.25,496.25,150,54225,473.82,494.75,496.95
27.05.21 12:29:59,491.45,491.45,491.45,491.45,225,54150,474.34,489.15,491.30
27.05.21 12:30:59,489.25,496.00,489.25,496.00,300,54150,474.97,494.50,497.10
27.05.21 12:32:59,496.00,496.00,496.00,496.00,150,54150,475.37,496.20,499.20
27.05.21 12:35:59,502.25,502.25,502.25,502.25,225,54375,476.10,499.30,501.15
27.05.21 12:39:59,497.00,497.00,497.00,497.00,75,54375,476.29,497.15,498.75
27.05.21 12:42:59,490.00,490.00,490.00,490.00,75,54300,476.41,486.25,489.10
27.05.21 12:43:59,489.20,489.20,489.20,489.20,525,54150,477.16,489.45,491.95
27.05.21 12:52:59,497.35,497.35,497.35,497.35,225,54150,477.66,495.60,497.30
27.05.21 12:59:59,496.55,496.55,496.55,496.55,300,54150,478.25,495.55,496.80
27.05.21 13:04:59,505.00,505.75,505.00,505.75,300,54150,479.09,504.40,505.75
27.05.21 13:07:59,507.75,507.75,507.75,507.75,225,54000,479.74,503.95,508.20
27.05.21 13:08:59,509.10,509.10,509.10,509.10,375,54000,480.79,505.65,507.70
27.05.21 13:10:59,505.00,505.00,505.00,505.00,375,54000,481.64,502.25,504.05
27.05.21 13:11:59,504.50,504.50,504.50,504.50,225,54000,482.11,502.75,504.95
27.05.21 13:12:59,505.00,505.00,505.00,505.00,75,54000,482.26,504.10,506.60
27.05.21 13:13:59,507.45,507.60,506.40,507.60,375,54000,483.09,505.70,507.60
27.05.21 13:14:59,507.45,507.45,504.40,504.40,300,54000,483.69,502.25,504.40
27.05.21 13:20:59,497.00,497.00,497.00,497.00,75,54000,483.78,495.50,497.50
27.05.21 13:28:59,506.80,506.80,506.80,506.80,75,53925,483.92,505.35,507.55
27.05.21 13:33:59,510.45,510.45,510.45,510.45,75,53925,484.09,512.80,517.75
27.05.21 13:34:59,514.10,514.10,514.10,514.10,75,53925,484.28,513.00,515.10
27.05.21 13:36:59,506.80,506.80,506.80,506.80,75,53925,484.42,502.30,504.75
27.05.21 13:54:59,499.10,499.10,499.10,499.10,75,53925,484.51,501.65,504.50
27.05.21 13:57:59,503.00,503.00,503.00,503.00,225,53850,484.84,501.05,503.80
27.05.21 14:06:59,502.70,502.70,502.70,502.70,75,53625,484.95,499.10,501.55
27.05.21 14:08:59,494.00,494.00,494.00,494.00,75,53625,485.01,492.00,495.00
27.05.21 14:09:59,486.10,486.10,481.10,481.10,525,53700,484.93,477.70,480.25
27.05.21 14:11:59,470.00,470.00,467.15,467.15,225,53700,484.65,465.50,468.35
27.05.21 14:15:59,450.00,450.00,448.80,450.00,750,53700,482.79,454.65,457.65
27.05.21 14:16:59,457.25,466.25,457.25,466.25,150,53100,482.57,464.00,466.65
27.05.21 14:18:59,448.00,448.00,448.00,448.00,75,53100,482.38,455.85,458.40
27.05.21 14:19:59,451.00,451.00,451.00,451.00,75,53025,482.22,454.30,457.25
27.05.21 14:20:59,447.95,447.95,447.95,447.95,75,53025,482.04,453.85,456.65
27.05.21 14:22:59,461.40,461.40,461.40,461.40,75,53025,481.93,463.80,466.30
27.05.21 14:23:59,466.50,467.90,465.90,467.85,1200,53025,480.79,467.95,469.45
27.05.21 14:24:59,467.85,467.85,465.00,465.00,300,53025,480.52,454.00,456.55
27.05.21 14:26:59,454.15,454.15,454.15,454.15,300,53250,480.03,453.15,455.20
27.05.21 14:31:59,449.50,450.80,448.85,449.65,1125,53175,478.06,447.75,450.85
27.05.21 14:32:59,446.00,446.00,430.00,430.00,150,53175,477.72,429.55,432.05
27.05.21 14:33:59,431.15,436.25,431.15,434.30,900,53175,475.60,430.75,433.45
27.05.21 14:35:59,440.55,440.55,440.55,440.55,150,51300,475.31,439.70,442.40
27.05.21 14:37:59,445.00,445.00,445.00,445.00,75,51300,475.19,443.10,445.10
27.05.21 14:38:59,440.55,440.55,440.55,440.55,75,51300,475.05,440.20,442.65
27.05.21 14:42:59,451.05,451.35,451.05,451.20,600,51225,474.31,449.55,451.60
27.05.21 14:43:59,451.45,460.20,451.00,460.20,300,51375,473.99,459.95,461.90
27.05.21 14:44:59,470.00,470.85,467.05,467.05,825,51375,473.81,462.65,464.65
27.05.21 14:45:59,464.15,469.80,464.15,469.80,375,51375,473.67,466.50,469.00
27.05.21 14:46:59,469.40,469.40,467.00,468.25,525,51225,473.52,465.15,467.55
27.05.21 14:47:59,464.20,464.20,464.20,464.20,75,51225,473.49,460.35,463.15
27.05.21 14:49:59,462.15,462.15,462.15,462.15,150,51150,473.41,458.85,460.75
27.05.21 14:50:59,458.80,458.80,458.80,458.80,75,51150,473.36,454.20,456.75
27.05.21 14:52:59,462.50,462.50,462.50,462.50,75,51300,473.32,460.90,463.10
27.05.21 14:56:59,450.00,452.10,450.00,452.10,150,51525,473.17,451.80,453.75
27.05.21 14:58:59,454.25,454.25,452.00,452.95,600,51600,472.64,450.35,452.30
27.05.21 15:00:59,464.10,464.10,464.10,464.10,75,51600,472.61,477.70,480.05
27.05.21 15:01:59,479.70,479.70,479.70,479.70,75,51000,472.64,476.80,479.65
27.05.21 15:02:59,480.05,482.00,480.05,482.00,1275,51000,473.09,483.10,485.70
27.05.21 15:03:59,483.05,487.70,483.05,487.70,1200,51000,473.68,485.15,486.80
27.05.21 15:04:59,489.05,489.05,483.05,483.60,525,50475,473.92,478.95,481.85
27.05.21 15:06:59,487.00,487.00,487.00,487.00,75,50475,473.95,484.40,486.95
27.05.21 15:07:59,485.20,485.20,485.20,485.20,225,50475,474.05,484.95,487.65
27.05.21 15:08:59,487.20,488.45,487.20,488.45,375,50475,474.24,485.00,486.60
27.05.21 15:09:59,485.00,485.00,483.55,483.55,150,50475,474.30,480.95,483.05
27.05.21 15:11:59,480.00,480.00,479.85,479.85,300,50625,474.36,479.55,482.15
27.05.21 15:13:59,482.95,482.95,482.95,482.95,3975,50700,475.76,480.25,482.35
27.05.21 15:14:59,480.20,481.75,480.20,481.75,150,50700,475.79,482.45,483.85
27.05.21 15:15:59,484.25,484.25,484.25,484.25,75,50700,475.81,484.35,485.35
27.05.21 15:16:59,485.25,485.25,485.25,485.25,75,50700,475.83,483.40,485.10
27.05.21 15:17:59,485.30,485.30,485.30,485.30,75,50175,475.85,483.95,485.35
27.05.21 15:18:59,485.35,487.45,485.35,487.45,675,50175,476.06,485.70,487.55
27.05.21 15:19:59,487.00,488.30,487.00,488.30,150,50175,476.11,486.70,488.70
27.05.21 15:20:59,488.90,489.05,488.90,489.05,300,50175,476.23,488.65,489.90
27.05.21 15:21:59,489.70,489.70,489.70,489.70,375,50175,476.39,489.55,491.10
27.05.21 15:22:59,489.15,490.20,489.00,490.20,525,50175,476.59,489.25,490.65
27.05.21 15:23:59,489.35,489.70,489.35,489.70,450,50175,476.76,488.50,489.85
27.05.21 15:24:59,488.50,489.95,487.80,489.90,450,50175,476.93,487.60,489.80
27.05.21 15:25:59,486.95,486.95,486.95,486.95,75,49950,476.95,488.20,490.15
27.05.21 15:27:59,490.00,491.50,490.00,491.50,1500,49950,477.54,490.65,492.25
27.05.21 15:28:59,491.20,491.20,491.20,491.20,675,49800,477.80,488.90,491.35
27.05.21 15:30:00,491.15,491.15,491.15,491.15,150,49800,477.85,487.25,491.30
